Date,,Four Mile Run Pyro 04,Four Mile Run Pyro OUT,Four Mile Run Pyro IN
01/01/2012,00:00,0,0,0
01/01/2012,00:15,0,0,0
01/01/2012,00:30,1,1,0
01/01/2012,00:45,4,1,3
01/01/2012,01:00,0,0,0
01/01/2012,01:15,4,1,3
01/01/2012,01:30,1,1,0
01/01/2012,01:45,0,0,0
01/01/2012,02:00,0,0,0
01/01/2012,02:15,0,0,0
01/01/2012,02:30,0,0,0
01/01/2012,02:45,1,0,1
01/01/2012,03:00,96,28,68
01/01/2012,03:15,1,0,1
01/01/2012,03:30,0,0,0
01/01/2012,03:45,1,1,0
01/01/2012,04:00,1,1,0
01/01/2012,04:15,1,0,1
01/01/2012,04:30,0,0,0
01/01/2012,04:45,0,0,0
01/01/2012,05:00,1,0,1
01/01/2012,05:15,1,1,0
01/01/2012,05:30,0,0,0
01/01/2012,05:45,0,0,0
01/01/2012,06:00,0,0,0
01/01/2012,06:15,0,0,0
01/01/2012,06:30,2,2,0
01/01/2012,06:45,0,0,0
01/01/2012,07:00,3,1,2
01/01/2012,07:15,3,2,1
01/01/2012,07:30,0,0,0
01/01/2012,07:45,5,0,5
01/01/2012,08:00,4,4,0
01/01/2012,08:15,4,4,0
01/01/2012,08:30,10,5,5
01/01/2012,08:45,3,0,3
01/01/2012,09:00,8,3,5
01/01/2012,09:15,15,9,6
01/01/2012,09:30,3,2,1
01/01/2012,09:45,6,3,3
01/01/2012,10:00,8,6,2
01/01/2012,10:15,19,10,9
01/01/2012,10:30,15,8,7
01/01/2012,10:45,16,5,11
01/01/2012,11:00,22,13,9
01/01/2012,11:15,16,7,9
01/01/2012,11:30,16,10,6
01/01/2012,11:45,23,17,6
01/01/2012,12:00,15,8,7
01/01/2012,12:15,30,18,12
01/01/2012,12:30,20,8,12
01/01/2012,12:45,34,17,17
01/01/2012,13:00,33,17,16
01/01/2012,13:15,22,14,8
01/01/2012,13:30,42,24,18
01/01/2012,13:45,44,15,29
01/01/2012,14:00,40,18,22
01/01/2012,14:15,27,17,10
01/01/2012,14:30,38,23,15
01/01/2012,14:45,43,18,25
01/01/2012,15:00,50,32,18
01/01/2012,15:15,31,16,15
01/01/2012,15:30,25,11,14
01/01/2012,15:45,30,14,16
01/01/2012,16:00,33,15,18
01/01/2012,16:15,19,10,9
01/01/2012,16:30,19,11,8
01/01/2012,16:45,10,3,7
01/01/2012,17:00,3,2,1
01/01/2012,17:15,2,2,0
01/01/2012,17:30,1,1,0
01/01/2012,17:45,1,0,1
01/01/2012,18:00,1,0,1
01/01/2012,18:15,2,1,1
01/01/2012,18:30,0,0,0
01/01/2012,18:45,3,1,2
01/01/2012,19:00,0,0,0
01/01/2012,19:15,1,1,0
01/01/2012,19:30,1,1,0
01/01/2012,19:45,2,0,2
01/01/2012,20:00,1,0,1
01/01/2012,20:15,1,1,0
01/01/2012,20:30,1,1,0
01/01/2012,20:45,0,0,0
01/01/2012,21:00,1,1,0
01/01/2012,21:15,0,0,0
01/01/2012,21:30,1,1,0
01/01/2012,21:45,1,0,1
01/01/2012,22:00,0,0,0
01/01/2012,22:15,3,1,2
01/01/2012,22:30,2,1,1
01/01/2012,22:45,1,0,1
01/01/2012,23:00,0,0,0
01/01/2012,23:15,0,0,0
01/01/2012,23:30,0,0,0
01/01/2012,23:45,0,0,0
02/01/2012,00:00,1,0,1
02/01/2012,00:15,1,1,0
02/01/2012,00:30,0,0,0
02/01/2012,00:45,0,0,0
02/01/2012,01:00,0,0,0
02/01/2012,01:15,0,0,0
02/01/2012,01:30,1,1,0
02/01/2012,01:45,0,0,0
02/01/2012,02:00,0,0,0
02/01/2012,02:15,0,0,0
02/01/2012,02:30,0,0,0
02/01/2012,02:45,0,0,0
02/01/2012,03:00,70,13,57
02/01/2012,03:15,0,0,0
02/01/2012,03:30,0,0,0
02/01/2012,03:45,0,0,0
02/01/2012,04:00,1,1,0
02/01/2012,04:15,1,0,1
02/01/2012,04:30,0,0,0
02/01/2012,04:45,1,0,1
02/01/2012,05:00,2,1,1
02/01/2012,05:15,0,0,0
02/01/2012,05:30,0,0,0
02/01/2012,05:45,0,0,0
02/01/2012,06:00,0,0,0
02/01/2012,06:15,1,0,1
02/01/2012,06:30,2,1,1
02/01/2012,06:45,2,1,1
02/01/2012,07:00,3,3,0
02/01/2012,07:15,6,4,2
02/01/2012,07:30,4,3,1
02/01/2012,07:45,4,3,1
02/01/2012,08:00,7,5,2
02/01/2012,08:15,8,6,2
02/01/2012,08:30,11,7,4
02/01/2012,08:45,8,3,5
02/01/2012,09:00,12,6,6
02/01/2012,09:15,12,5,7
02/01/2012,09:30,12,10,2
02/01/2012,09:45,11,3,8
02/01/2012,10:00,8,2,6
02/01/2012,10:15,11,5,6
02/01/2012,10:30,12,5,7
02/01/2012,10:45,14,5,9
02/01/2012,11:00,10,3,7
02/01/2012,11:15,11,2,9
02/01/2012,11:30,7,3,4
02/01/2012,11:45,12,7,5
02/01/2012,12:00,7,4,3
02/01/2012,12:15,7,3,4
02/01/2012,12:30,14,2,12
02/01/2012,12:45,12,3,9
02/01/2012,13:00,13,5,8
02/01/2012,13:15,13,3,10
02/01/2012,13:30,16,6,10
02/01/2012,13:45,12,5,7
02/01/2012,14:00,7,2,5
02/01/2012,14:15,10,5,5
02/01/2012,14:30,13,5,8
02/01/2012,14:45,13,6,7
02/01/2012,15:00,12,6,6
02/01/2012,15:15,13,4,9
02/01/2012,15:30,11,6,5
02/01/2012,15:45,22,10,12
02/01/2012,16:00,4,3,1
02/01/2012,16:15,10,3,7
02/01/2012,16:30,10,2,8
02/01/2012,16:45,10,3,7
02/01/2012,17:00,3,2,1
02/01/2012,17:15,15,5,10
02/01/2012,17:30,5,2,3
02/01/2012,17:45,3,1,2
02/01/2012,18:00,1,1,0
02/01/2012,18:15,2,2,0
02/01/2012,18:30,1,1,0
02/01/2012,18:45,5,2,3
02/01/2012,19:00,1,0,1
02/01/2012,19:15,2,2,0
02/01/2012,19:30,3,2,1
02/01/2012,19:45,3,0,3
02/01/2012,20:00,2,1,1
02/01/2012,20:15,3,2,1
02/01/2012,20:30,1,1,0
02/01/2012,20:45,1,0,1
02/01/2012,21:00,0,0,0
02/01/2012,21:15,1,0,1
02/01/2012,21:30,2,2,0
02/01/2012,21:45,3,0,3
02/01/2012,22:00,0,0,0
02/01/2012,22:15,0,0,0
02/01/2012,22:30,1,0,1
02/01/2012,22:45,1,1,0
02/01/2012,23:00,1,1,0
02/01/2012,23:15,3,1,2
02/01/2012,23:30,0,0,0
02/01/2012,23:45,0,0,0
03/01/2012,00:00,1,1,0
03/01/2012,00:15,0,0,0
03/01/2012,00:30,0,0,0
03/01/2012,00:45,0,0,0
03/01/2012,01:00,0,0,0
03/01/2012,01:15,0,0,0
03/01/2012,01:30,0,0,0
03/01/2012,01:45,0,0,0
03/01/2012,02:00,0,0,0
03/01/2012,02:15,0,0,0
03/01/2012,02:30,1,1,0
03/01/2012,02:45,0,0,0
03/01/2012,03:00,96,14,82
03/01/2012,03:15,1,1,0
03/01/2012,03:30,0,0,0
03/01/2012,03:45,2,2,0
03/01/2012,04:00,1,1,0
03/01/2012,04:15,3,2,1
03/01/2012,04:30,0,0,0
03/01/2012,04:45,1,0,1
03/01/2012,05:00,1,0,1
03/01/2012,05:15,2,2,0
03/01/2012,05:30,4,2,2
03/01/2012,05:45,6,1,5
03/01/2012,06:00,3,2,1
03/01/2012,06:15,0,0,0
03/01/2012,06:30,12,2,10
03/01/2012,06:45,6,3,3
03/01/2012,07:00,8,6,2
03/01/2012,07:15,10,5,5
03/01/2012,07:30,12,5,7
03/01/2012,07:45,15,6,9
03/01/2012,08:00,14,9,5
03/01/2012,08:15,17,6,11
03/01/2012,08:30,4,0,4
03/01/2012,08:45,15,7,8
03/01/2012,09:00,12,5,7
03/01/2012,09:15,4,3,1
03/01/2012,09:30,4,3,1
03/01/2012,09:45,4,1,3
03/01/2012,10:00,4,2,2
03/01/2012,10:15,3,2,1
03/01/2012,10:30,7,0,7
03/01/2012,10:45,0,0,0
03/01/2012,11:00,1,1,0
03/01/2012,11:15,4,0,4
03/01/2012,11:30,1,0,1
03/01/2012,11:45,3,1,2
03/01/2012,12:00,3,0,3
03/01/2012,12:15,5,0,5
03/01/2012,12:30,1,0,1
03/01/2012,12:45,5,2,3
03/01/2012,13:00,2,0,2
03/01/2012,13:15,5,1,4
03/01/2012,13:30,2,2,0
03/01/2012,13:45,5,3,2
03/01/2012,14:00,4,1,3
03/01/2012,14:15,5,1,4
03/01/2012,14:30,2,0,2
03/01/2012,14:45,9,2,7
03/01/2012,15:00,4,1,3
03/01/2012,15:15,5,2,3
03/01/2012,15:30,4,3,1
03/01/2012,15:45,1,0,1
03/01/2012,16:00,9,4,5
03/01/2012,16:15,7,4,3
03/01/2012,16:30,4,2,2
03/01/2012,16:45,9,5,4
03/01/2012,17:00,11,5,6
03/01/2012,17:15,5,4,1
03/01/2012,17:30,8,5,3
03/01/2012,17:45,9,4,5
03/01/2012,18:00,9,6,3
03/01/2012,18:15,12,4,8
03/01/2012,18:30,9,5,4
03/01/2012,18:45,7,6,1
03/01/2012,19:00,8,7,1
03/01/2012,19:15,3,1,2
03/01/2012,19:30,2,2,0
03/01/2012,19:45,5,2,3
03/01/2012,20:00,4,1,3
03/01/2012,20:15,2,2,0
03/01/2012,20:30,1,1,0
03/01/2012,20:45,4,2,2
03/01/2012,21:00,1,1,0
03/01/2012,21:15,0,0,0
03/01/2012,21:30,0,0,0
03/01/2012,21:45,0,0,0
03/01/2012,22:00,0,0,0
03/01/2012,22:15,0,0,0
03/01/2012,22:30,0,0,0
03/01/2012,22:45,0,0,0
03/01/2012,23:00,0,0,0
03/01/2012,23:15,2,1,1
03/01/2012,23:30,0,0,0
03/01/2012,23:45,0,0,0
04/01/2012,00:00,0,0,0
04/01/2012,00:15,0,0,0
04/01/2012,00:30,0,0,0
04/01/2012,00:45,1,0,1
04/01/2012,01:00,0,0,0
04/01/2012,01:15,0,0,0
04/01/2012,01:30,0,0,0
04/01/2012,01:45,0,0,0
04/01/2012,02:00,0,0,0
04/01/2012,02:15,1,1,0
04/01/2012,02:30,0,0,0
04/01/2012,02:45,0,0,0
04/01/2012,03:00,69,6,63
04/01/2012,03:15,0,0,0
04/01/2012,03:30,0,0,0
04/01/2012,03:45,1,1,0
04/01/2012,04:00,0,0,0
04/01/2012,04:15,2,1,1
04/01/2012,04:30,1,1,0
04/01/2012,04:45,0,0,0
04/01/2012,05:00,0,0,0
04/01/2012,05:15,0,0,0
04/01/2012,05:30,3,2,1
04/01/2012,05:45,5,1,4
04/01/2012,06:00,2,1,1
04/01/2012,06:15,3,2,1
04/01/2012,06:30,7,5,2
04/01/2012,06:45,6,3,3
04/01/2012,07:00,9,2,7
04/01/2012,07:15,8,4,4
04/01/2012,07:30,9,4,5
04/01/2012,07:45,14,9,5
04/01/2012,08:00,7,4,3
04/01/2012,08:15,12,4,8
04/01/2012,08:30,9,6,3
04/01/2012,08:45,8,2,6
04/01/2012,09:00,3,1,2
04/01/2012,09:15,4,2,2
04/01/2012,09:30,5,4,1
04/01/2012,09:45,4,2,2
04/01/2012,10:00,6,6,0
04/01/2012,10:15,7,5,2
04/01/2012,10:30,3,1,2
04/01/2012,10:45,5,1,4
04/01/2012,11:00,3,2,1
04/01/2012,11:15,4,2,2
04/01/2012,11:30,2,1,1
04/01/2012,11:45,6,3,3
04/01/2012,12:00,4,1,3
04/01/2012,12:15,3,0,3
04/01/2012,12:30,6,0,6
04/01/2012,12:45,5,2,3
04/01/2012,13:00,5,1,4
04/01/2012,13:15,6,2,4
04/01/2012,13:30,3,2,1
04/01/2012,13:45,3,2,1
04/01/2012,14:00,6,1,5
04/01/2012,14:15,6,1,5
04/01/2012,14:30,4,1,3
04/01/2012,14:45,4,0,4
04/01/2012,15:00,4,1,3
04/01/2012,15:15,5,1,4
04/01/2012,15:30,9,6,3
04/01/2012,15:45,2,1,1
04/01/2012,16:00,6,2,4
04/01/2012,16:15,8,3,5
04/01/2012,16:30,7,3,4
04/01/2012,16:45,12,4,8
04/01/2012,17:00,6,3,3
04/01/2012,17:15,9,4,5
04/01/2012,17:30,9,5,4
04/01/2012,17:45,11,8,3
04/01/2012,18:00,10,3,7
04/01/2012,18:15,5,3,2
04/01/2012,18:30,7,4,3
04/01/2012,18:45,7,3,4
04/01/2012,19:00,6,3,3
04/01/2012,19:15,3,3,0
04/01/2012,19:30,9,7,2
04/01/2012,19:45,2,0,2
04/01/2012,20:00,0,0,0
04/01/2012,20:15,2,1,1
04/01/2012,20:30,1,0,1
04/01/2012,20:45,0,0,0
04/01/2012,21:00,0,0,0
04/01/2012,21:15,1,1,0
04/01/2012,21:30,0,0,0
04/01/2012,21:45,0,0,0
04/01/2012,22:00,0,0,0
04/01/2012,22:15,1,0,1
04/01/2012,22:30,2,1,1
04/01/2012,22:45,0,0,0
04/01/2012,23:00,1,1,0
04/01/2012,23:15,0,0,0
04/01/2012,23:30,1,0,1
04/01/2012,23:45,0,0,0
05/01/2012,00:00,0,0,0
05/01/2012,00:15,0,0,0
05/01/2012,00:30,0,0,0
05/01/2012,00:45,0,0,0
05/01/2012,01:00,0,0,0
05/01/2012,01:15,0,0,0
05/01/2012,01:30,0,0,0
05/01/2012,01:45,0,0,0
05/01/2012,02:00,1,1,0
05/01/2012,02:15,0,0,0
05/01/2012,02:30,0,0,0
05/01/2012,02:45,2,2,0
05/01/2012,03:00,95,14,81
05/01/2012,03:15,0,0,0
05/01/2012,03:30,0,0,0
05/01/2012,03:45,0,0,0
05/01/2012,04:00,1,1,0
05/01/2012,04:15,0,0,0
05/01/2012,04:30,2,1,1
05/01/2012,04:45,1,0,1
05/01/2012,05:00,0,0,0
05/01/2012,05:15,3,3,0
05/01/2012,05:30,3,1,2
05/01/2012,05:45,3,1,2
05/01/2012,06:00,2,1,1
05/01/2012,06:15,5,2,3
05/01/2012,06:30,7,3,4
05/01/2012,06:45,8,4,4
05/01/2012,07:00,7,3,4
05/01/2012,07:15,12,4,8
05/01/2012,07:30,15,6,9
05/01/2012,07:45,15,5,10
05/01/2012,08:00,13,6,7
05/01/2012,08:15,13,4,9
05/01/2012,08:30,11,5,6
05/01/2012,08:45,10,4,6
05/01/2012,09:00,7,6,1
05/01/2012,09:15,6,4,2
05/01/2012,09:30,5,3,2
05/01/2012,09:45,6,3,3
05/01/2012,10:00,2,2,0
05/01/2012,10:15,4,2,2
05/01/2012,10:30,1,1,0
05/01/2012,10:45,4,3,1
05/01/2012,11:00,7,1,6
05/01/2012,11:15,7,5,2
05/01/2012,11:30,9,4,5
05/01/2012,11:45,5,2,3
05/01/2012,12:00,4,3,1
05/01/2012,12:15,5,1,4
05/01/2012,12:30,10,1,9
05/01/2012,12:45,7,2,5
05/01/2012,13:00,11,5,6
05/01/2012,13:15,10,4,6
05/01/2012,13:30,1,1,0
05/01/2012,13:45,8,5,3
05/01/2012,14:00,7,3,4
05/01/2012,14:15,4,3,1
05/01/2012,14:30,3,2,1
05/01/2012,14:45,5,2,3
05/01/2012,15:00,9,3,6
05/01/2012,15:15,14,5,9
05/01/2012,15:30,16,8,8
05/01/2012,15:45,38,15,23
05/01/2012,16:00,19,7,12
05/01/2012,16:15,9,4,5
05/01/2012,16:30,17,10,7
05/01/2012,16:45,23,8,15
05/01/2012,17:00,15,7,8
05/01/2012,17:15,8,3,5
05/01/2012,17:30,9,6,3
05/01/2012,17:45,6,3,3
05/01/2012,18:00,12,8,4
05/01/2012,18:15,14,9,5
05/01/2012,18:30,15,9,6
05/01/2012,18:45,12,6,6
05/01/2012,19:00,12,5,7
05/01/2012,19:15,7,3,4
05/01/2012,19:30,8,3,5
05/01/2012,19:45,7,7,0
05/01/2012,20:00,1,0,1
05/01/2012,20:15,2,2,0
05/01/2012,20:30,3,2,1
05/01/2012,20:45,0,0,0
05/01/2012,21:00,3,1,2
05/01/2012,21:15,2,1,1
05/01/2012,21:30,0,0,0
05/01/2012,21:45,2,1,1
05/01/2012,22:00,0,0,0
05/01/2012,22:15,1,1,0
05/01/2012,22:30,0,0,0
05/01/2012,22:45,3,1,2
05/01/2012,23:00,1,0,1
05/01/2012,23:15,4,1,3
05/01/2012,23:30,0,0,0
05/01/2012,23:45,2,2,0
06/01/2012,00:00,1,0,1
06/01/2012,00:15,0,0,0
06/01/2012,00:30,0,0,0
06/01/2012,00:45,0,0,0
06/01/2012,01:00,0,0,0
06/01/2012,01:15,0,0,0
06/01/2012,01:30,0,0,0
06/01/2012,01:45,0,0,0
06/01/2012,02:00,0,0,0
06/01/2012,02:15,0,0,0
06/01/2012,02:30,0,0,0
06/01/2012,02:45,0,0,0
06/01/2012,03:00,74,23,51
06/01/2012,03:15,0,0,0
06/01/2012,03:30,1,1,0
06/01/2012,03:45,1,1,0
06/01/2012,04:00,2,2,0
06/01/2012,04:15,0,0,0
06/01/2012,04:30,0,0,0
06/01/2012,04:45,1,0,1
06/01/2012,05:00,3,1,2
06/01/2012,05:15,2,2,0
06/01/2012,05:30,5,3,2
06/01/2012,05:45,5,1,4
06/01/2012,06:00,2,1,1
06/01/2012,06:15,5,4,1
06/01/2012,06:30,10,3,7
06/01/2012,06:45,6,3,3
06/01/2012,07:00,8,3,5
06/01/2012,07:15,22,8,14
06/01/2012,07:30,13,5,8
06/01/2012,07:45,25,9,16
06/01/2012,08:00,13,5,8
06/01/2012,08:15,22,11,11
06/01/2012,08:30,10,6,4
06/01/2012,08:45,15,8,7
06/01/2012,09:00,5,2,3
06/01/2012,09:15,10,4,6
06/01/2012,09:30,10,7,3
06/01/2012,09:45,8,6,2
06/01/2012,10:00,7,4,3
06/01/2012,10:15,5,2,3
06/01/2012,10:30,3,1,2
06/01/2012,10:45,8,2,6
06/01/2012,11:00,3,1,2
06/01/2012,11:15,8,4,4
06/01/2012,11:30,7,4,3
06/01/2012,11:45,4,4,0
06/01/2012,12:00,15,10,5
06/01/2012,12:15,13,9,4
06/01/2012,12:30,20,15,5
06/01/2012,12:45,18,12,6
06/01/2012,13:00,24,12,12
06/01/2012,13:15,18,12,6
06/01/2012,13:30,16,10,6
06/01/2012,13:45,15,9,6
06/01/2012,14:00,12,6,6
06/01/2012,14:15,23,11,12
06/01/2012,14:30,21,8,13
06/01/2012,14:45,24,13,11
06/01/2012,15:00,14,6,8
06/01/2012,15:15,21,8,13
06/01/2012,15:30,15,8,7
06/01/2012,15:45,28,15,13
06/01/2012,16:00,32,12,20
06/01/2012,16:15,25,7,18
06/01/2012,16:30,27,13,14
06/01/2012,16:45,29,21,8
06/01/2012,17:00,29,17,12
06/01/2012,17:15,20,10,10
06/01/2012,17:30,17,9,8
06/01/2012,17:45,22,13,9
06/01/2012,18:00,14,4,10
06/01/2012,18:15,13,5,8
06/01/2012,18:30,16,9,7
06/01/2012,18:45,8,7,1
06/01/2012,19:00,5,3,2
06/01/2012,19:15,6,5,1
06/01/2012,19:30,7,5,2
06/01/2012,19:45,1,1,0
06/01/2012,20:00,0,0,0
06/01/2012,20:15,5,2,3
06/01/2012,20:30,1,1,0
06/01/2012,20:45,0,0,0
06/01/2012,21:00,0,0,0
06/01/2012,21:15,3,2,1
06/01/2012,21:30,2,1,1
06/01/2012,21:45,5,2,3
06/01/2012,22:00,1,1,0
06/01/2012,22:15,2,1,1
06/01/2012,22:30,3,2,1
06/01/2012,22:45,0,0,0
06/01/2012,23:00,0,0,0
06/01/2012,23:15,0,0,0
06/01/2012,23:30,1,0,1
06/01/2012,23:45,0,0,0
07/01/2012,00:00,0,0,0
07/01/2012,00:15,0,0,0
07/01/2012,00:30,0,0,0
07/01/2012,00:45,0,0,0
07/01/2012,01:00,1,0,1
07/01/2012,01:15,0,0,0
07/01/2012,01:30,0,0,0
07/01/2012,01:45,1,1,0
07/01/2012,02:00,0,0,0
07/01/2012,02:15,0,0,0
07/01/2012,02:30,0,0,0
07/01/2012,02:45,0,0,0
07/01/2012,03:00,121,29,92
07/01/2012,03:15,0,0,0
07/01/2012,03:30,2,1,1
07/01/2012,03:45,1,0,1
07/01/2012,04:00,0,0,0
07/01/2012,04:15,1,1,0
07/01/2012,04:30,0,0,0
07/01/2012,04:45,1,1,0
07/01/2012,05:00,1,1,0
07/01/2012,05:15,0,0,0
07/01/2012,05:30,1,1,0
07/01/2012,05:45,2,0,2
07/01/2012,06:00,3,3,0
07/01/2012,06:15,1,1,0
07/01/2012,06:30,5,3,2
07/01/2012,06:45,3,3,0
07/01/2012,07:00,5,3,2
07/01/2012,07:15,9,2,7
07/01/2012,07:30,6,3,3
07/01/2012,07:45,7,5,2
07/01/2012,08:00,11,10,1
07/01/2012,08:15,14,6,8
07/01/2012,08:30,10,8,2
07/01/2012,08:45,12,10,2
07/01/2012,09:00,16,11,5
07/01/2012,09:15,12,3,9
07/01/2012,09:30,16,9,7
07/01/2012,09:45,21,12,9
07/01/2012,10:00,14,4,10
07/01/2012,10:15,14,4,10
07/01/2012,10:30,27,15,12
07/01/2012,10:45,31,14,17
07/01/2012,11:00,40,26,14
07/01/2012,11:15,48,23,25
07/01/2012,11:30,43,17,26
07/01/2012,11:45,40,28,12
07/01/2012,12:00,67,30,37
07/01/2012,12:15,41,18,23
07/01/2012,12:30,62,36,26
07/01/2012,12:45,62,29,33
07/01/2012,13:00,76,34,42
07/01/2012,13:15,79,35,44
07/01/2012,13:30,76,30,46
07/01/2012,13:45,75,38,37
07/01/2012,14:00,65,32,33
07/01/2012,14:15,69,31,38
07/01/2012,14:30,75,39,36
07/01/2012,14:45,74,41,33
07/01/2012,15:00,76,34,42
07/01/2012,15:15,67,35,32
07/01/2012,15:30,53,25,28
07/01/2012,15:45,45,22,23
07/01/2012,16:00,51,24,27
07/01/2012,16:15,47,21,26
07/01/2012,16:30,39,22,17
07/01/2012,16:45,25,17,8
07/01/2012,17:00,17,8,9
07/01/2012,17:15,20,14,6
07/01/2012,17:30,6,2,4
07/01/2012,17:45,5,3,2
07/01/2012,18:00,6,1,5
07/01/2012,18:15,3,2,1
07/01/2012,18:30,1,0,1
07/01/2012,18:45,3,2,1
07/01/2012,19:00,4,2,2
07/01/2012,19:15,0,0,0
07/01/2012,19:30,3,1,2
07/01/2012,19:45,1,0,1
07/01/2012,20:00,2,1,1
07/01/2012,20:15,0,0,0
07/01/2012,20:30,2,1,1
07/01/2012,20:45,0,0,0
07/01/2012,21:00,1,0,1
07/01/2012,21:15,1,0,1
07/01/2012,21:30,2,2,0
07/01/2012,21:45,0,0,0
07/01/2012,22:00,1,1,0
07/01/2012,22:15,2,2,0
07/01/2012,22:30,2,2,0
07/01/2012,22:45,0,0,0
07/01/2012,23:00,1,0,1
07/01/2012,23:15,2,1,1
07/01/2012,23:30,0,0,0
07/01/2012,23:45,0,0,0
08/01/2012,00:00,1,1,0
08/01/2012,00:15,3,2,1
08/01/2012,00:30,1,1,0
08/01/2012,00:45,1,1,0
08/01/2012,01:00,0,0,0
08/01/2012,01:15,1,1,0
08/01/2012,01:30,0,0,0
08/01/2012,01:45,0,0,0
08/01/2012,02:00,0,0,0
08/01/2012,02:15,2,2,0
08/01/2012,02:30,0,0,0
08/01/2012,02:45,0,0,0
08/01/2012,03:00,69,9,60
08/01/2012,03:15,0,0,0
08/01/2012,03:30,1,0,1
08/01/2012,03:45,2,1,1
08/01/2012,04:00,0,0,0
08/01/2012,04:15,0,0,0
08/01/2012,04:30,0,0,0
08/01/2012,04:45,2,1,1
08/01/2012,05:00,0,0,0
08/01/2012,05:15,0,0,0
08/01/2012,05:30,2,2,0
08/01/2012,05:45,0,0,0
08/01/2012,06:00,1,1,0
08/01/2012,06:15,0,0,0
08/01/2012,06:30,1,1,0
08/01/2012,06:45,0,0,0
08/01/2012,07:00,1,0,1
08/01/2012,07:15,3,1,2
08/01/2012,07:30,1,1,0
08/01/2012,07:45,9,6,3
08/01/2012,08:00,10,4,6
08/01/2012,08:15,8,5,3
08/01/2012,08:30,8,5,3
08/01/2012,08:45,11,11,0
08/01/2012,09:00,9,4,5
08/01/2012,09:15,13,4,9
08/01/2012,09:30,13,7,6
08/01/2012,09:45,14,4,10
08/01/2012,10:00,18,7,11
08/01/2012,10:15,12,5,7
08/01/2012,10:30,24,13,11
08/01/2012,10:45,33,14,19
08/01/2012,11:00,20,11,9
08/01/2012,11:15,20,11,9
08/01/2012,11:30,30,13,17
08/01/2012,11:45,30,14,16
08/01/2012,12:00,26,11,15
08/01/2012,12:15,24,11,13
08/01/2012,12:30,20,10,10
08/01/2012,12:45,13,7,6
08/01/2012,13:00,21,10,11
08/01/2012,13:15,20,8,12
08/01/2012,13:30,26,10,16
08/01/2012,13:45,28,11,17
08/01/2012,14:00,19,10,9
08/01/2012,14:15,25,13,12
08/01/2012,14:30,27,8,19
08/01/2012,14:45,29,19,10
08/01/2012,15:00,33,13,20
08/01/2012,15:15,21,10,11
08/01/2012,15:30,20,7,13
08/01/2012,15:45,23,13,10
08/01/2012,16:00,28,11,17
08/01/2012,16:15,23,11,12
08/01/2012,16:30,19,10,9
08/01/2012,16:45,12,7,5
08/01/2012,17:00,11,5,6
08/01/2012,17:15,6,0,6
08/01/2012,17:30,6,5,1
08/01/2012,17:45,8,5,3
08/01/2012,18:00,6,3,3
08/01/2012,18:15,3,2,1
08/01/2012,18:30,6,2,4
08/01/2012,18:45,2,2,0
08/01/2012,19:00,2,0,2
08/01/2012,19:15,3,2,1
08/01/2012,19:30,1,1,0
08/01/2012,19:45,0,0,0
08/01/2012,20:00,0,0,0
08/01/2012,20:15,2,0,2
08/01/2012,20:30,2,1,1
08/01/2012,20:45,2,0,2
08/01/2012,21:00,1,0,1
08/01/2012,21:15,0,0,0
08/01/2012,21:30,1,1,0
08/01/2012,21:45,1,1,0
08/01/2012,22:00,0,0,0
08/01/2012,22:15,0,0,0
08/01/2012,22:30,0,0,0
08/01/2012,22:45,1,0,1
08/01/2012,23:00,0,0,0
08/01/2012,23:15,0,0,0
08/01/2012,23:30,1,1,0
08/01/2012,23:45,0,0,0
09/01/2012,00:00,0,0,0
09/01/2012,00:15,0,0,0
09/01/2012,00:30,1,0,1
09/01/2012,00:45,1,1,0
09/01/2012,01:00,0,0,0
09/01/2012,01:15,0,0,0
09/01/2012,01:30,0,0,0
09/01/2012,01:45,0,0,0
09/01/2012,02:00,0,0,0
09/01/2012,02:15,0,0,0
09/01/2012,02:30,0,0,0
09/01/2012,02:45,1,0,1
09/01/2012,03:00,90,7,83
09/01/2012,03:15,0,0,0
09/01/2012,03:30,0,0,0
09/01/2012,03:45,2,2,0
09/01/2012,04:00,1,1,0
09/01/2012,04:15,2,1,1
09/01/2012,04:30,1,1,0
09/01/2012,04:45,1,0,1
09/01/2012,05:00,2,1,1
09/01/2012,05:15,2,1,1
09/01/2012,05:30,3,2,1
09/01/2012,05:45,5,4,1
09/01/2012,06:00,3,3,0
09/01/2012,06:15,8,3,5
09/01/2012,06:30,10,4,6
09/01/2012,06:45,11,7,4
09/01/2012,07:00,13,2,11
09/01/2012,07:15,21,9,12
09/01/2012,07:30,14,4,10
09/01/2012,07:45,17,6,11
09/01/2012,08:00,13,7,6
09/01/2012,08:15,13,3,10
09/01/2012,08:30,12,6,6
09/01/2012,08:45,17,8,9
09/01/2012,09:00,8,5,3
09/01/2012,09:15,6,4,2
09/01/2012,09:30,8,3,5
09/01/2012,09:45,2,1,1
09/01/2012,10:00,8,5,3
09/01/2012,10:15,7,3,4
09/01/2012,10:30,6,2,4
09/01/2012,10:45,4,3,1
09/01/2012,11:00,4,2,2
09/01/2012,11:15,4,3,1
09/01/2012,11:30,8,2,6
09/01/2012,11:45,2,0,2
09/01/2012,12:00,4,3,1
09/01/2012,12:15,3,2,1
09/01/2012,12:30,2,1,1
09/01/2012,12:45,9,2,7
09/01/2012,13:00,14,5,9
09/01/2012,13:15,3,1,2
09/01/2012,13:30,5,3,2
09/01/2012,13:45,4,1,3
09/01/2012,14:00,5,1,4
09/01/2012,14:15,4,3,1
09/01/2012,14:30,1,0,1
09/01/2012,14:45,3,2,1
09/01/2012,15:00,2,1,1
09/01/2012,15:15,6,2,4
09/01/2012,15:30,7,3,4
09/01/2012,15:45,5,1,4
09/01/2012,16:00,8,2,6
09/01/2012,16:15,8,4,4
09/01/2012,16:30,4,2,2
09/01/2012,16:45,7,3,4
09/01/2012,17:00,12,5,7
09/01/2012,17:15,4,1,3
09/01/2012,17:30,7,4,3
09/01/2012,17:45,6,4,2
09/01/2012,18:00,6,3,3
09/01/2012,18:15,8,5,3
09/01/2012,18:30,7,3,4
09/01/2012,18:45,7,6,1
09/01/2012,19:00,7,2,5
09/01/2012,19:15,3,2,1
09/01/2012,19:30,2,1,1
09/01/2012,19:45,1,1,0
09/01/2012,20:00,1,1,0
09/01/2012,20:15,2,2,0
09/01/2012,20:30,2,0,2
09/01/2012,20:45,1,0,1
09/01/2012,21:00,2,2,0
09/01/2012,21:15,2,0,2
09/01/2012,21:30,1,1,0
09/01/2012,21:45,0,0,0
09/01/2012,22:00,0,0,0
09/01/2012,22:15,0,0,0
09/01/2012,22:30,0,0,0
09/01/2012,22:45,0,0,0
09/01/2012,23:00,1,1,0
09/01/2012,23:15,0,0,0
09/01/2012,23:30,0,0,0
09/01/2012,23:45,0,0,0
10/01/2012,00:00,1,0,1
10/01/2012,00:15,1,1,0
10/01/2012,00:30,0,0,0
10/01/2012,00:45,1,0,1
10/01/2012,01:00,0,0,0
10/01/2012,01:15,0,0,0
10/01/2012,01:30,0,0,0
10/01/2012,01:45,0,0,0
10/01/2012,02:00,0,0,0
10/01/2012,02:15,0,0,0
10/01/2012,02:30,0,0,0
10/01/2012,02:45,0,0,0
10/01/2012,03:00,76,25,51
10/01/2012,03:15,1,1,0
10/01/2012,03:30,0,0,0
10/01/2012,03:45,0,0,0
10/01/2012,04:00,2,2,0
10/01/2012,04:15,0,0,0
10/01/2012,04:30,0,0,0
10/01/2012,04:45,1,0,1
10/01/2012,05:00,2,1,1
10/01/2012,05:15,1,1,0
10/01/2012,05:30,3,3,0
10/01/2012,05:45,4,2,2
10/01/2012,06:00,2,2,0
10/01/2012,06:15,2,2,0
10/01/2012,06:30,4,1,3
10/01/2012,06:45,12,5,7
10/01/2012,07:00,7,3,4
10/01/2012,07:15,10,4,6
10/01/2012,07:30,14,6,8
10/01/2012,07:45,13,4,9
10/01/2012,08:00,16,5,11
10/01/2012,08:15,12,5,7
10/01/2012,08:30,12,7,5
10/01/2012,08:45,14,6,8
10/01/2012,09:00,2,0,2
10/01/2012,09:15,10,5,5
10/01/2012,09:30,5,3,2
10/01/2012,09:45,4,2,2
10/01/2012,10:00,7,3,4
10/01/2012,10:15,5,3,2
10/01/2012,10:30,3,2,1
10/01/2012,10:45,1,0,1
10/01/2012,11:00,3,2,1
10/01/2012,11:15,9,2,7
10/01/2012,11:30,2,0,2
10/01/2012,11:45,5,3,2
10/01/2012,12:00,12,3,9
10/01/2012,12:15,7,2,5
10/01/2012,12:30,11,7,4
10/01/2012,12:45,10,5,5
10/01/2012,13:00,3,1,2
10/01/2012,13:15,8,5,3
10/01/2012,13:30,8,3,5
10/01/2012,13:45,5,2,3
10/01/2012,14:00,20,12,8
10/01/2012,14:15,10,5,5
10/01/2012,14:30,10,5,5
10/01/2012,14:45,21,9,12
10/01/2012,15:00,15,5,10
10/01/2012,15:15,9,2,7
10/01/2012,15:30,12,5,7
10/01/2012,15:45,22,11,11
10/01/2012,16:00,17,7,10
10/01/2012,16:15,32,17,15
10/01/2012,16:30,18,9,9
10/01/2012,16:45,17,8,9
10/01/2012,17:00,14,6,8
10/01/2012,17:15,19,12,7
10/01/2012,17:30,11,5,6
10/01/2012,17:45,23,11,12
10/01/2012,18:00,16,14,2
10/01/2012,18:15,10,6,4
10/01/2012,18:30,5,1,4
10/01/2012,18:45,14,9,5
10/01/2012,19:00,9,3,6
10/01/2012,19:15,8,7,1
10/01/2012,19:30,6,2,4
10/01/2012,19:45,7,2,5
10/01/2012,20:00,9,5,4
10/01/2012,20:15,4,3,1
10/01/2012,20:30,2,2,0
10/01/2012,20:45,3,0,3
10/01/2012,21:00,2,1,1
10/01/2012,21:15,1,1,0
10/01/2012,21:30,1,0,1
10/01/2012,21:45,0,0,0
10/01/2012,22:00,0,0,0
10/01/2012,22:15,2,2,0
10/01/2012,22:30,0,0,0
10/01/2012,22:45,0,0,0
10/01/2012,23:00,0,0,0
10/01/2012,23:15,1,0,1
10/01/2012,23:30,1,1,0
10/01/2012,23:45,1,1,0
11/01/2012,00:00,0,0,0
11/01/2012,00:15,0,0,0
11/01/2012,00:30,0,0,0
11/01/2012,00:45,0,0,0
11/01/2012,01:00,0,0,0
11/01/2012,01:15,0,0,0
11/01/2012,01:30,0,0,0
11/01/2012,01:45,0,0,0
11/01/2012,02:00,0,0,0
11/01/2012,02:15,0,0,0
11/01/2012,02:30,0,0,0
11/01/2012,02:45,0,0,0
11/01/2012,03:00,80,21,59
11/01/2012,03:15,0,0,0
11/01/2012,03:30,0,0,0
11/01/2012,03:45,2,1,1
11/01/2012,04:00,1,0,1
11/01/2012,04:15,1,1,0
11/01/2012,04:30,1,1,0
11/01/2012,04:45,1,0,1
11/01/2012,05:00,1,1,0
11/01/2012,05:15,1,1,0
11/01/2012,05:30,3,1,2
11/01/2012,05:45,8,3,5
11/01/2012,06:00,3,1,2
11/01/2012,06:15,2,0,2
11/01/2012,06:30,4,3,1
11/01/2012,06:45,8,1,7
11/01/2012,07:00,9,4,5
11/01/2012,07:15,14,5,9
11/01/2012,07:30,14,4,10
11/01/2012,07:45,10,8,2
11/01/2012,08:00,13,9,4
11/01/2012,08:15,10,3,7
11/01/2012,08:30,16,8,8
11/01/2012,08:45,12,5,7
11/01/2012,09:00,5,3,2
11/01/2012,09:15,5,3,2
11/01/2012,09:30,9,5,4
11/01/2012,09:45,2,1,1
11/01/2012,10:00,6,1,5
11/01/2012,10:15,8,3,5
11/01/2012,10:30,7,6,1
11/01/2012,10:45,4,3,1
11/01/2012,11:00,6,0,6
11/01/2012,11:15,3,1,2
11/01/2012,11:30,6,4,2
11/01/2012,11:45,6,4,2
11/01/2012,12:00,7,3,4
11/01/2012,12:15,3,2,1
11/01/2012,12:30,3,0,3
11/01/2012,12:45,1,0,1
11/01/2012,13:00,2,0,2
11/01/2012,13:15,6,1,5
11/01/2012,13:30,1,0,1
11/01/2012,13:45,6,1,5
11/01/2012,14:00,4,3,1
11/01/2012,14:15,1,0,1
11/01/2012,14:30,3,1,2
11/01/2012,14:45,9,4,5
11/01/2012,15:00,7,3,4
11/01/2012,15:15,3,0,3
11/01/2012,15:30,6,2,4
11/01/2012,15:45,3,0,3
11/01/2012,16:00,6,3,3
11/01/2012,16:15,5,3,2
11/01/2012,16:30,11,6,5
11/01/2012,16:45,8,4,4
11/01/2012,17:00,9,5,4
11/01/2012,17:15,4,1,3
11/01/2012,17:30,3,2,1
11/01/2012,17:45,5,4,1
11/01/2012,18:00,6,4,2
11/01/2012,18:15,6,2,4
11/01/2012,18:30,7,6,1
11/01/2012,18:45,2,0,2
11/01/2012,19:00,4,2,2
11/01/2012,19:15,1,0,1
11/01/2012,19:30,2,1,1
11/01/2012,19:45,4,2,2
11/01/2012,20:00,2,2,0
11/01/2012,20:15,0,0,0
11/01/2012,20:30,0,0,0
11/01/2012,20:45,0,0,0
11/01/2012,21:00,1,0,1
11/01/2012,21:15,0,0,0
11/01/2012,21:30,1,0,1
11/01/2012,21:45,0,0,0
11/01/2012,22:00,0,0,0
11/01/2012,22:15,0,0,0
11/01/2012,22:30,1,1,0
11/01/2012,22:45,1,0,1
11/01/2012,23:00,0,0,0
11/01/2012,23:15,0,0,0
11/01/2012,23:30,0,0,0
11/01/2012,23:45,0,0,0
12/01/2012,00:00,1,0,1
12/01/2012,00:15,0,0,0
12/01/2012,00:30,0,0,0
12/01/2012,00:45,0,0,0
12/01/2012,01:00,0,0,0
12/01/2012,01:15,0,0,0
12/01/2012,01:30,0,0,0
12/01/2012,01:45,0,0,0
12/01/2012,02:00,0,0,0
12/01/2012,02:15,0,0,0
12/01/2012,02:30,1,0,1
12/01/2012,02:45,0,0,0
12/01/2012,03:00,237,41,196
12/01/2012,03:15,0,0,0
12/01/2012,03:30,0,0,0
12/01/2012,03:45,0,0,0
12/01/2012,04:00,0,0,0
12/01/2012,04:15,0,0,0
12/01/2012,04:30,2,2,0
12/01/2012,04:45,0,0,0
12/01/2012,05:00,0,0,0
12/01/2012,05:15,2,2,0
12/01/2012,05:30,4,0,4
12/01/2012,05:45,2,0,2
12/01/2012,06:00,9,4,5
12/01/2012,06:15,1,0,1
12/01/2012,06:30,7,5,2
12/01/2012,06:45,14,7,7
12/01/2012,07:00,12,3,9
12/01/2012,07:15,14,4,10
12/01/2012,07:30,15,6,9
12/01/2012,07:45,16,5,11
12/01/2012,08:00,17,3,14
12/01/2012,08:15,14,5,9
12/01/2012,08:30,12,5,7
12/01/2012,08:45,16,7,9
12/01/2012,09:00,17,8,9
12/01/2012,09:15,6,3,3
12/01/2012,09:30,10,5,5
12/01/2012,09:45,9,5,4
12/01/2012,10:00,9,5,4
12/01/2012,10:15,3,2,1
12/01/2012,10:30,3,2,1
12/01/2012,10:45,2,1,1
12/01/2012,11:00,11,4,7
12/01/2012,11:15,7,1,6
12/01/2012,11:30,6,3,3
12/01/2012,11:45,12,7,5
12/01/2012,12:00,7,2,5
12/01/2012,12:15,17,7,10
12/01/2012,12:30,10,8,2
12/01/2012,12:45,14,7,7
12/01/2012,13:00,16,10,6
12/01/2012,13:15,14,4,10
12/01/2012,13:30,10,6,4
12/01/2012,13:45,19,8,11
12/01/2012,14:00,12,6,6
12/01/2012,14:15,15,7,8
12/01/2012,14:30,19,8,11
12/01/2012,14:45,15,8,7
12/01/2012,15:00,21,6,15
12/01/2012,15:15,22,8,14
12/01/2012,15:30,28,17,11
12/01/2012,15:45,24,14,10
12/01/2012,16:00,21,7,14
12/01/2012,16:15,24,12,12
12/01/2012,16:30,27,17,10
12/01/2012,16:45,34,16,18
12/01/2012,17:00,32,14,18
12/01/2012,17:15,23,13,10
12/01/2012,17:30,21,11,10
12/01/2012,17:45,22,10,12
12/01/2012,18:00,21,10,11
12/01/2012,18:15,17,8,9
12/01/2012,18:30,14,8,6
12/01/2012,18:45,10,5,5
12/01/2012,19:00,7,4,3
12/01/2012,19:15,11,6,5
12/01/2012,19:30,9,3,6
12/01/2012,19:45,4,2,2
12/01/2012,20:00,4,3,1
12/01/2012,20:15,7,3,4
12/01/2012,20:30,5,3,2
12/01/2012,20:45,1,0,1
12/01/2012,21:00,1,1,0
12/01/2012,21:15,0,0,0
12/01/2012,21:30,2,1,1
12/01/2012,21:45,1,1,0
12/01/2012,22:00,0,0,0
12/01/2012,22:15,2,0,2
12/01/2012,22:30,2,1,1
12/01/2012,22:45,0,0,0
12/01/2012,23:00,0,0,0
12/01/2012,23:15,0,0,0
12/01/2012,23:30,0,0,0
12/01/2012,23:45,1,0,1
13/01/2012,00:00,0,0,0
13/01/2012,00:15,1,0,1
13/01/2012,00:30,0,0,0
13/01/2012,00:45,3,3,0
13/01/2012,01:00,0,0,0
13/01/2012,01:15,0,0,0
13/01/2012,01:30,0,0,0
13/01/2012,01:45,3,2,1
13/01/2012,02:00,1,0,1
13/01/2012,02:15,0,0,0
13/01/2012,02:30,0,0,0
13/01/2012,02:45,0,0,0
13/01/2012,03:00,100,17,83
13/01/2012,03:15,0,0,0
13/01/2012,03:30,0,0,0
13/01/2012,03:45,0,0,0
13/01/2012,04:00,1,1,0
13/01/2012,04:15,0,0,0
13/01/2012,04:30,0,0,0
13/01/2012,04:45,3,1,2
13/01/2012,05:00,1,1,0
13/01/2012,05:15,1,1,0
13/01/2012,05:30,3,2,1
13/01/2012,05:45,7,4,3
13/01/2012,06:00,1,1,0
13/01/2012,06:15,2,1,1
13/01/2012,06:30,4,2,2
13/01/2012,06:45,6,3,3
13/01/2012,07:00,10,6,4
13/01/2012,07:15,17,8,9
13/01/2012,07:30,12,3,9
13/01/2012,07:45,16,8,8
13/01/2012,08:00,13,7,6
13/01/2012,08:15,9,4,5
13/01/2012,08:30,13,4,9
13/01/2012,08:45,12,6,6
13/01/2012,09:00,10,5,5
13/01/2012,09:15,5,2,3
13/01/2012,09:30,2,1,1
13/01/2012,09:45,10,4,6
13/01/2012,10:00,7,2,5
13/01/2012,10:15,7,2,5
13/01/2012,10:30,6,2,4
13/01/2012,10:45,1,0,1
13/01/2012,11:00,7,2,5
13/01/2012,11:15,1,1,0
13/01/2012,11:30,3,1,2
13/01/2012,11:45,6,6,0
13/01/2012,12:00,7,1,6
13/01/2012,12:15,6,0,6
13/01/2012,12:30,11,5,6
13/01/2012,12:45,8,5,3
13/01/2012,13:00,9,5,4
13/01/2012,13:15,7,2,5
13/01/2012,13:30,2,0,2
13/01/2012,13:45,3,2,1
13/01/2012,14:00,4,3,1
13/01/2012,14:15,7,2,5
13/01/2012,14:30,3,1,2
13/01/2012,14:45,9,5,4
13/01/2012,15:00,5,2,3
13/01/2012,15:15,6,4,2
13/01/2012,15:30,9,2,7
13/01/2012,15:45,8,5,3
13/01/2012,16:00,15,3,12
13/01/2012,16:15,5,3,2
13/01/2012,16:30,8,3,5
13/01/2012,16:45,15,8,7
13/01/2012,17:00,11,3,8
13/01/2012,17:15,8,6,2
13/01/2012,17:30,6,3,3
13/01/2012,17:45,5,2,3
13/01/2012,18:00,6,5,1
13/01/2012,18:15,8,3,5
13/01/2012,18:30,8,5,3
13/01/2012,18:45,6,4,2
13/01/2012,19:00,5,4,1
13/01/2012,19:15,6,2,4
13/01/2012,19:30,1,1,0
13/01/2012,19:45,3,2,1
13/01/2012,20:00,4,2,2
13/01/2012,20:15,2,1,1
13/01/2012,20:30,0,0,0
13/01/2012,20:45,0,0,0
13/01/2012,21:00,1,0,1
13/01/2012,21:15,0,0,0
13/01/2012,21:30,1,0,1
13/01/2012,21:45,1,1,0
13/01/2012,22:00,0,0,0
13/01/2012,22:15,0,0,0
13/01/2012,22:30,0,0,0
13/01/2012,22:45,0,0,0
13/01/2012,23:00,0,0,0
13/01/2012,23:15,1,0,1
13/01/2012,23:30,0,0,0
13/01/2012,23:45,12,9,3
14/01/2012,00:00,0,0,0
14/01/2012,00:15,2,0,2
14/01/2012,00:30,2,2,0
14/01/2012,00:45,1,0,1
14/01/2012,01:00,2,0,2
14/01/2012,01:15,0,0,0
14/01/2012,01:30,0,0,0
14/01/2012,01:45,0,0,0
14/01/2012,02:00,1,0,1
14/01/2012,02:15,1,1,0
14/01/2012,02:30,0,0,0
14/01/2012,02:45,0,0,0
14/01/2012,03:00,72,9,63
14/01/2012,03:15,0,0,0
14/01/2012,03:30,0,0,0
14/01/2012,03:45,1,0,1
14/01/2012,04:00,0,0,0
14/01/2012,04:15,1,1,0
14/01/2012,04:30,0,0,0
14/01/2012,04:45,0,0,0
14/01/2012,05:00,1,1,0
14/01/2012,05:15,1,1,0
14/01/2012,05:30,3,3,0
14/01/2012,05:45,1,1,0
14/01/2012,06:00,0,0,0
14/01/2012,06:15,1,1,0
14/01/2012,06:30,1,0,1
14/01/2012,06:45,5,4,1
14/01/2012,07:00,2,1,1
14/01/2012,07:15,3,2,1
14/01/2012,07:30,7,4,3
14/01/2012,07:45,5,2,3
14/01/2012,08:00,11,6,5
14/01/2012,08:15,11,9,2
14/01/2012,08:30,11,5,6
14/01/2012,08:45,11,9,2
14/01/2012,09:00,6,5,1
14/01/2012,09:15,11,8,3
14/01/2012,09:30,10,6,4
14/01/2012,09:45,11,4,7
14/01/2012,10:00,14,7,7
14/01/2012,10:15,10,4,6
14/01/2012,10:30,17,6,11
14/01/2012,10:45,13,4,9
14/01/2012,11:00,9,4,5
14/01/2012,11:15,11,6,5
14/01/2012,11:30,13,4,9
14/01/2012,11:45,14,5,9
14/01/2012,12:00,14,9,5
14/01/2012,12:15,18,7,11
14/01/2012,12:30,18,9,9
14/01/2012,12:45,17,8,9
14/01/2012,13:00,15,8,7
14/01/2012,13:15,9,3,6
14/01/2012,13:30,11,5,6
14/01/2012,13:45,11,2,9
14/01/2012,14:00,10,3,7
14/01/2012,14:15,11,3,8
14/01/2012,14:30,9,2,7
14/01/2012,14:45,12,6,6
14/01/2012,15:00,17,7,10
14/01/2012,15:15,14,6,8
14/01/2012,15:30,19,11,8
14/01/2012,15:45,14,7,7
14/01/2012,16:00,15,6,9
14/01/2012,16:15,14,3,11
14/01/2012,16:30,10,5,5
14/01/2012,16:45,9,5,4
14/01/2012,17:00,5,5,0
14/01/2012,17:15,4,3,1
14/01/2012,17:30,4,0,4
14/01/2012,17:45,6,1,5
14/01/2012,18:00,4,2,2
14/01/2012,18:15,5,2,3
14/01/2012,18:30,4,2,2
14/01/2012,18:45,1,0,1
14/01/2012,19:00,1,0,1
14/01/2012,19:15,3,2,1
14/01/2012,19:30,2,0,2
14/01/2012,19:45,3,1,2
14/01/2012,20:00,1,0,1
14/01/2012,20:15,2,0,2
14/01/2012,20:30,0,0,0
14/01/2012,20:45,0,0,0
14/01/2012,21:00,1,1,0
14/01/2012,21:15,0,0,0
14/01/2012,21:30,1,1,0
14/01/2012,21:45,1,1,0
14/01/2012,22:00,1,1,0
14/01/2012,22:15,0,0,0
14/01/2012,22:30,0,0,0
14/01/2012,22:45,0,0,0
14/01/2012,23:00,0,0,0
14/01/2012,23:15,0,0,0
14/01/2012,23:30,0,0,0
14/01/2012,23:45,0,0,0
15/01/2012,00:00,0,0,0
15/01/2012,00:15,0,0,0
15/01/2012,00:30,0,0,0
15/01/2012,00:45,0,0,0
15/01/2012,01:00,0,0,0
15/01/2012,01:15,0,0,0
15/01/2012,01:30,0,0,0
15/01/2012,01:45,0,0,0
15/01/2012,02:00,1,0,1
15/01/2012,02:15,0,0,0
15/01/2012,02:30,2,2,0
15/01/2012,02:45,0,0,0
15/01/2012,03:00,84,23,61
15/01/2012,03:15,0,0,0
15/01/2012,03:30,0,0,0
15/01/2012,03:45,1,1,0
15/01/2012,04:00,0,0,0
15/01/2012,04:15,1,1,0
15/01/2012,04:30,0,0,0
15/01/2012,04:45,0,0,0
15/01/2012,05:00,0,0,0
15/01/2012,05:15,0,0,0
15/01/2012,05:30,1,1,0
15/01/2012,05:45,1,0,1
15/01/2012,06:00,0,0,0
15/01/2012,06:15,0,0,0
15/01/2012,06:30,0,0,0
15/01/2012,06:45,0,0,0
15/01/2012,07:00,2,2,0
15/01/2012,07:15,3,1,2
15/01/2012,07:30,3,2,1
15/01/2012,07:45,4,2,2
15/01/2012,08:00,2,1,1
15/01/2012,08:15,9,4,5
15/01/2012,08:30,8,3,5
15/01/2012,08:45,6,4,2
15/01/2012,09:00,7,4,3
15/01/2012,09:15,9,2,7
15/01/2012,09:30,8,5,3
15/01/2012,09:45,6,3,3
15/01/2012,10:00,7,5,2
15/01/2012,10:15,8,3,5
15/01/2012,10:30,11,8,3
15/01/2012,10:45,11,3,8
15/01/2012,11:00,4,1,3
15/01/2012,11:15,6,6,0
15/01/2012,11:30,35,29,6
15/01/2012,11:45,22,14,8
15/01/2012,12:00,27,18,9
15/01/2012,12:15,34,25,9
15/01/2012,12:30,24,17,7
15/01/2012,12:45,28,24,4
15/01/2012,13:00,15,9,6
15/01/2012,13:15,22,12,10
15/01/2012,13:30,12,6,6
15/01/2012,13:45,17,11,6
15/01/2012,14:00,11,4,7
15/01/2012,14:15,2,1,1
15/01/2012,14:30,19,8,11
15/01/2012,14:45,5,3,2
15/01/2012,15:00,12,5,7
15/01/2012,15:15,5,2,3
15/01/2012,15:30,14,10,4
15/01/2012,15:45,14,6,8
15/01/2012,16:00,7,4,3
15/01/2012,16:15,9,5,4
15/01/2012,16:30,13,5,8
15/01/2012,16:45,15,10,5
15/01/2012,17:00,11,3,8
15/01/2012,17:15,3,0,3
15/01/2012,17:30,9,4,5
15/01/2012,17:45,1,0,1
15/01/2012,18:00,2,1,1
15/01/2012,18:15,2,1,1
15/01/2012,18:30,1,1,0
15/01/2012,18:45,1,0,1
15/01/2012,19:00,6,3,3
15/01/2012,19:15,1,0,1
15/01/2012,19:30,2,2,0
15/01/2012,19:45,0,0,0
15/01/2012,20:00,0,0,0
15/01/2012,20:15,2,0,2
15/01/2012,20:30,1,0,1
15/01/2012,20:45,0,0,0
15/01/2012,21:00,1,1,0
15/01/2012,21:15,0,0,0
15/01/2012,21:30,1,0,1
15/01/2012,21:45,4,3,1
15/01/2012,22:00,1,1,0
15/01/2012,22:15,0,0,0
15/01/2012,22:30,1,0,1
15/01/2012,22:45,0,0,0
15/01/2012,23:00,0,0,0
15/01/2012,23:15,0,0,0
15/01/2012,23:30,0,0,0
15/01/2012,23:45,0,0,0
16/01/2012,00:00,0,0,0
16/01/2012,00:15,0,0,0
16/01/2012,00:30,0,0,0
16/01/2012,00:45,0,0,0
16/01/2012,01:00,0,0,0
16/01/2012,01:15,0,0,0
16/01/2012,01:30,0,0,0
16/01/2012,01:45,0,0,0
16/01/2012,02:00,0,0,0
16/01/2012,02:15,0,0,0
16/01/2012,02:30,0,0,0
16/01/2012,02:45,0,0,0
16/01/2012,03:00,82,15,67
16/01/2012,03:15,1,1,0
16/01/2012,03:30,1,0,1
16/01/2012,03:45,3,3,0
16/01/2012,04:00,1,0,1
16/01/2012,04:15,1,1,0
16/01/2012,04:30,0,0,0
16/01/2012,04:45,2,0,2
16/01/2012,05:00,1,1,0
16/01/2012,05:15,1,1,0
16/01/2012,05:30,4,4,0
16/01/2012,05:45,1,0,1
16/01/2012,06:00,2,1,1
16/01/2012,06:15,1,1,0
16/01/2012,06:30,3,2,1
16/01/2012,06:45,3,2,1
16/01/2012,07:00,5,4,1
16/01/2012,07:15,5,4,1
16/01/2012,07:30,3,1,2
16/01/2012,07:45,5,4,1
16/01/2012,08:00,11,6,5
16/01/2012,08:15,6,3,3
16/01/2012,08:30,7,6,1
16/01/2012,08:45,7,5,2
16/01/2012,09:00,13,10,3
16/01/2012,09:15,8,2,6
16/01/2012,09:30,12,7,5
16/01/2012,09:45,9,5,4
16/01/2012,10:00,4,0,4
16/01/2012,10:15,8,6,2
16/01/2012,10:30,7,5,2
16/01/2012,10:45,9,6,3
16/01/2012,11:00,9,4,5
16/01/2012,11:15,6,2,4
16/01/2012,11:30,6,3,3
16/01/2012,11:45,9,0,9
16/01/2012,12:00,9,3,6
16/01/2012,12:15,8,5,3
16/01/2012,12:30,12,7,5
16/01/2012,12:45,13,3,10
16/01/2012,13:00,7,5,2
16/01/2012,13:15,11,6,5
16/01/2012,13:30,16,9,7
16/01/2012,13:45,15,4,11
16/01/2012,14:00,6,1,5
16/01/2012,14:15,19,10,9
16/01/2012,14:30,19,6,13
16/01/2012,14:45,12,4,8
16/01/2012,15:00,8,4,4
16/01/2012,15:15,17,8,9
16/01/2012,15:30,11,3,8
16/01/2012,15:45,11,6,5
16/01/2012,16:00,20,9,11
16/01/2012,16:15,14,3,11
16/01/2012,16:30,13,7,6
16/01/2012,16:45,8,4,4
16/01/2012,17:00,8,1,7
16/01/2012,17:15,5,0,5
16/01/2012,17:30,3,2,1
16/01/2012,17:45,8,2,6
16/01/2012,18:00,5,4,1
16/01/2012,18:15,6,3,3
16/01/2012,18:30,1,0,1
16/01/2012,18:45,2,1,1
16/01/2012,19:00,4,1,3
16/01/2012,19:15,1,0,1
16/01/2012,19:30,1,1,0
16/01/2012,19:45,0,0,0
16/01/2012,20:00,4,1,3
16/01/2012,20:15,0,0,0
16/01/2012,20:30,2,1,1
16/01/2012,20:45,0,0,0
16/01/2012,21:00,2,1,1
16/01/2012,21:15,2,2,0
16/01/2012,21:30,3,0,3
16/01/2012,21:45,0,0,0
16/01/2012,22:00,1,0,1
16/01/2012,22:15,1,1,0
16/01/2012,22:30,0,0,0
16/01/2012,22:45,0,0,0
16/01/2012,23:00,1,1,0
16/01/2012,23:15,2,1,1
16/01/2012,23:30,2,1,1
16/01/2012,23:45,0,0,0
17/01/2012,00:00,0,0,0
17/01/2012,00:15,1,1,0
17/01/2012,00:30,0,0,0
17/01/2012,00:45,1,0,1
17/01/2012,01:00,0,0,0
17/01/2012,01:15,0,0,0
17/01/2012,01:30,0,0,0
17/01/2012,01:45,0,0,0
17/01/2012,02:00,0,0,0
17/01/2012,02:15,0,0,0
17/01/2012,02:30,0,0,0
17/01/2012,02:45,0,0,0
17/01/2012,03:00,82,12,70
17/01/2012,03:15,1,1,0
17/01/2012,03:30,0,0,0
17/01/2012,03:45,1,1,0
17/01/2012,04:00,0,0,0
17/01/2012,04:15,2,1,1
17/01/2012,04:30,0,0,0
17/01/2012,04:45,1,0,1
17/01/2012,05:00,1,1,0
17/01/2012,05:15,1,0,1
17/01/2012,05:30,2,2,0
17/01/2012,05:45,5,1,4
17/01/2012,06:00,2,2,0
17/01/2012,06:15,0,0,0
17/01/2012,06:30,8,4,4
17/01/2012,06:45,7,4,3
17/01/2012,07:00,6,2,4
17/01/2012,07:15,15,7,8
17/01/2012,07:30,11,3,8
17/01/2012,07:45,7,3,4
17/01/2012,08:00,6,2,4
17/01/2012,08:15,6,3,3
17/01/2012,08:30,2,1,1
17/01/2012,08:45,5,2,3
17/01/2012,09:00,0,0,0
17/01/2012,09:15,1,0,1
17/01/2012,09:30,5,2,3
17/01/2012,09:45,2,0,2
17/01/2012,10:00,4,3,1
17/01/2012,10:15,3,1,2
17/01/2012,10:30,9,6,3
17/01/2012,10:45,4,2,2
17/01/2012,11:00,4,1,3
17/01/2012,11:15,2,2,0
17/01/2012,11:30,1,0,1
17/01/2012,11:45,5,3,2
17/01/2012,12:00,3,1,2
17/01/2012,12:15,2,1,1
17/01/2012,12:30,3,0,3
17/01/2012,12:45,2,1,1
17/01/2012,13:00,4,1,3
17/01/2012,13:15,8,2,6
17/01/2012,13:30,3,1,2
17/01/2012,13:45,4,1,3
17/01/2012,14:00,3,1,2
17/01/2012,14:15,3,1,2
17/01/2012,14:30,3,1,2
17/01/2012,14:45,11,2,9
17/01/2012,15:00,13,6,7
17/01/2012,15:15,10,2,8
17/01/2012,15:30,9,2,7
17/01/2012,15:45,8,5,3
17/01/2012,16:00,11,3,8
17/01/2012,16:15,19,12,7
17/01/2012,16:30,14,5,9
17/01/2012,16:45,10,6,4
17/01/2012,17:00,21,8,13
17/01/2012,17:15,13,3,10
17/01/2012,17:30,9,3,6
17/01/2012,17:45,11,4,7
17/01/2012,18:00,14,11,3
17/01/2012,18:15,13,7,6
17/01/2012,18:30,9,4,5
17/01/2012,18:45,10,4,6
17/01/2012,19:00,6,2,4
17/01/2012,19:15,4,2,2
17/01/2012,19:30,9,4,5
17/01/2012,19:45,5,1,4
17/01/2012,20:00,4,1,3
17/01/2012,20:15,0,0,0
17/01/2012,20:30,3,2,1
17/01/2012,20:45,4,2,2
17/01/2012,21:00,1,1,0
17/01/2012,21:15,6,4,2
17/01/2012,21:30,0,0,0
17/01/2012,21:45,0,0,0
17/01/2012,22:00,5,4,1
17/01/2012,22:15,1,1,0
17/01/2012,22:30,0,0,0
17/01/2012,22:45,2,1,1
17/01/2012,23:00,0,0,0
17/01/2012,23:15,1,0,1
17/01/2012,23:30,5,2,3
17/01/2012,23:45,0,0,0
18/01/2012,00:00,0,0,0
18/01/2012,00:15,0,0,0
18/01/2012,00:30,0,0,0
18/01/2012,00:45,0,0,0
18/01/2012,01:00,0,0,0
18/01/2012,01:15,0,0,0
18/01/2012,01:30,0,0,0
18/01/2012,01:45,0,0,0
18/01/2012,02:00,0,0,0
18/01/2012,02:15,0,0,0
18/01/2012,02:30,0,0,0
18/01/2012,02:45,1,1,0
18/01/2012,03:00,71,26,45
18/01/2012,03:15,0,0,0
18/01/2012,03:30,1,1,0
18/01/2012,03:45,1,1,0
18/01/2012,04:00,1,0,1
18/01/2012,04:15,1,1,0
18/01/2012,04:30,0,0,0
18/01/2012,04:45,2,0,2
18/01/2012,05:00,3,2,1
18/01/2012,05:15,2,1,1
18/01/2012,05:30,2,1,1
18/01/2012,05:45,8,2,6
18/01/2012,06:00,4,3,1
18/01/2012,06:15,6,3,3
18/01/2012,06:30,7,1,6
18/01/2012,06:45,12,4,8
18/01/2012,07:00,14,7,7
18/01/2012,07:15,19,2,17
18/01/2012,07:30,16,6,10
18/01/2012,07:45,8,2,6
18/01/2012,08:00,10,4,6
18/01/2012,08:15,20,7,13
18/01/2012,08:30,11,7,4
18/01/2012,08:45,12,7,5
18/01/2012,09:00,4,3,1
18/01/2012,09:15,6,6,0
18/01/2012,09:30,6,1,5
18/01/2012,09:45,6,2,4
18/01/2012,10:00,3,2,1
18/01/2012,10:15,9,3,6
18/01/2012,10:30,7,6,1
18/01/2012,10:45,6,3,3
18/01/2012,11:00,5,4,1
18/01/2012,11:15,12,3,9
18/01/2012,11:30,4,2,2
18/01/2012,11:45,1,0,1
18/01/2012,12:00,9,3,6
18/01/2012,12:15,7,4,3
18/01/2012,12:30,1,0,1
18/01/2012,12:45,3,3,0
18/01/2012,13:00,7,3,4
18/01/2012,13:15,4,3,1
18/01/2012,13:30,10,6,4
18/01/2012,13:45,5,4,1
18/01/2012,14:00,5,3,2
18/01/2012,14:15,6,1,5
18/01/2012,14:30,6,2,4
18/01/2012,14:45,3,1,2
18/01/2012,15:00,4,1,3
18/01/2012,15:15,8,2,6
18/01/2012,15:30,5,1,4
18/01/2012,15:45,13,3,10
18/01/2012,16:00,14,10,4
18/01/2012,16:15,17,9,8
18/01/2012,16:30,17,9,8
18/01/2012,16:45,14,4,10
18/01/2012,17:00,8,5,3
18/01/2012,17:15,11,5,6
18/01/2012,17:30,20,11,9
18/01/2012,17:45,13,7,6
18/01/2012,18:00,12,7,5
18/01/2012,18:15,10,5,5
18/01/2012,18:30,6,3,3
18/01/2012,18:45,8,5,3
18/01/2012,19:00,4,3,1
18/01/2012,19:15,8,5,3
18/01/2012,19:30,5,3,2
18/01/2012,19:45,5,2,3
18/01/2012,20:00,1,0,1
18/01/2012,20:15,1,0,1
18/01/2012,20:30,2,1,1
18/01/2012,20:45,3,1,2
18/01/2012,21:00,1,0,1
18/01/2012,21:15,3,3,0
18/01/2012,21:30,2,1,1
18/01/2012,21:45,1,0,1
18/01/2012,22:00,1,0,1
18/01/2012,22:15,1,1,0
18/01/2012,22:30,1,0,1
18/01/2012,22:45,0,0,0
18/01/2012,23:00,0,0,0
18/01/2012,23:15,1,0,1
18/01/2012,23:30,0,0,0
18/01/2012,23:45,0,0,0
19/01/2012,00:00,0,0,0
19/01/2012,00:15,0,0,0
19/01/2012,00:30,0,0,0
19/01/2012,00:45,0,0,0
19/01/2012,01:00,0,0,0
19/01/2012,01:15,0,0,0
19/01/2012,01:30,1,1,0
19/01/2012,01:45,0,0,0
19/01/2012,02:00,0,0,0
19/01/2012,02:15,0,0,0
19/01/2012,02:30,0,0,0
19/01/2012,02:45,0,0,0
19/01/2012,03:00,69,18,51
19/01/2012,03:15,0,0,0
19/01/2012,03:30,0,0,0
19/01/2012,03:45,1,1,0
19/01/2012,04:00,1,0,1
19/01/2012,04:15,0,0,0
19/01/2012,04:30,0,0,0
19/01/2012,04:45,0,0,0
19/01/2012,05:00,1,0,1
19/01/2012,05:15,0,0,0
19/01/2012,05:30,2,2,0
19/01/2012,05:45,9,4,5
19/01/2012,06:00,3,2,1
19/01/2012,06:15,2,2,0
19/01/2012,06:30,9,3,6
19/01/2012,06:45,11,5,6
19/01/2012,07:00,10,2,8
19/01/2012,07:15,17,5,12
19/01/2012,07:30,12,7,5
19/01/2012,07:45,16,7,9
19/01/2012,08:00,8,4,4
19/01/2012,08:15,16,7,9
19/01/2012,08:30,12,5,7
19/01/2012,08:45,13,6,7
19/01/2012,09:00,12,7,5
19/01/2012,09:15,5,3,2
19/01/2012,09:30,7,3,4
19/01/2012,09:45,8,5,3
19/01/2012,10:00,4,2,2
19/01/2012,10:15,8,7,1
19/01/2012,10:30,1,0,1
19/01/2012,10:45,10,10,0
19/01/2012,11:00,9,6,3
19/01/2012,11:15,14,10,4
19/01/2012,11:30,17,16,1
19/01/2012,11:45,11,7,4
19/01/2012,12:00,14,8,6
19/01/2012,12:15,6,4,2
19/01/2012,12:30,5,3,2
19/01/2012,12:45,8,5,3
19/01/2012,13:00,12,8,4
19/01/2012,13:15,3,2,1
19/01/2012,13:30,8,3,5
19/01/2012,13:45,4,0,4
19/01/2012,14:00,16,10,6
19/01/2012,14:15,5,3,2
19/01/2012,14:30,5,2,3
19/01/2012,14:45,4,0,4
19/01/2012,15:00,5,2,3
19/01/2012,15:15,8,4,4
19/01/2012,15:30,12,2,10
19/01/2012,15:45,11,5,6
19/01/2012,16:00,11,5,6
19/01/2012,16:15,16,6,10
19/01/2012,16:30,12,6,6
19/01/2012,16:45,17,10,7
19/01/2012,17:00,9,4,5
19/01/2012,17:15,14,8,6
19/01/2012,17:30,11,3,8
19/01/2012,17:45,15,13,2
19/01/2012,18:00,16,5,11
19/01/2012,18:15,14,7,7
19/01/2012,18:30,13,7,6
19/01/2012,18:45,12,6,6
19/01/2012,19:00,6,5,1
19/01/2012,19:15,11,10,1
19/01/2012,19:30,8,5,3
19/01/2012,19:45,3,3,0
19/01/2012,20:00,3,0,3
19/01/2012,20:15,1,1,0
19/01/2012,20:30,0,0,0
19/01/2012,20:45,1,0,1
19/01/2012,21:00,2,1,1
19/01/2012,21:15,2,2,0
19/01/2012,21:30,1,0,1
19/01/2012,21:45,0,0,0
19/01/2012,22:00,1,0,1
19/01/2012,22:15,3,1,2
19/01/2012,22:30,2,2,0
19/01/2012,22:45,0,0,0
19/01/2012,23:00,2,0,2
19/01/2012,23:15,0,0,0
19/01/2012,23:30,4,4,0
19/01/2012,23:45,0,0,0
20/01/2012,00:00,0,0,0
20/01/2012,00:15,0,0,0
20/01/2012,00:30,0,0,0
20/01/2012,00:45,0,0,0
20/01/2012,01:00,0,0,0
20/01/2012,01:15,0,0,0
20/01/2012,01:30,0,0,0
20/01/2012,01:45,0,0,0
20/01/2012,02:00,0,0,0
20/01/2012,02:15,0,0,0
20/01/2012,02:30,0,0,0
20/01/2012,02:45,1,1,0
20/01/2012,03:00,69,4,65
20/01/2012,03:15,0,0,0
20/01/2012,03:30,1,1,0
20/01/2012,03:45,1,1,0
20/01/2012,04:00,0,0,0
20/01/2012,04:15,1,0,1
20/01/2012,04:30,1,0,1
20/01/2012,04:45,2,0,2
20/01/2012,05:00,1,1,0
20/01/2012,05:15,1,1,0
20/01/2012,05:30,3,2,1
20/01/2012,05:45,6,2,4
20/01/2012,06:00,7,6,1
20/01/2012,06:15,4,4,0
20/01/2012,06:30,9,2,7
20/01/2012,06:45,11,5,6
20/01/2012,07:00,6,1,5
20/01/2012,07:15,17,6,11
20/01/2012,07:30,11,7,4
20/01/2012,07:45,12,3,9
20/01/2012,08:00,8,3,5
20/01/2012,08:15,14,5,9
20/01/2012,08:30,14,6,8
20/01/2012,08:45,13,6,7
20/01/2012,09:00,8,5,3
20/01/2012,09:15,5,2,3
20/01/2012,09:30,3,2,1
20/01/2012,09:45,5,1,4
20/01/2012,10:00,5,3,2
20/01/2012,10:15,6,3,3
20/01/2012,10:30,3,2,1
20/01/2012,10:45,4,1,3
20/01/2012,11:00,9,4,5
20/01/2012,11:15,6,2,4
20/01/2012,11:30,7,2,5
20/01/2012,11:45,0,0,0
20/01/2012,12:00,4,0,4
20/01/2012,12:15,3,1,2
20/01/2012,12:30,3,2,1
20/01/2012,12:45,4,2,2
20/01/2012,13:00,4,3,1
20/01/2012,13:15,5,1,4
20/01/2012,13:30,4,1,3
20/01/2012,13:45,7,2,5
20/01/2012,14:00,5,3,2
20/01/2012,14:15,5,2,3
20/01/2012,14:30,8,4,4
20/01/2012,14:45,11,4,7
20/01/2012,15:00,8,4,4
20/01/2012,15:15,8,3,5
20/01/2012,15:30,8,5,3
20/01/2012,15:45,14,5,9
20/01/2012,16:00,8,1,7
20/01/2012,16:15,14,6,8
20/01/2012,16:30,7,5,2
20/01/2012,16:45,8,5,3
20/01/2012,17:00,11,4,7
20/01/2012,17:15,14,9,5
20/01/2012,17:30,13,9,4
20/01/2012,17:45,11,7,4
20/01/2012,18:00,11,6,5
20/01/2012,18:15,12,7,5
20/01/2012,18:30,8,7,1
20/01/2012,18:45,11,7,4
20/01/2012,19:00,8,2,6
20/01/2012,19:15,5,3,2
20/01/2012,19:30,5,3,2
20/01/2012,19:45,3,2,1
20/01/2012,20:00,0,0,0
20/01/2012,20:15,0,0,0
20/01/2012,20:30,7,3,4
20/01/2012,20:45,3,0,3
20/01/2012,21:00,0,0,0
20/01/2012,21:15,1,1,0
20/01/2012,21:30,1,0,1
20/01/2012,21:45,3,1,2
20/01/2012,22:00,2,1,1
20/01/2012,22:15,2,2,0
20/01/2012,22:30,4,0,4
20/01/2012,22:45,0,0,0
20/01/2012,23:00,0,0,0
20/01/2012,23:15,1,1,0
20/01/2012,23:30,0,0,0
20/01/2012,23:45,0,0,0
21/01/2012,00:00,0,0,0
21/01/2012,00:15,0,0,0
21/01/2012,00:30,0,0,0
21/01/2012,00:45,0,0,0
21/01/2012,01:00,0,0,0
21/01/2012,01:15,1,0,1
21/01/2012,01:30,1,1,0
21/01/2012,01:45,1,1,0
21/01/2012,02:00,0,0,0
21/01/2012,02:15,0,0,0
21/01/2012,02:30,0,0,0
21/01/2012,02:45,0,0,0
21/01/2012,03:00,91,30,61
21/01/2012,03:15,0,0,0
21/01/2012,03:30,0,0,0
21/01/2012,03:45,1,1,0
21/01/2012,04:00,0,0,0
21/01/2012,04:15,0,0,0
21/01/2012,04:30,0,0,0
21/01/2012,04:45,0,0,0
21/01/2012,05:00,1,1,0
21/01/2012,05:15,0,0,0
21/01/2012,05:30,0,0,0
21/01/2012,05:45,4,4,0
21/01/2012,06:00,0,0,0
21/01/2012,06:15,0,0,0
21/01/2012,06:30,0,0,0
21/01/2012,06:45,2,0,2
21/01/2012,07:00,2,2,0
21/01/2012,07:15,1,1,0
21/01/2012,07:30,4,2,2
21/01/2012,07:45,2,2,0
21/01/2012,08:00,5,4,1
21/01/2012,08:15,2,2,0
21/01/2012,08:30,5,4,1
21/01/2012,08:45,6,3,3
21/01/2012,09:00,6,4,2
21/01/2012,09:15,4,1,3
21/01/2012,09:30,4,2,2
21/01/2012,09:45,3,3,0
21/01/2012,10:00,2,0,2
21/01/2012,10:15,3,2,1
21/01/2012,10:30,3,1,2
21/01/2012,10:45,4,2,2
21/01/2012,11:00,2,1,1
21/01/2012,11:15,3,0,3
21/01/2012,11:30,1,1,0
21/01/2012,11:45,3,1,2
21/01/2012,12:00,3,0,3
21/01/2012,12:15,8,3,5
21/01/2012,12:30,1,0,1
21/01/2012,12:45,6,0,6
21/01/2012,13:00,4,2,2
21/01/2012,13:15,5,1,4
21/01/2012,13:30,4,1,3
21/01/2012,13:45,3,0,3
21/01/2012,14:00,5,2,3
21/01/2012,14:15,5,1,4
21/01/2012,14:30,6,3,3
21/01/2012,14:45,7,3,4
21/01/2012,15:00,8,3,5
21/01/2012,15:15,4,2,2
21/01/2012,15:30,2,1,1
21/01/2012,15:45,5,3,2
21/01/2012,16:00,4,3,1
21/01/2012,16:15,4,1,3
21/01/2012,16:30,5,1,4
21/01/2012,16:45,9,4,5
21/01/2012,17:00,2,1,1
21/01/2012,17:15,5,1,4
21/01/2012,17:30,5,0,5
21/01/2012,17:45,3,1,2
21/01/2012,18:00,1,1,0
21/01/2012,18:15,1,0,1
21/01/2012,18:30,0,0,0
21/01/2012,18:45,1,1,0
21/01/2012,19:00,4,1,3
21/01/2012,19:15,1,1,0
21/01/2012,19:30,0,0,0
21/01/2012,19:45,1,0,1
21/01/2012,20:00,0,0,0
21/01/2012,20:15,8,6,2
21/01/2012,20:30,0,0,0
21/01/2012,20:45,1,0,1
21/01/2012,21:00,0,0,0
21/01/2012,21:15,1,1,0
21/01/2012,21:30,0,0,0
21/01/2012,21:45,1,1,0
21/01/2012,22:00,0,0,0
21/01/2012,22:15,2,1,1
21/01/2012,22:30,0,0,0
21/01/2012,22:45,0,0,0
21/01/2012,23:00,2,1,1
21/01/2012,23:15,0,0,0
21/01/2012,23:30,1,1,0
21/01/2012,23:45,0,0,0
22/01/2012,00:00,0,0,0
22/01/2012,00:15,3,3,0
22/01/2012,00:30,0,0,0
22/01/2012,00:45,0,0,0
22/01/2012,01:00,0,0,0
22/01/2012,01:15,0,0,0
22/01/2012,01:30,0,0,0
22/01/2012,01:45,0,0,0
22/01/2012,02:00,0,0,0
22/01/2012,02:15,0,0,0
22/01/2012,02:30,0,0,0
22/01/2012,02:45,0,0,0
22/01/2012,03:00,72,15,57
22/01/2012,03:15,0,0,0
22/01/2012,03:30,0,0,0
22/01/2012,03:45,1,1,0
22/01/2012,04:00,0,0,0
22/01/2012,04:15,0,0,0
22/01/2012,04:30,0,0,0
22/01/2012,04:45,0,0,0
22/01/2012,05:00,0,0,0
22/01/2012,05:15,1,0,1
22/01/2012,05:30,0,0,0
22/01/2012,05:45,0,0,0
22/01/2012,06:00,2,2,0
22/01/2012,06:15,0,0,0
22/01/2012,06:30,0,0,0
22/01/2012,06:45,0,0,0
22/01/2012,07:00,0,0,0
22/01/2012,07:15,2,2,0
22/01/2012,07:30,0,0,0
22/01/2012,07:45,2,2,0
22/01/2012,08:00,4,3,1
22/01/2012,08:15,3,3,0
22/01/2012,08:30,6,5,1
22/01/2012,08:45,5,5,0
22/01/2012,09:00,8,3,5
22/01/2012,09:15,5,3,2
22/01/2012,09:30,6,2,4
22/01/2012,09:45,7,5,2
22/01/2012,10:00,6,2,4
22/01/2012,10:15,11,4,7
22/01/2012,10:30,5,4,1
22/01/2012,10:45,7,5,2
22/01/2012,11:00,12,5,7
22/01/2012,11:15,5,1,4
22/01/2012,11:30,2,1,1
22/01/2012,11:45,10,5,5
22/01/2012,12:00,9,4,5
22/01/2012,12:15,6,2,4
22/01/2012,12:30,9,2,7
22/01/2012,12:45,10,8,2
22/01/2012,13:00,15,5,10
22/01/2012,13:15,6,5,1
22/01/2012,13:30,6,1,5
22/01/2012,13:45,3,1,2
22/01/2012,14:00,6,3,3
22/01/2012,14:15,7,3,4
22/01/2012,14:30,4,0,4
22/01/2012,14:45,8,3,5
22/01/2012,15:00,2,1,1
22/01/2012,15:15,5,2,3
22/01/2012,15:30,4,2,2
22/01/2012,15:45,7,3,4
22/01/2012,16:00,5,2,3
22/01/2012,16:15,5,4,1
22/01/2012,16:30,5,0,5
22/01/2012,16:45,4,2,2
22/01/2012,17:00,0,0,0
22/01/2012,17:15,4,2,2
22/01/2012,17:30,4,1,3
22/01/2012,17:45,0,0,0
22/01/2012,18:00,1,1,0
22/01/2012,18:15,1,1,0
22/01/2012,18:30,1,1,0
22/01/2012,18:45,0,0,0
22/01/2012,19:00,0,0,0
22/01/2012,19:15,1,0,1
22/01/2012,19:30,1,0,1
22/01/2012,19:45,1,1,0
22/01/2012,20:00,1,1,0
22/01/2012,20:15,0,0,0
22/01/2012,20:30,0,0,0
22/01/2012,20:45,0,0,0
22/01/2012,21:00,0,0,0
22/01/2012,21:15,1,0,1
22/01/2012,21:30,0,0,0
22/01/2012,21:45,1,1,0
22/01/2012,22:00,0,0,0
22/01/2012,22:15,1,0,1
22/01/2012,22:30,0,0,0
22/01/2012,22:45,0,0,0
22/01/2012,23:00,0,0,0
22/01/2012,23:15,0,0,0
22/01/2012,23:30,0,0,0
22/01/2012,23:45,0,0,0
23/01/2012,00:00,0,0,0
23/01/2012,00:15,1,0,1
23/01/2012,00:30,0,0,0
23/01/2012,00:45,0,0,0
23/01/2012,01:00,0,0,0
23/01/2012,01:15,0,0,0
23/01/2012,01:30,0,0,0
23/01/2012,01:45,0,0,0
23/01/2012,02:00,0,0,0
23/01/2012,02:15,0,0,0
23/01/2012,02:30,0,0,0
23/01/2012,02:45,0,0,0
23/01/2012,03:00,82,26,56
23/01/2012,03:15,0,0,0
23/01/2012,03:30,0,0,0
23/01/2012,03:45,1,1,0
23/01/2012,04:00,1,1,0
23/01/2012,04:15,0,0,0
23/01/2012,04:30,3,1,2
23/01/2012,04:45,2,0,2
23/01/2012,05:00,0,0,0
23/01/2012,05:15,1,1,0
23/01/2012,05:30,1,0,1
23/01/2012,05:45,2,1,1
23/01/2012,06:00,2,2,0
23/01/2012,06:15,1,1,0
23/01/2012,06:30,2,1,1
23/01/2012,06:45,2,1,1
23/01/2012,07:00,8,6,2
23/01/2012,07:15,4,3,1
23/01/2012,07:30,7,2,5
23/01/2012,07:45,4,1,3
23/01/2012,08:00,8,5,3
23/01/2012,08:15,3,2,1
23/01/2012,08:30,7,1,6
23/01/2012,08:45,6,5,1
23/01/2012,09:00,10,10,0
23/01/2012,09:15,7,4,3
23/01/2012,09:30,5,3,2
23/01/2012,09:45,6,4,2
23/01/2012,10:00,2,2,0
23/01/2012,10:15,7,3,4
23/01/2012,10:30,6,2,4
23/01/2012,10:45,2,2,0
23/01/2012,11:00,5,3,2
23/01/2012,11:15,7,2,5
23/01/2012,11:30,0,0,0
23/01/2012,11:45,2,1,1
23/01/2012,12:00,5,3,2
23/01/2012,12:15,3,0,3
23/01/2012,12:30,5,4,1
23/01/2012,12:45,0,0,0
23/01/2012,13:00,3,1,2
23/01/2012,13:15,2,0,2
23/01/2012,13:30,1,0,1
23/01/2012,13:45,2,0,2
23/01/2012,14:00,6,1,5
23/01/2012,14:15,1,1,0
23/01/2012,14:30,6,2,4
23/01/2012,14:45,6,1,5
23/01/2012,15:00,5,1,4
23/01/2012,15:15,7,2,5
23/01/2012,15:30,6,3,3
23/01/2012,15:45,6,4,2
23/01/2012,16:00,2,1,1
23/01/2012,16:15,4,1,3
23/01/2012,16:30,3,2,1
23/01/2012,16:45,6,3,3
23/01/2012,17:00,5,1,4
23/01/2012,17:15,8,6,2
23/01/2012,17:30,7,2,5
23/01/2012,17:45,3,1,2
23/01/2012,18:00,10,6,4
23/01/2012,18:15,5,2,3
23/01/2012,18:30,3,2,1
23/01/2012,18:45,4,2,2
23/01/2012,19:00,5,1,4
23/01/2012,19:15,3,2,1
23/01/2012,19:30,6,4,2
23/01/2012,19:45,1,0,1
23/01/2012,20:00,6,4,2
23/01/2012,20:15,0,0,0
23/01/2012,20:30,1,1,0
23/01/2012,20:45,0,0,0
23/01/2012,21:00,0,0,0
23/01/2012,21:15,0,0,0
23/01/2012,21:30,0,0,0
23/01/2012,21:45,1,0,1
23/01/2012,22:00,0,0,0
23/01/2012,22:15,0,0,0
23/01/2012,22:30,1,0,1
23/01/2012,22:45,0,0,0
23/01/2012,23:00,1,0,1
23/01/2012,23:15,0,0,0
23/01/2012,23:30,0,0,0
23/01/2012,23:45,1,1,0
24/01/2012,00:00,0,0,0
24/01/2012,00:15,0,0,0
24/01/2012,00:30,0,0,0
24/01/2012,00:45,0,0,0
24/01/2012,01:00,0,0,0
24/01/2012,01:15,0,0,0
24/01/2012,01:30,1,1,0
24/01/2012,01:45,0,0,0
24/01/2012,02:00,1,0,1
24/01/2012,02:15,1,1,0
24/01/2012,02:30,0,0,0
24/01/2012,02:45,0,0,0
24/01/2012,03:00,80,17,63
24/01/2012,03:15,1,1,0
24/01/2012,03:30,1,0,1
24/01/2012,03:45,2,2,0
24/01/2012,04:00,1,1,0
24/01/2012,04:15,0,0,0
24/01/2012,04:30,0,0,0
24/01/2012,04:45,3,0,3
24/01/2012,05:00,1,0,1
24/01/2012,05:15,1,0,1
24/01/2012,05:30,5,4,1
24/01/2012,05:45,2,0,2
24/01/2012,06:00,9,3,6
24/01/2012,06:15,5,1,4
24/01/2012,06:30,11,4,7
24/01/2012,06:45,8,1,7
24/01/2012,07:00,18,8,10
24/01/2012,07:15,22,4,18
24/01/2012,07:30,16,7,9
24/01/2012,07:45,12,4,8
24/01/2012,08:00,12,8,4
24/01/2012,08:15,19,6,13
24/01/2012,08:30,13,9,4
24/01/2012,08:45,15,8,7
24/01/2012,09:00,8,4,4
24/01/2012,09:15,10,3,7
24/01/2012,09:30,3,2,1
24/01/2012,09:45,12,7,5
24/01/2012,10:00,11,7,4
24/01/2012,10:15,10,1,9
24/01/2012,10:30,4,2,2
24/01/2012,10:45,3,2,1
24/01/2012,11:00,9,3,6
24/01/2012,11:15,9,2,7
24/01/2012,11:30,13,5,8
24/01/2012,11:45,16,10,6
24/01/2012,12:00,7,6,1
24/01/2012,12:15,12,4,8
24/01/2012,12:30,8,5,3
24/01/2012,12:45,7,6,1
24/01/2012,13:00,12,5,7
24/01/2012,13:15,13,6,7
24/01/2012,13:30,8,3,5
24/01/2012,13:45,14,7,7
24/01/2012,14:00,17,6,11
24/01/2012,14:15,15,6,9
24/01/2012,14:30,11,3,8
24/01/2012,14:45,13,7,6
24/01/2012,15:00,11,5,6
24/01/2012,15:15,10,3,7
24/01/2012,15:30,16,9,7
24/01/2012,15:45,22,8,14
24/01/2012,16:00,10,2,8
24/01/2012,16:15,28,20,8
24/01/2012,16:30,18,9,9
24/01/2012,16:45,27,17,10
24/01/2012,17:00,28,13,15
24/01/2012,17:15,28,17,11
24/01/2012,17:30,20,9,11
24/01/2012,17:45,30,20,10
24/01/2012,18:00,21,12,9
24/01/2012,18:15,18,13,5
24/01/2012,18:30,12,9,3
24/01/2012,18:45,4,2,2
24/01/2012,19:00,9,3,6
24/01/2012,19:15,5,3,2
24/01/2012,19:30,6,4,2
24/01/2012,19:45,6,5,1
24/01/2012,20:00,3,1,2
24/01/2012,20:15,3,2,1
24/01/2012,20:30,2,1,1
24/01/2012,20:45,1,1,0
24/01/2012,21:00,5,2,3
24/01/2012,21:15,2,0,2
24/01/2012,21:30,4,1,3
24/01/2012,21:45,2,1,1
24/01/2012,22:00,1,1,0
24/01/2012,22:15,0,0,0
24/01/2012,22:30,0,0,0
24/01/2012,22:45,0,0,0
24/01/2012,23:00,0,0,0
24/01/2012,23:15,2,1,1
24/01/2012,23:30,0,0,0
24/01/2012,23:45,0,0,0
25/01/2012,00:00,3,1,2
25/01/2012,00:15,0,0,0
25/01/2012,00:30,0,0,0
25/01/2012,00:45,0,0,0
25/01/2012,01:00,0,0,0
25/01/2012,01:15,0,0,0
25/01/2012,01:30,0,0,0
25/01/2012,01:45,0,0,0
25/01/2012,02:00,3,0,3
25/01/2012,02:15,0,0,0
25/01/2012,02:30,0,0,0
25/01/2012,02:45,1,1,0
25/01/2012,03:00,82,19,63
25/01/2012,03:15,0,0,0
25/01/2012,03:30,0,0,0
25/01/2012,03:45,1,1,0
25/01/2012,04:00,0,0,0
25/01/2012,04:15,0,0,0
25/01/2012,04:30,0,0,0
25/01/2012,04:45,2,1,1
25/01/2012,05:00,4,1,3
25/01/2012,05:15,3,0,3
25/01/2012,05:30,5,3,2
25/01/2012,05:45,7,4,3
25/01/2012,06:00,3,3,0
25/01/2012,06:15,3,2,1
25/01/2012,06:30,9,4,5
25/01/2012,06:45,18,7,11
25/01/2012,07:00,15,7,8
25/01/2012,07:15,18,5,13
25/01/2012,07:30,15,4,11
25/01/2012,07:45,14,3,11
25/01/2012,08:00,25,6,19
25/01/2012,08:15,16,7,9
25/01/2012,08:30,13,2,11
25/01/2012,08:45,17,9,8
25/01/2012,09:00,10,7,3
25/01/2012,09:15,15,4,11
25/01/2012,09:30,6,2,4
25/01/2012,09:45,5,5,0
25/01/2012,10:00,2,1,1
25/01/2012,10:15,18,16,2
25/01/2012,10:30,15,15,0
25/01/2012,10:45,20,18,2
25/01/2012,11:00,16,5,11
25/01/2012,11:15,12,7,5
25/01/2012,11:30,47,45,2
25/01/2012,11:45,8,3,5
25/01/2012,12:00,16,15,1
25/01/2012,12:15,10,6,4
25/01/2012,12:30,13,10,3
25/01/2012,12:45,18,12,6
25/01/2012,13:00,13,10,3
25/01/2012,13:15,4,2,2
25/01/2012,13:30,14,5,9
25/01/2012,13:45,22,8,14
25/01/2012,14:00,10,6,4
25/01/2012,14:15,10,4,6
25/01/2012,14:30,10,2,8
25/01/2012,14:45,11,9,2
25/01/2012,15:00,8,6,2
25/01/2012,15:15,17,6,11
25/01/2012,15:30,9,4,5
25/01/2012,15:45,17,6,11
25/01/2012,16:00,9,2,7
25/01/2012,16:15,22,9,13
25/01/2012,16:30,17,8,9
25/01/2012,16:45,22,15,7
25/01/2012,17:00,28,17,11
25/01/2012,17:15,18,10,8
25/01/2012,17:30,16,7,9
25/01/2012,17:45,18,11,7
25/01/2012,18:00,15,6,9
25/01/2012,18:15,16,10,6
25/01/2012,18:30,7,6,1
25/01/2012,18:45,15,7,8
25/01/2012,19:00,10,4,6
25/01/2012,19:15,12,5,7
25/01/2012,19:30,6,6,0
25/01/2012,19:45,6,3,3
25/01/2012,20:00,1,0,1
25/01/2012,20:15,1,1,0
25/01/2012,20:30,2,2,0
25/01/2012,20:45,4,3,1
25/01/2012,21:00,7,4,3
25/01/2012,21:15,1,1,0
25/01/2012,21:30,2,2,0
25/01/2012,21:45,1,0,1
25/01/2012,22:00,2,1,1
25/01/2012,22:15,1,0,1
25/01/2012,22:30,2,1,1
25/01/2012,22:45,3,1,2
25/01/2012,23:00,4,3,1
25/01/2012,23:15,1,0,1
25/01/2012,23:30,0,0,0
25/01/2012,23:45,0,0,0
26/01/2012,00:00,1,0,1
26/01/2012,00:15,0,0,0
26/01/2012,00:30,0,0,0
26/01/2012,00:45,0,0,0
26/01/2012,01:00,1,1,0
26/01/2012,01:15,0,0,0
26/01/2012,01:30,0,0,0
26/01/2012,01:45,0,0,0
26/01/2012,02:00,0,0,0
26/01/2012,02:15,0,0,0
26/01/2012,02:30,0,0,0
26/01/2012,02:45,0,0,0
26/01/2012,03:00,75,14,61
26/01/2012,03:15,0,0,0
26/01/2012,03:30,0,0,0
26/01/2012,03:45,0,0,0
26/01/2012,04:00,0,0,0
26/01/2012,04:15,1,1,0
26/01/2012,04:30,0,0,0
26/01/2012,04:45,0,0,0
26/01/2012,05:00,1,1,0
26/01/2012,05:15,1,0,1
26/01/2012,05:30,3,1,2
26/01/2012,05:45,2,2,0
26/01/2012,06:00,3,3,0
26/01/2012,06:15,6,2,4
26/01/2012,06:30,7,4,3
26/01/2012,06:45,12,6,6
26/01/2012,07:00,9,4,5
26/01/2012,07:15,12,6,6
26/01/2012,07:30,16,4,12
26/01/2012,07:45,9,2,7
26/01/2012,08:00,12,6,6
26/01/2012,08:15,5,3,2
26/01/2012,08:30,12,4,8
26/01/2012,08:45,7,3,4
26/01/2012,09:00,11,6,5
26/01/2012,09:15,8,4,4
26/01/2012,09:30,10,7,3
26/01/2012,09:45,6,5,1
26/01/2012,10:00,7,2,5
26/01/2012,10:15,7,5,2
26/01/2012,10:30,8,5,3
26/01/2012,10:45,3,0,3
26/01/2012,11:00,9,3,6
26/01/2012,11:15,8,2,6
26/01/2012,11:30,4,1,3
26/01/2012,11:45,7,4,3
26/01/2012,12:00,6,1,5
26/01/2012,12:15,4,2,2
26/01/2012,12:30,4,2,2
26/01/2012,12:45,7,4,3
26/01/2012,13:00,2,1,1
26/01/2012,13:15,5,1,4
26/01/2012,13:30,4,1,3
26/01/2012,13:45,6,2,4
26/01/2012,14:00,9,2,7
26/01/2012,14:15,6,0,6
26/01/2012,14:30,8,4,4
26/01/2012,14:45,13,6,7
26/01/2012,15:00,4,2,2
26/01/2012,15:15,14,2,12
26/01/2012,15:30,8,3,5
26/01/2012,15:45,9,5,4
26/01/2012,16:00,16,8,8
26/01/2012,16:15,7,2,5
26/01/2012,16:30,14,10,4
26/01/2012,16:45,12,5,7
26/01/2012,17:00,22,12,10
26/01/2012,17:15,24,15,9
26/01/2012,17:30,19,9,10
26/01/2012,17:45,15,7,8
26/01/2012,18:00,12,5,7
26/01/2012,18:15,8,4,4
26/01/2012,18:30,13,7,6
26/01/2012,18:45,6,2,4
26/01/2012,19:00,7,6,1
26/01/2012,19:15,15,4,11
26/01/2012,19:30,6,3,3
26/01/2012,19:45,12,7,5
26/01/2012,20:00,4,0,4
26/01/2012,20:15,2,0,2
26/01/2012,20:30,0,0,0
26/01/2012,20:45,5,3,2
26/01/2012,21:00,2,0,2
26/01/2012,21:15,4,4,0
26/01/2012,21:30,5,1,4
26/01/2012,21:45,0,0,0
26/01/2012,22:00,2,1,1
26/01/2012,22:15,2,1,1
26/01/2012,22:30,0,0,0
26/01/2012,22:45,2,1,1
26/01/2012,23:00,0,0,0
26/01/2012,23:15,2,1,1
26/01/2012,23:30,0,0,0
26/01/2012,23:45,0,0,0
27/01/2012,00:00,3,2,1
27/01/2012,00:15,0,0,0
27/01/2012,00:30,0,0,0
27/01/2012,00:45,0,0,0
27/01/2012,01:00,1,1,0
27/01/2012,01:15,0,0,0
27/01/2012,01:30,0,0,0
27/01/2012,01:45,0,0,0
27/01/2012,02:00,0,0,0
27/01/2012,02:15,0,0,0
27/01/2012,02:30,0,0,0
27/01/2012,02:45,0,0,0
27/01/2012,03:00,65,18,47
27/01/2012,03:15,2,0,2
27/01/2012,03:30,0,0,0
27/01/2012,03:45,0,0,0
27/01/2012,04:00,0,0,0
27/01/2012,04:15,1,1,0
27/01/2012,04:30,0,0,0
27/01/2012,04:45,1,0,1
27/01/2012,05:00,3,1,2
27/01/2012,05:15,3,0,3
27/01/2012,05:30,6,3,3
27/01/2012,05:45,5,1,4
27/01/2012,06:00,3,2,1
27/01/2012,06:15,4,4,0
27/01/2012,06:30,7,5,2
27/01/2012,06:45,14,8,6
27/01/2012,07:00,10,5,5
27/01/2012,07:15,11,6,5
27/01/2012,07:30,8,5,3
27/01/2012,07:45,5,2,3
27/01/2012,08:00,9,4,5
27/01/2012,08:15,8,4,4
27/01/2012,08:30,12,8,4
27/01/2012,08:45,9,2,7
27/01/2012,09:00,4,3,1
27/01/2012,09:15,5,4,1
27/01/2012,09:30,3,2,1
27/01/2012,09:45,3,3,0
27/01/2012,10:00,2,1,1
27/01/2012,10:15,9,4,5
27/01/2012,10:30,5,4,1
27/01/2012,10:45,3,2,1
27/01/2012,11:00,5,2,3
27/01/2012,11:15,5,1,4
27/01/2012,11:30,7,5,2
27/01/2012,11:45,4,2,2
27/01/2012,12:00,4,2,2
27/01/2012,12:15,4,1,3
27/01/2012,12:30,7,0,7
27/01/2012,12:45,10,5,5
27/01/2012,13:00,7,3,4
27/01/2012,13:15,8,4,4
27/01/2012,13:30,8,2,6
27/01/2012,13:45,8,2,6
27/01/2012,14:00,12,5,7
27/01/2012,14:15,15,4,11
27/01/2012,14:30,5,2,3
27/01/2012,14:45,11,5,6
27/01/2012,15:00,13,5,8
27/01/2012,15:15,12,6,6
27/01/2012,15:30,8,5,3
27/01/2012,15:45,19,8,11
27/01/2012,16:00,13,6,7
27/01/2012,16:15,11,5,6
27/01/2012,16:30,9,3,6
27/01/2012,16:45,11,5,6
27/01/2012,17:00,23,11,12
27/01/2012,17:15,14,9,5
27/01/2012,17:30,12,6,6
27/01/2012,17:45,9,4,5
27/01/2012,18:00,8,6,2
27/01/2012,18:15,6,3,3
27/01/2012,18:30,8,6,2
27/01/2012,18:45,8,5,3
27/01/2012,19:00,5,1,4
27/01/2012,19:15,7,1,6
27/01/2012,19:30,3,1,2
27/01/2012,19:45,9,6,3
27/01/2012,20:00,3,2,1
27/01/2012,20:15,1,0,1
27/01/2012,20:30,1,1,0
27/01/2012,20:45,3,2,1
27/01/2012,21:00,1,0,1
27/01/2012,21:15,2,1,1
27/01/2012,21:30,1,1,0
27/01/2012,21:45,0,0,0
27/01/2012,22:00,1,0,1
27/01/2012,22:15,0,0,0
27/01/2012,22:30,1,1,0
27/01/2012,22:45,2,1,1
27/01/2012,23:00,0,0,0
27/01/2012,23:15,0,0,0
27/01/2012,23:30,0,0,0
27/01/2012,23:45,1,0,1
28/01/2012,00:00,1,1,0
28/01/2012,00:15,0,0,0
28/01/2012,00:30,0,0,0
28/01/2012,00:45,0,0,0
28/01/2012,01:00,0,0,0
28/01/2012,01:15,1,1,0
28/01/2012,01:30,3,3,0
28/01/2012,01:45,0,0,0
28/01/2012,02:00,0,0,0
28/01/2012,02:15,0,0,0
28/01/2012,02:30,0,0,0
28/01/2012,02:45,2,2,0
28/01/2012,03:00,86,16,70
28/01/2012,03:15,0,0,0
28/01/2012,03:30,0,0,0
28/01/2012,03:45,1,1,0
28/01/2012,04:00,0,0,0
28/01/2012,04:15,0,0,0
28/01/2012,04:30,0,0,0
28/01/2012,04:45,0,0,0
28/01/2012,05:00,1,1,0
28/01/2012,05:15,2,2,0
28/01/2012,05:30,0,0,0
28/01/2012,05:45,5,4,1
28/01/2012,06:00,1,0,1
28/01/2012,06:15,7,5,2
28/01/2012,06:30,2,1,1
28/01/2012,06:45,4,3,1
28/01/2012,07:00,12,6,6
28/01/2012,07:15,1,1,0
28/01/2012,07:30,6,3,3
28/01/2012,07:45,17,10,7
28/01/2012,08:00,9,4,5
28/01/2012,08:15,11,7,4
28/01/2012,08:30,25,14,11
28/01/2012,08:45,18,11,7
28/01/2012,09:00,17,10,7
28/01/2012,09:15,17,12,5
28/01/2012,09:30,11,8,3
28/01/2012,09:45,11,6,5
28/01/2012,10:00,15,8,7
28/01/2012,10:15,20,11,9
28/01/2012,10:30,18,8,10
28/01/2012,10:45,27,18,9
28/01/2012,11:00,34,21,13
28/01/2012,11:15,52,29,23
28/01/2012,11:30,31,19,12
28/01/2012,11:45,26,16,10
28/01/2012,12:00,40,24,16
28/01/2012,12:15,20,9,11
28/01/2012,12:30,32,16,16
28/01/2012,12:45,23,9,14
28/01/2012,13:00,33,17,16
28/01/2012,13:15,38,12,26
28/01/2012,13:30,24,15,9
28/01/2012,13:45,49,28,21
28/01/2012,14:00,33,18,15
28/01/2012,14:15,54,22,32
28/01/2012,14:30,22,9,13
28/01/2012,14:45,43,19,24
28/01/2012,15:00,46,25,21
28/01/2012,15:15,48,20,28
28/01/2012,15:30,49,23,26
28/01/2012,15:45,45,15,30
28/01/2012,16:00,36,20,16
28/01/2012,16:15,44,19,25
28/01/2012,16:30,21,12,9
28/01/2012,16:45,29,16,13
28/01/2012,17:00,17,8,9
28/01/2012,17:15,12,5,7
28/01/2012,17:30,16,5,11
28/01/2012,17:45,7,3,4
28/01/2012,18:00,4,0,4
28/01/2012,18:15,3,1,2
28/01/2012,18:30,1,1,0
28/01/2012,18:45,2,2,0
28/01/2012,19:00,1,1,0
28/01/2012,19:15,1,1,0
28/01/2012,19:30,3,3,0
28/01/2012,19:45,0,0,0
28/01/2012,20:00,2,2,0
28/01/2012,20:15,2,0,2
28/01/2012,20:30,0,0,0
28/01/2012,20:45,2,2,0
28/01/2012,21:00,0,0,0
28/01/2012,21:15,0,0,0
28/01/2012,21:30,1,0,1
28/01/2012,21:45,0,0,0
28/01/2012,22:00,0,0,0
28/01/2012,22:15,0,0,0
28/01/2012,22:30,2,1,1
28/01/2012,22:45,1,1,0
28/01/2012,23:00,1,0,1
28/01/2012,23:15,0,0,0
28/01/2012,23:30,0,0,0
28/01/2012,23:45,0,0,0
29/01/2012,00:00,1,1,0
29/01/2012,00:15,0,0,0
29/01/2012,00:30,0,0,0
29/01/2012,00:45,0,0,0
29/01/2012,01:00,0,0,0
29/01/2012,01:15,1,1,0
29/01/2012,01:30,2,0,2
29/01/2012,01:45,0,0,0
29/01/2012,02:00,0,0,0
29/01/2012,02:15,0,0,0
29/01/2012,02:30,0,0,0
29/01/2012,02:45,1,1,0
29/01/2012,03:00,78,9,69
29/01/2012,03:15,0,0,0
29/01/2012,03:30,0,0,0
29/01/2012,03:45,1,1,0
29/01/2012,04:00,1,0,1
29/01/2012,04:15,0,0,0
29/01/2012,04:30,0,0,0
29/01/2012,04:45,0,0,0
29/01/2012,05:00,0,0,0
29/01/2012,05:15,0,0,0
29/01/2012,05:30,1,1,0
29/01/2012,05:45,1,0,1
29/01/2012,06:00,1,1,0
29/01/2012,06:15,0,0,0
29/01/2012,06:30,0,0,0
29/01/2012,06:45,1,1,0
29/01/2012,07:00,2,2,0
29/01/2012,07:15,4,2,2
29/01/2012,07:30,3,1,2
29/01/2012,07:45,5,3,2
29/01/2012,08:00,4,2,2
29/01/2012,08:15,11,3,8
29/01/2012,08:30,7,0,7
29/01/2012,08:45,10,7,3
29/01/2012,09:00,11,8,3
29/01/2012,09:15,11,7,4
29/01/2012,09:30,14,9,5
29/01/2012,09:45,13,5,8
29/01/2012,10:00,12,6,6
29/01/2012,10:15,14,6,8
29/01/2012,10:30,14,10,4
29/01/2012,10:45,22,8,14
29/01/2012,11:00,27,14,13
29/01/2012,11:15,26,13,13
29/01/2012,11:30,22,10,12
29/01/2012,11:45,16,7,9
29/01/2012,12:00,19,7,12
29/01/2012,12:15,22,13,9
29/01/2012,12:30,18,12,6
29/01/2012,12:45,22,6,16
29/01/2012,13:00,18,13,5
29/01/2012,13:15,13,6,7
29/01/2012,13:30,27,14,13
29/01/2012,13:45,28,14,14
29/01/2012,14:00,16,7,9
29/01/2012,14:15,25,10,15
29/01/2012,14:30,27,10,17
29/01/2012,14:45,14,5,9
29/01/2012,15:00,22,11,11
29/01/2012,15:15,20,13,7
29/01/2012,15:30,25,14,11
29/01/2012,15:45,21,12,9
29/01/2012,16:00,31,16,15
29/01/2012,16:15,13,9,4
29/01/2012,16:30,17,10,7
29/01/2012,16:45,15,6,9
29/01/2012,17:00,23,8,15
29/01/2012,17:15,16,4,12
29/01/2012,17:30,4,1,3
29/01/2012,17:45,5,2,3
29/01/2012,18:00,6,2,4
29/01/2012,18:15,10,6,4
29/01/2012,18:30,1,0,1
29/01/2012,18:45,1,1,0
29/01/2012,19:00,5,3,2
29/01/2012,19:15,3,1,2
29/01/2012,19:30,0,0,0
29/01/2012,19:45,1,1,0
29/01/2012,20:00,3,2,1
29/01/2012,20:15,1,1,0
29/01/2012,20:30,0,0,0
29/01/2012,20:45,2,1,1
29/01/2012,21:00,1,0,1
29/01/2012,21:15,0,0,0
29/01/2012,21:30,0,0,0
29/01/2012,21:45,1,1,0
29/01/2012,22:00,0,0,0
29/01/2012,22:15,1,0,1
29/01/2012,22:30,2,0,2
29/01/2012,22:45,0,0,0
29/01/2012,23:00,0,0,0
29/01/2012,23:15,0,0,0
29/01/2012,23:30,0,0,0
29/01/2012,23:45,0,0,0
30/01/2012,00:00,0,0,0
30/01/2012,00:15,0,0,0
30/01/2012,00:30,0,0,0
30/01/2012,00:45,1,1,0
30/01/2012,01:00,0,0,0
30/01/2012,01:15,0,0,0
30/01/2012,01:30,0,0,0
30/01/2012,01:45,1,0,1
30/01/2012,02:00,0,0,0
30/01/2012,02:15,0,0,0
30/01/2012,02:30,0,0,0
30/01/2012,02:45,0,0,0
30/01/2012,03:00,77,26,51
30/01/2012,03:15,0,0,0
30/01/2012,03:30,0,0,0
30/01/2012,03:45,2,1,1
30/01/2012,04:00,1,1,0
30/01/2012,04:15,0,0,0
30/01/2012,04:30,1,1,0
30/01/2012,04:45,1,0,1
30/01/2012,05:00,3,1,2
30/01/2012,05:15,0,0,0
30/01/2012,05:30,5,2,3
30/01/2012,05:45,6,3,3
30/01/2012,06:00,6,4,2
30/01/2012,06:15,5,3,2
30/01/2012,06:30,16,5,11
30/01/2012,06:45,8,3,5
30/01/2012,07:00,12,6,6
30/01/2012,07:15,14,2,12
30/01/2012,07:30,12,5,7
30/01/2012,07:45,20,5,15
30/01/2012,08:00,14,4,10
30/01/2012,08:15,14,5,9
30/01/2012,08:30,11,9,2
30/01/2012,08:45,16,9,7
30/01/2012,09:00,7,5,2
30/01/2012,09:15,8,4,4
30/01/2012,09:30,8,5,3
30/01/2012,09:45,7,5,2
30/01/2012,10:00,12,7,5
30/01/2012,10:15,5,4,1
30/01/2012,10:30,4,4,0
30/01/2012,10:45,7,1,6
30/01/2012,11:00,9,4,5
30/01/2012,11:15,12,3,9
30/01/2012,11:30,14,10,4
30/01/2012,11:45,4,2,2
30/01/2012,12:00,3,2,1
30/01/2012,12:15,7,4,3
30/01/2012,12:30,4,2,2
30/01/2012,12:45,1,1,0
30/01/2012,13:00,11,8,3
30/01/2012,13:15,5,4,1
30/01/2012,13:30,26,13,13
30/01/2012,13:45,6,4,2
30/01/2012,14:00,4,1,3
30/01/2012,14:15,7,4,3
30/01/2012,14:30,7,3,4
30/01/2012,14:45,9,3,6
30/01/2012,15:00,14,6,8
30/01/2012,15:15,9,4,5
30/01/2012,15:30,13,7,6
30/01/2012,15:45,14,9,5
30/01/2012,16:00,13,3,10
30/01/2012,16:15,10,5,5
30/01/2012,16:30,19,10,9
30/01/2012,16:45,21,10,11
30/01/2012,17:00,12,4,8
30/01/2012,17:15,17,12,5
30/01/2012,17:30,22,10,12
30/01/2012,17:45,18,13,5
30/01/2012,18:00,10,4,6
30/01/2012,18:15,14,10,4
30/01/2012,18:30,13,8,5
30/01/2012,18:45,9,6,3
30/01/2012,19:00,5,2,3
30/01/2012,19:15,8,6,2
30/01/2012,19:30,2,1,1
30/01/2012,19:45,7,4,3
30/01/2012,20:00,3,2,1
30/01/2012,20:15,3,3,0
30/01/2012,20:30,4,1,3
30/01/2012,20:45,2,1,1
30/01/2012,21:00,5,1,4
30/01/2012,21:15,1,0,1
30/01/2012,21:30,1,0,1
30/01/2012,21:45,2,1,1
30/01/2012,22:00,2,1,1
30/01/2012,22:15,0,0,0
30/01/2012,22:30,1,1,0
30/01/2012,22:45,0,0,0
30/01/2012,23:00,0,0,0
30/01/2012,23:15,0,0,0
30/01/2012,23:30,1,0,1
30/01/2012,23:45,0,0,0
31/01/2012,00:00,0,0,0
31/01/2012,00:15,0,0,0
31/01/2012,00:30,0,0,0
31/01/2012,00:45,0,0,0
31/01/2012,01:00,0,0,0
31/01/2012,01:15,1,1,0
31/01/2012,01:30,0,0,0
31/01/2012,01:45,0,0,0
31/01/2012,02:00,0,0,0
31/01/2012,02:15,0,0,0
31/01/2012,02:30,2,2,0
31/01/2012,02:45,0,0,0
31/01/2012,03:00,89,19,70
31/01/2012,03:15,0,0,0
31/01/2012,03:30,0,0,0
31/01/2012,03:45,2,2,0
31/01/2012,04:00,0,0,0
31/01/2012,04:15,2,1,1
31/01/2012,04:30,0,0,0
31/01/2012,04:45,1,0,1
31/01/2012,05:00,3,2,1
31/01/2012,05:15,1,0,1
31/01/2012,05:30,5,2,3
31/01/2012,05:45,4,1,3
31/01/2012,06:00,9,5,4
31/01/2012,06:15,5,1,4
31/01/2012,06:30,17,8,9
31/01/2012,06:45,18,6,12
31/01/2012,07:00,20,6,14
31/01/2012,07:15,29,9,20
31/01/2012,07:30,17,4,13
31/01/2012,07:45,20,6,14
31/01/2012,08:00,21,11,10
31/01/2012,08:15,19,8,11
31/01/2012,08:30,14,6,8
31/01/2012,08:45,10,4,6
31/01/2012,09:00,19,9,10
31/01/2012,09:15,7,3,4
31/01/2012,09:30,10,7,3
31/01/2012,09:45,11,4,7
31/01/2012,10:00,7,1,6
31/01/2012,10:15,5,4,1
31/01/2012,10:30,5,2,3
31/01/2012,10:45,5,1,4
31/01/2012,11:00,5,1,4
31/01/2012,11:15,7,4,3
31/01/2012,11:30,6,1,5
31/01/2012,11:45,12,7,5
31/01/2012,12:00,10,8,2
31/01/2012,12:15,4,1,3
31/01/2012,12:30,16,9,7
31/01/2012,12:45,13,7,6
31/01/2012,13:00,18,10,8
31/01/2012,13:15,14,7,7
31/01/2012,13:30,15,9,6
31/01/2012,13:45,25,10,15
31/01/2012,14:00,17,7,10
31/01/2012,14:15,21,10,11
31/01/2012,14:30,23,12,11
31/01/2012,14:45,34,19,15
31/01/2012,15:00,24,10,14
31/01/2012,15:15,26,11,15
31/01/2012,15:30,22,15,7
31/01/2012,15:45,24,10,14
31/01/2012,16:00,27,12,15
31/01/2012,16:15,38,15,23
31/01/2012,16:30,28,13,15
31/01/2012,16:45,37,21,16
31/01/2012,17:00,34,16,18
31/01/2012,17:15,34,18,16
31/01/2012,17:30,39,23,16
31/01/2012,17:45,41,23,18
31/01/2012,18:00,31,19,12
31/01/2012,18:15,34,21,13
31/01/2012,18:30,16,8,8
31/01/2012,18:45,13,6,7
31/01/2012,19:00,12,8,4
31/01/2012,19:15,10,5,5
31/01/2012,19:30,13,6,7
31/01/2012,19:45,10,6,4
31/01/2012,20:00,1,0,1
31/01/2012,20:15,5,2,3
31/01/2012,20:30,5,3,2
31/01/2012,20:45,6,4,2
31/01/2012,21:00,7,4,3
31/01/2012,21:15,1,0,1
31/01/2012,21:30,5,4,1
31/01/2012,21:45,2,2,0
31/01/2012,22:00,1,1,0
31/01/2012,22:15,2,0,2
31/01/2012,22:30,0,0,0
31/01/2012,22:45,0,0,0
31/01/2012,23:00,0,0,0
31/01/2012,23:15,0,0,0
31/01/2012,23:30,1,0,1
31/01/2012,23:45,0,0,0
01/02/2012,00:00,0,0,0
01/02/2012,00:15,0,0,0
01/02/2012,00:30,1,1,0
01/02/2012,00:45,1,1,0
01/02/2012,01:00,0,0,0
01/02/2012,01:15,0,0,0
01/02/2012,01:30,0,0,0
01/02/2012,01:45,1,1,0
01/02/2012,02:00,0,0,0
01/02/2012,02:15,0,0,0
01/02/2012,02:30,0,0,0
01/02/2012,02:45,0,0,0
01/02/2012,03:00,74,20,54
01/02/2012,03:15,0,0,0
01/02/2012,03:30,0,0,0
01/02/2012,03:45,1,1,0
01/02/2012,04:00,2,1,1
01/02/2012,04:15,0,0,0
01/02/2012,04:30,2,0,2
01/02/2012,04:45,3,0,3
01/02/2012,05:00,2,0,2
01/02/2012,05:15,2,2,0
01/02/2012,05:30,5,1,4
01/02/2012,05:45,4,3,1
01/02/2012,06:00,4,3,1
01/02/2012,06:15,4,2,2
01/02/2012,06:30,10,6,4
01/02/2012,06:45,7,4,3
01/02/2012,07:00,5,2,3
01/02/2012,07:15,18,9,9
01/02/2012,07:30,16,4,12
01/02/2012,07:45,18,4,14
01/02/2012,08:00,21,9,12
01/02/2012,08:15,11,4,7
01/02/2012,08:30,25,14,11
01/02/2012,08:45,19,9,10
01/02/2012,09:00,13,8,5
01/02/2012,09:15,6,4,2
01/02/2012,09:30,10,6,4
01/02/2012,09:45,15,7,8
01/02/2012,10:00,5,3,2
01/02/2012,10:15,8,7,1
01/02/2012,10:30,7,0,7
01/02/2012,10:45,4,3,1
01/02/2012,11:00,14,14,0
01/02/2012,11:15,8,3,5
01/02/2012,11:30,11,9,2
01/02/2012,11:45,15,6,9
01/02/2012,12:00,14,6,8
01/02/2012,12:15,13,9,4
01/02/2012,12:30,18,16,2
01/02/2012,12:45,8,5,3
01/02/2012,13:00,13,7,6
01/02/2012,13:15,15,5,10
01/02/2012,13:30,20,13,7
01/02/2012,13:45,22,7,15
01/02/2012,14:00,9,4,5
01/02/2012,14:15,21,11,10
01/02/2012,14:30,16,8,8
01/02/2012,14:45,16,7,9
01/02/2012,15:00,16,6,10
01/02/2012,15:15,22,10,12
01/02/2012,15:30,26,12,14
01/02/2012,15:45,24,11,13
01/02/2012,16:00,31,12,19
01/02/2012,16:15,24,17,7
01/02/2012,16:30,31,11,20
01/02/2012,16:45,27,14,13
01/02/2012,17:00,30,13,17
01/02/2012,17:15,25,12,13
01/02/2012,17:30,21,12,9
01/02/2012,17:45,12,6,6
01/02/2012,18:00,34,20,14
01/02/2012,18:15,24,11,13
01/02/2012,18:30,12,7,5
01/02/2012,18:45,13,9,4
01/02/2012,19:00,18,9,9
01/02/2012,19:15,11,8,3
01/02/2012,19:30,7,2,5
01/02/2012,19:45,7,4,3
01/02/2012,20:00,10,6,4
01/02/2012,20:15,3,2,1
01/02/2012,20:30,4,1,3
01/02/2012,20:45,3,2,1
01/02/2012,21:00,3,1,2
01/02/2012,21:15,3,2,1
01/02/2012,21:30,3,2,1
01/02/2012,21:45,6,3,3
01/02/2012,22:00,1,1,0
01/02/2012,22:15,4,1,3
01/02/2012,22:30,1,1,0
01/02/2012,22:45,3,0,3
01/02/2012,23:00,0,0,0
01/02/2012,23:15,0,0,0
01/02/2012,23:30,1,1,0
01/02/2012,23:45,0,0,0
02/02/2012,00:00,0,0,0
02/02/2012,00:15,1,1,0
02/02/2012,00:30,1,1,0
02/02/2012,00:45,1,1,0
02/02/2012,01:00,0,0,0
02/02/2012,01:15,0,0,0
02/02/2012,01:30,0,0,0
02/02/2012,01:45,0,0,0
02/02/2012,02:00,0,0,0
02/02/2012,02:15,1,0,1
02/02/2012,02:30,0,0,0
02/02/2012,02:45,1,1,0
02/02/2012,03:00,105,26,79
02/02/2012,03:15,0,0,0
02/02/2012,03:30,0,0,0
02/02/2012,03:45,0,0,0
02/02/2012,04:00,1,1,0
02/02/2012,04:15,1,0,1
02/02/2012,04:30,0,0,0
02/02/2012,04:45,0,0,0
02/02/2012,05:00,1,0,1
02/02/2012,05:15,1,0,1
02/02/2012,05:30,4,3,1
02/02/2012,05:45,2,1,1
02/02/2012,06:00,8,2,6
02/02/2012,06:15,3,1,2
02/02/2012,06:30,11,5,6
02/02/2012,06:45,9,5,4
02/02/2012,07:00,14,5,9
02/02/2012,07:15,12,6,6
02/02/2012,07:30,11,4,7
02/02/2012,07:45,12,3,9
02/02/2012,08:00,11,6,5
02/02/2012,08:15,12,5,7
02/02/2012,08:30,7,2,5
02/02/2012,08:45,8,6,2
02/02/2012,09:00,7,3,4
02/02/2012,09:15,6,5,1
02/02/2012,09:30,4,1,3
02/02/2012,09:45,5,3,2
02/02/2012,10:00,3,2,1
02/02/2012,10:15,3,1,2
02/02/2012,10:30,6,2,4
02/02/2012,10:45,0,0,0
02/02/2012,11:00,4,2,2
02/02/2012,11:15,4,1,3
02/02/2012,11:30,4,2,2
02/02/2012,11:45,7,1,6
02/02/2012,12:00,3,0,3
02/02/2012,12:15,5,1,4
02/02/2012,12:30,4,2,2
02/02/2012,12:45,6,2,4
02/02/2012,13:00,5,0,5
02/02/2012,13:15,6,3,3
02/02/2012,13:30,8,5,3
02/02/2012,13:45,6,0,6
02/02/2012,14:00,7,4,3
02/02/2012,14:15,8,2,6
02/02/2012,14:30,8,3,5
02/02/2012,14:45,4,2,2
02/02/2012,15:00,15,8,7
02/02/2012,15:15,16,5,11
02/02/2012,15:30,12,4,8
02/02/2012,15:45,17,8,9
02/02/2012,16:00,13,9,4
02/02/2012,16:15,12,5,7
02/02/2012,16:30,12,5,7
02/02/2012,16:45,25,15,10
02/02/2012,17:00,16,10,6
02/02/2012,17:15,20,8,12
02/02/2012,17:30,20,8,12
02/02/2012,17:45,8,4,4
02/02/2012,18:00,27,9,18
02/02/2012,18:15,14,4,10
02/02/2012,18:30,8,2,6
02/02/2012,18:45,4,3,1
02/02/2012,19:00,9,2,7
02/02/2012,19:15,9,5,4
02/02/2012,19:30,7,6,1
02/02/2012,19:45,3,2,1
02/02/2012,20:00,1,1,0
02/02/2012,20:15,1,0,1
02/02/2012,20:30,2,1,1
02/02/2012,20:45,2,0,2
02/02/2012,21:00,7,7,0
02/02/2012,21:15,0,0,0
02/02/2012,21:30,1,1,0
02/02/2012,21:45,1,1,0
02/02/2012,22:00,1,1,0
02/02/2012,22:15,0,0,0
02/02/2012,22:30,0,0,0
02/02/2012,22:45,2,1,1
02/02/2012,23:00,0,0,0
02/02/2012,23:15,0,0,0
02/02/2012,23:30,0,0,0
02/02/2012,23:45,1,0,1
03/02/2012,00:00,0,0,0
03/02/2012,00:15,0,0,0
03/02/2012,00:30,1,1,0
03/02/2012,00:45,0,0,0
03/02/2012,01:00,0,0,0
03/02/2012,01:15,0,0,0
03/02/2012,01:30,1,1,0
03/02/2012,01:45,1,0,1
03/02/2012,02:00,0,0,0
03/02/2012,02:15,0,0,0
03/02/2012,02:30,0,0,0
03/02/2012,02:45,0,0,0
03/02/2012,03:00,83,35,48
03/02/2012,03:15,1,0,1
03/02/2012,03:30,0,0,0
03/02/2012,03:45,0,0,0
03/02/2012,04:00,0,0,0
03/02/2012,04:15,2,1,1
03/02/2012,04:30,1,0,1
03/02/2012,04:45,3,1,2
03/02/2012,05:00,1,1,0
03/02/2012,05:15,2,0,2
03/02/2012,05:30,1,0,1
03/02/2012,05:45,7,3,4
03/02/2012,06:00,3,3,0
03/02/2012,06:15,4,2,2
03/02/2012,06:30,10,4,6
03/02/2012,06:45,10,4,6
03/02/2012,07:00,13,4,9
03/02/2012,07:15,13,6,7
03/02/2012,07:30,14,5,9
03/02/2012,07:45,23,10,13
03/02/2012,08:00,13,7,6
03/02/2012,08:15,16,5,11
03/02/2012,08:30,17,9,8
03/02/2012,08:45,9,2,7
03/02/2012,09:00,12,7,5
03/02/2012,09:15,12,6,6
03/02/2012,09:30,8,4,4
03/02/2012,09:45,9,6,3
03/02/2012,10:00,13,12,1
03/02/2012,10:15,7,5,2
03/02/2012,10:30,10,10,0
03/02/2012,10:45,23,19,4
03/02/2012,11:00,33,30,3
03/02/2012,11:15,27,20,7
03/02/2012,11:30,9,6,3
03/02/2012,11:45,14,8,6
03/02/2012,12:00,9,7,2
03/02/2012,12:15,12,8,4
03/02/2012,12:30,14,13,1
03/02/2012,12:45,16,13,3
03/02/2012,13:00,21,13,8
03/02/2012,13:15,12,9,3
03/02/2012,13:30,25,18,7
03/02/2012,13:45,30,19,11
03/02/2012,14:00,19,7,12
03/02/2012,14:15,12,7,5
03/02/2012,14:30,11,4,7
03/02/2012,14:45,13,6,7
03/02/2012,15:00,11,6,5
03/02/2012,15:15,12,5,7
03/02/2012,15:30,16,7,9
03/02/2012,15:45,19,10,9
03/02/2012,16:00,15,7,8
03/02/2012,16:15,21,13,8
03/02/2012,16:30,17,7,10
03/02/2012,16:45,15,6,9
03/02/2012,17:00,18,12,6
03/02/2012,17:15,23,13,10
03/02/2012,17:30,15,5,10
03/02/2012,17:45,18,12,6
03/02/2012,18:00,13,8,5
03/02/2012,18:15,10,5,5
03/02/2012,18:30,11,5,6
03/02/2012,18:45,6,5,1
03/02/2012,19:00,3,0,3
03/02/2012,19:15,4,2,2
03/02/2012,19:30,7,2,5
03/02/2012,19:45,4,2,2
03/02/2012,20:00,1,1,0
03/02/2012,20:15,0,0,0
03/02/2012,20:30,1,1,0
03/02/2012,20:45,5,4,1
03/02/2012,21:00,1,1,0
03/02/2012,21:15,5,3,2
03/02/2012,21:30,2,2,0
03/02/2012,21:45,1,1,0
03/02/2012,22:00,2,1,1
03/02/2012,22:15,0,0,0
03/02/2012,22:30,3,2,1
03/02/2012,22:45,1,1,0
03/02/2012,23:00,0,0,0
03/02/2012,23:15,3,1,2
03/02/2012,23:30,1,1,0
03/02/2012,23:45,2,2,0
04/02/2012,00:00,1,0,1
04/02/2012,00:15,1,1,0
04/02/2012,00:30,0,0,0
04/02/2012,00:45,0,0,0
04/02/2012,01:00,1,1,0
04/02/2012,01:15,0,0,0
04/02/2012,01:30,0,0,0
04/02/2012,01:45,0,0,0
04/02/2012,02:00,1,0,1
04/02/2012,02:15,1,1,0
04/02/2012,02:30,1,1,0
04/02/2012,02:45,1,1,0
04/02/2012,03:00,77,19,58
04/02/2012,03:15,1,0,1
04/02/2012,03:30,0,0,0
04/02/2012,03:45,0,0,0
04/02/2012,04:00,2,1,1
04/02/2012,04:15,0,0,0
04/02/2012,04:30,0,0,0
04/02/2012,04:45,0,0,0
04/02/2012,05:00,1,1,0
04/02/2012,05:15,0,0,0
04/02/2012,05:30,3,2,1
04/02/2012,05:45,2,2,0
04/02/2012,06:00,2,1,1
04/02/2012,06:15,3,3,0
04/02/2012,06:30,0,0,0
04/02/2012,06:45,5,3,2
04/02/2012,07:00,5,5,0
04/02/2012,07:15,3,1,2
04/02/2012,07:30,3,2,1
04/02/2012,07:45,12,11,1
04/02/2012,08:00,12,9,3
04/02/2012,08:15,13,6,7
04/02/2012,08:30,12,7,5
04/02/2012,08:45,13,10,3
04/02/2012,09:00,19,10,9
04/02/2012,09:15,13,7,6
04/02/2012,09:30,22,11,11
04/02/2012,09:45,20,13,7
04/02/2012,10:00,15,7,8
04/02/2012,10:15,16,7,9
04/02/2012,10:30,8,5,3
04/02/2012,10:45,24,17,7
04/02/2012,11:00,22,11,11
04/02/2012,11:15,26,11,15
04/02/2012,11:30,15,2,13
04/02/2012,11:45,18,6,12
04/02/2012,12:00,17,7,10
04/02/2012,12:15,19,13,6
04/02/2012,12:30,16,7,9
04/02/2012,12:45,26,14,12
04/02/2012,13:00,15,5,10
04/02/2012,13:15,19,7,12
04/02/2012,13:30,25,7,18
04/02/2012,13:45,15,6,9
04/02/2012,14:00,22,14,8
04/02/2012,14:15,24,8,16
04/02/2012,14:30,12,5,7
04/02/2012,14:45,17,7,10
04/02/2012,15:00,21,10,11
04/02/2012,15:15,25,11,14
04/02/2012,15:30,19,12,7
04/02/2012,15:45,9,6,3
04/02/2012,16:00,13,7,6
04/02/2012,16:15,7,3,4
04/02/2012,16:30,8,4,4
04/02/2012,16:45,5,3,2
04/02/2012,17:00,3,1,2
04/02/2012,17:15,8,4,4
04/02/2012,17:30,4,2,2
04/02/2012,17:45,0,0,0
04/02/2012,18:00,3,0,3
04/02/2012,18:15,1,1,0
04/02/2012,18:30,6,1,5
04/02/2012,18:45,2,1,1
04/02/2012,19:00,3,0,3
04/02/2012,19:15,2,2,0
04/02/2012,19:30,1,0,1
04/02/2012,19:45,1,0,1
04/02/2012,20:00,0,0,0
04/02/2012,20:15,2,1,1
04/02/2012,20:30,1,0,1
04/02/2012,20:45,1,0,1
04/02/2012,21:00,0,0,0
04/02/2012,21:15,2,0,2
04/02/2012,21:30,0,0,0
04/02/2012,21:45,2,2,0
04/02/2012,22:00,0,0,0
04/02/2012,22:15,0,0,0
04/02/2012,22:30,0,0,0
04/02/2012,22:45,0,0,0
04/02/2012,23:00,0,0,0
04/02/2012,23:15,0,0,0
04/02/2012,23:30,1,0,1
04/02/2012,23:45,0,0,0
05/02/2012,00:00,0,0,0
05/02/2012,00:15,0,0,0
05/02/2012,00:30,1,1,0
05/02/2012,00:45,0,0,0
05/02/2012,01:00,0,0,0
05/02/2012,01:15,1,1,0
05/02/2012,01:30,1,0,1
05/02/2012,01:45,0,0,0
05/02/2012,02:00,1,0,1
05/02/2012,02:15,0,0,0
05/02/2012,02:30,0,0,0
05/02/2012,02:45,0,0,0
05/02/2012,03:00,84,37,47
05/02/2012,03:15,0,0,0
05/02/2012,03:30,1,1,0
05/02/2012,03:45,1,1,0
05/02/2012,04:00,0,0,0
05/02/2012,04:15,0,0,0
05/02/2012,04:30,0,0,0
05/02/2012,04:45,0,0,0
05/02/2012,05:00,1,0,1
05/02/2012,05:15,0,0,0
05/02/2012,05:30,2,1,1
05/02/2012,05:45,0,0,0
05/02/2012,06:00,1,0,1
05/02/2012,06:15,0,0,0
05/02/2012,06:30,3,1,2
05/02/2012,06:45,1,1,0
05/02/2012,07:00,0,0,0
05/02/2012,07:15,0,0,0
05/02/2012,07:30,8,5,3
05/02/2012,07:45,0,0,0
05/02/2012,08:00,7,2,5
05/02/2012,08:15,4,4,0
05/02/2012,08:30,10,6,4
05/02/2012,08:45,8,6,2
05/02/2012,09:00,9,5,4
05/02/2012,09:15,9,4,5
05/02/2012,09:30,10,5,5
05/02/2012,09:45,12,5,7
05/02/2012,10:00,10,5,5
05/02/2012,10:15,3,0,3
05/02/2012,10:30,18,11,7
05/02/2012,10:45,8,4,4
05/02/2012,11:00,20,11,9
05/02/2012,11:15,11,4,7
05/02/2012,11:30,13,6,7
05/02/2012,11:45,14,8,6
05/02/2012,12:00,5,3,2
05/02/2012,12:15,9,3,6
05/02/2012,12:30,15,8,7
05/02/2012,12:45,7,4,3
05/02/2012,13:00,12,5,7
05/02/2012,13:15,11,6,5
05/02/2012,13:30,22,8,14
05/02/2012,13:45,13,4,9
05/02/2012,14:00,11,5,6
05/02/2012,14:15,11,4,7
05/02/2012,14:30,13,6,7
05/02/2012,14:45,12,9,3
05/02/2012,15:00,17,8,9
05/02/2012,15:15,22,12,10
05/02/2012,15:30,16,6,10
05/02/2012,15:45,17,7,10
05/02/2012,16:00,11,5,6
05/02/2012,16:15,11,6,5
05/02/2012,16:30,8,5,3
05/02/2012,16:45,17,5,12
05/02/2012,17:00,10,5,5
05/02/2012,17:15,9,4,5
05/02/2012,17:30,10,5,5
05/02/2012,17:45,4,4,0
05/02/2012,18:00,4,2,2
05/02/2012,18:15,3,1,2
05/02/2012,18:30,3,0,3
05/02/2012,18:45,4,4,0
05/02/2012,19:00,1,0,1
05/02/2012,19:15,0,0,0
05/02/2012,19:30,1,1,0
05/02/2012,19:45,5,3,2
05/02/2012,20:00,0,0,0
05/02/2012,20:15,1,0,1
05/02/2012,20:30,1,0,1
05/02/2012,20:45,1,0,1
05/02/2012,21:00,1,0,1
05/02/2012,21:15,2,0,2
05/02/2012,21:30,0,0,0
05/02/2012,21:45,0,0,0
05/02/2012,22:00,0,0,0
05/02/2012,22:15,1,0,1
05/02/2012,22:30,1,0,1
05/02/2012,22:45,0,0,0
05/02/2012,23:00,1,0,1
05/02/2012,23:15,0,0,0
05/02/2012,23:30,0,0,0
05/02/2012,23:45,0,0,0
06/02/2012,00:00,0,0,0
06/02/2012,00:15,0,0,0
06/02/2012,00:30,0,0,0
06/02/2012,00:45,0,0,0
06/02/2012,01:00,0,0,0
06/02/2012,01:15,0,0,0
06/02/2012,01:30,0,0,0
06/02/2012,01:45,0,0,0
06/02/2012,02:00,0,0,0
06/02/2012,02:15,0,0,0
06/02/2012,02:30,0,0,0
06/02/2012,02:45,0,0,0
06/02/2012,03:00,72,12,60
06/02/2012,03:15,0,0,0
06/02/2012,03:30,0,0,0
06/02/2012,03:45,3,3,0
06/02/2012,04:00,1,1,0
06/02/2012,04:15,1,1,0
06/02/2012,04:30,2,0,2
06/02/2012,04:45,3,1,2
06/02/2012,05:00,1,1,0
06/02/2012,05:15,0,0,0
06/02/2012,05:30,2,1,1
06/02/2012,05:45,5,2,3
06/02/2012,06:00,4,3,1
06/02/2012,06:15,6,4,2
06/02/2012,06:30,12,5,7
06/02/2012,06:45,9,4,5
06/02/2012,07:00,10,5,5
06/02/2012,07:15,22,6,16
06/02/2012,07:30,17,9,8
06/02/2012,07:45,14,4,10
06/02/2012,08:00,13,4,9
06/02/2012,08:15,15,7,8
06/02/2012,08:30,11,4,7
06/02/2012,08:45,13,6,7
06/02/2012,09:00,7,4,3
06/02/2012,09:15,4,2,2
06/02/2012,09:30,15,11,4
06/02/2012,09:45,14,10,4
06/02/2012,10:00,8,7,1
06/02/2012,10:15,8,5,3
06/02/2012,10:30,7,6,1
06/02/2012,10:45,9,6,3
06/02/2012,11:00,11,6,5
06/02/2012,11:15,3,3,0
06/02/2012,11:30,1,0,1
06/02/2012,11:45,6,3,3
06/02/2012,12:00,8,5,3
06/02/2012,12:15,12,8,4
06/02/2012,12:30,12,7,5
06/02/2012,12:45,5,4,1
06/02/2012,13:00,13,8,5
06/02/2012,13:15,12,8,4
06/02/2012,13:30,14,11,3
06/02/2012,13:45,8,3,5
06/02/2012,14:00,7,2,5
06/02/2012,14:15,14,6,8
06/02/2012,14:30,13,7,6
06/02/2012,14:45,13,5,8
06/02/2012,15:00,20,10,10
06/02/2012,15:15,17,5,12
06/02/2012,15:30,13,9,4
06/02/2012,15:45,11,4,7
06/02/2012,16:00,23,8,15
06/02/2012,16:15,15,9,6
06/02/2012,16:30,14,6,8
06/02/2012,16:45,24,13,11
06/02/2012,17:00,18,11,7
06/02/2012,17:15,16,7,9
06/02/2012,17:30,23,13,10
06/02/2012,17:45,22,13,9
06/02/2012,18:00,24,12,12
06/02/2012,18:15,16,11,5
06/02/2012,18:30,12,7,5
06/02/2012,18:45,9,6,3
06/02/2012,19:00,9,5,4
06/02/2012,19:15,8,2,6
06/02/2012,19:30,5,3,2
06/02/2012,19:45,2,1,1
06/02/2012,20:00,3,2,1
06/02/2012,20:15,4,1,3
06/02/2012,20:30,3,2,1
06/02/2012,20:45,4,1,3
06/02/2012,21:00,1,1,0
06/02/2012,21:15,0,0,0
06/02/2012,21:30,1,0,1
06/02/2012,21:45,1,1,0
06/02/2012,22:00,0,0,0
06/02/2012,22:15,2,1,1
06/02/2012,22:30,1,1,0
06/02/2012,22:45,1,1,0
06/02/2012,23:00,0,0,0
06/02/2012,23:15,0,0,0
06/02/2012,23:30,0,0,0
06/02/2012,23:45,1,1,0
07/02/2012,00:00,0,0,0
07/02/2012,00:15,0,0,0
07/02/2012,00:30,0,0,0
07/02/2012,00:45,0,0,0
07/02/2012,01:00,1,1,0
07/02/2012,01:15,0,0,0
07/02/2012,01:30,0,0,0
07/02/2012,01:45,0,0,0
07/02/2012,02:00,0,0,0
07/02/2012,02:15,0,0,0
07/02/2012,02:30,0,0,0
07/02/2012,02:45,0,0,0
07/02/2012,03:00,72,28,44
07/02/2012,03:15,0,0,0
07/02/2012,03:30,0,0,0
07/02/2012,03:45,2,2,0
07/02/2012,04:00,2,2,0
07/02/2012,04:15,0,0,0
07/02/2012,04:30,0,0,0
07/02/2012,04:45,0,0,0
07/02/2012,05:00,3,1,2
07/02/2012,05:15,4,1,3
07/02/2012,05:30,4,3,1
07/02/2012,05:45,3,0,3
07/02/2012,06:00,10,4,6
07/02/2012,06:15,8,5,3
07/02/2012,06:30,12,7,5
07/02/2012,06:45,16,7,9
07/02/2012,07:00,25,8,17
07/02/2012,07:15,18,9,9
07/02/2012,07:30,19,4,15
07/02/2012,07:45,20,6,14
07/02/2012,08:00,17,7,10
07/02/2012,08:15,14,7,7
07/02/2012,08:30,17,7,10
07/02/2012,08:45,6,5,1
07/02/2012,09:00,9,5,4
07/02/2012,09:15,11,4,7
07/02/2012,09:30,16,13,3
07/02/2012,09:45,5,2,3
07/02/2012,10:00,17,6,11
07/02/2012,10:15,7,2,5
07/02/2012,10:30,9,9,0
07/02/2012,10:45,14,10,4
07/02/2012,11:00,6,4,2
07/02/2012,11:15,18,14,4
07/02/2012,11:30,6,5,1
07/02/2012,11:45,28,24,4
07/02/2012,12:00,10,8,2
07/02/2012,12:15,25,24,1
07/02/2012,12:30,22,16,6
07/02/2012,12:45,33,27,6
07/02/2012,13:00,18,9,9
07/02/2012,13:15,8,5,3
07/02/2012,13:30,18,6,12
07/02/2012,13:45,13,8,5
07/02/2012,14:00,11,9,2
07/02/2012,14:15,23,11,12
07/02/2012,14:30,23,5,18
07/02/2012,14:45,19,9,10
07/02/2012,15:00,17,8,9
07/02/2012,15:15,12,7,5
07/02/2012,15:30,17,11,6
07/02/2012,15:45,22,13,9
07/02/2012,16:00,12,3,9
07/02/2012,16:15,19,7,12
07/02/2012,16:30,28,15,13
07/02/2012,16:45,41,25,16
07/02/2012,17:00,29,14,15
07/02/2012,17:15,36,21,15
07/02/2012,17:30,28,14,14
07/02/2012,17:45,30,18,12
07/02/2012,18:00,27,17,10
07/02/2012,18:15,22,11,11
07/02/2012,18:30,14,6,8
07/02/2012,18:45,15,12,3
07/02/2012,19:00,8,2,6
07/02/2012,19:15,9,6,3
07/02/2012,19:30,4,2,2
07/02/2012,19:45,5,5,0
07/02/2012,20:00,3,2,1
07/02/2012,20:15,4,3,1
07/02/2012,20:30,4,2,2
07/02/2012,20:45,3,0,3
07/02/2012,21:00,3,1,2
07/02/2012,21:15,1,0,1
07/02/2012,21:30,3,2,1
07/02/2012,21:45,1,1,0
07/02/2012,22:00,3,3,0
07/02/2012,22:15,2,1,1
07/02/2012,22:30,1,0,1
07/02/2012,22:45,0,0,0
07/02/2012,23:00,0,0,0
07/02/2012,23:15,0,0,0
07/02/2012,23:30,0,0,0
07/02/2012,23:45,1,0,1
08/02/2012,00:00,0,0,0
08/02/2012,00:15,0,0,0
08/02/2012,00:30,0,0,0
08/02/2012,00:45,0,0,0
08/02/2012,01:00,0,0,0
08/02/2012,01:15,0,0,0
08/02/2012,01:30,0,0,0
08/02/2012,01:45,0,0,0
08/02/2012,02:00,0,0,0
08/02/2012,02:15,1,1,0
08/02/2012,02:30,1,1,0
08/02/2012,02:45,0,0,0
08/02/2012,03:00,83,16,67
08/02/2012,03:15,0,0,0
08/02/2012,03:30,0,0,0
08/02/2012,03:45,1,1,0
08/02/2012,04:00,1,1,0
08/02/2012,04:15,0,0,0
08/02/2012,04:30,2,0,2
08/02/2012,04:45,0,0,0
08/02/2012,05:00,4,1,3
08/02/2012,05:15,2,1,1
08/02/2012,05:30,5,4,1
08/02/2012,05:45,4,2,2
08/02/2012,06:00,6,4,2
08/02/2012,06:15,4,2,2
08/02/2012,06:30,6,3,3
08/02/2012,06:45,14,7,7
08/02/2012,07:00,8,2,6
08/02/2012,07:15,11,7,4
08/02/2012,07:30,10,5,5
08/02/2012,07:45,12,6,6
08/02/2012,08:00,19,13,6
08/02/2012,08:15,9,2,7
08/02/2012,08:30,13,9,4
08/02/2012,08:45,10,5,5
08/02/2012,09:00,11,6,5
08/02/2012,09:15,8,6,2
08/02/2012,09:30,6,2,4
08/02/2012,09:45,3,1,2
08/02/2012,10:00,3,1,2
08/02/2012,10:15,2,1,1
08/02/2012,10:30,4,1,3
08/02/2012,10:45,3,2,1
08/02/2012,11:00,3,2,1
08/02/2012,11:15,8,6,2
08/02/2012,11:30,3,1,2
08/02/2012,11:45,0,0,0
08/02/2012,12:00,5,3,2
08/02/2012,12:15,16,3,13
08/02/2012,12:30,1,0,1
08/02/2012,12:45,4,2,2
08/02/2012,13:00,4,1,3
08/02/2012,13:15,3,0,3
08/02/2012,13:30,5,3,2
08/02/2012,13:45,9,2,7
08/02/2012,14:00,4,1,3
08/02/2012,14:15,6,1,5
08/02/2012,14:30,11,2,9
08/02/2012,14:45,5,2,3
08/02/2012,15:00,6,3,3
08/02/2012,15:15,4,0,4
08/02/2012,15:30,2,0,2
08/02/2012,15:45,6,3,3
08/02/2012,16:00,3,0,3
08/02/2012,16:15,8,1,7
08/02/2012,16:30,8,4,4
08/02/2012,16:45,5,2,3
08/02/2012,17:00,5,4,1
08/02/2012,17:15,7,6,1
08/02/2012,17:30,7,4,3
08/02/2012,17:45,8,3,5
08/02/2012,18:00,4,3,1
08/02/2012,18:15,8,5,3
08/02/2012,18:30,19,14,5
08/02/2012,18:45,45,24,21
08/02/2012,19:00,26,16,10
08/02/2012,19:15,12,5,7
08/02/2012,19:30,21,10,11
08/02/2012,19:45,17,5,12
08/02/2012,20:00,11,7,4
08/02/2012,20:15,2,1,1
08/02/2012,20:30,5,2,3
08/02/2012,20:45,9,5,4
08/02/2012,21:00,2,1,1
08/02/2012,21:15,4,2,2
08/02/2012,21:30,0,0,0
08/02/2012,21:45,1,1,0
08/02/2012,22:00,0,0,0
08/02/2012,22:15,3,2,1
08/02/2012,22:30,0,0,0
08/02/2012,22:45,5,0,5
08/02/2012,23:00,0,0,0
08/02/2012,23:15,0,0,0
08/02/2012,23:30,1,0,1
08/02/2012,23:45,2,0,2
09/02/2012,00:00,7,0,7
09/02/2012,00:15,0,0,0
09/02/2012,00:30,0,0,0
09/02/2012,00:45,0,0,0
09/02/2012,01:00,0,0,0
09/02/2012,01:15,0,0,0
09/02/2012,01:30,0,0,0
09/02/2012,01:45,1,1,0
09/02/2012,02:00,0,0,0
09/02/2012,02:15,0,0,0
09/02/2012,02:30,0,0,0
09/02/2012,02:45,0,0,0
09/02/2012,03:00,76,26,50
09/02/2012,03:15,0,0,0
09/02/2012,03:30,0,0,0
09/02/2012,03:45,0,0,0
09/02/2012,04:00,1,1,0
09/02/2012,04:15,0,0,0
09/02/2012,04:30,0,0,0
09/02/2012,04:45,1,0,1
09/02/2012,05:00,0,0,0
09/02/2012,05:15,3,0,3
09/02/2012,05:30,6,4,2
09/02/2012,05:45,2,1,1
09/02/2012,06:00,3,2,1
09/02/2012,06:15,4,4,0
09/02/2012,06:30,4,3,1
09/02/2012,06:45,10,3,7
09/02/2012,07:00,11,4,7
09/02/2012,07:15,15,7,8
09/02/2012,07:30,14,6,8
09/02/2012,07:45,13,6,7
09/02/2012,08:00,11,4,7
09/02/2012,08:15,18,9,9
09/02/2012,08:30,11,5,6
09/02/2012,08:45,19,8,11
09/02/2012,09:00,6,1,5
09/02/2012,09:15,7,3,4
09/02/2012,09:30,7,5,2
09/02/2012,09:45,3,2,1
09/02/2012,10:00,5,4,1
09/02/2012,10:15,10,8,2
09/02/2012,10:30,13,11,2
09/02/2012,10:45,11,7,4
09/02/2012,11:00,21,20,1
09/02/2012,11:15,10,4,6
09/02/2012,11:30,20,9,11
09/02/2012,11:45,20,19,1
09/02/2012,12:00,9,6,3
09/02/2012,12:15,8,1,7
09/02/2012,12:30,11,7,4
09/02/2012,12:45,4,1,3
09/02/2012,13:00,9,4,5
09/02/2012,13:15,11,3,8
09/02/2012,13:30,8,4,4
09/02/2012,13:45,12,3,9
09/02/2012,14:00,6,3,3
09/02/2012,14:15,20,11,9
09/02/2012,14:30,3,1,2
09/02/2012,14:45,15,9,6
09/02/2012,15:00,6,2,4
09/02/2012,15:15,8,0,8
09/02/2012,15:30,11,7,4
09/02/2012,15:45,12,6,6
09/02/2012,16:00,7,3,4
09/02/2012,16:15,9,3,6
09/02/2012,16:30,14,4,10
09/02/2012,16:45,16,8,8
09/02/2012,17:00,25,14,11
09/02/2012,17:15,22,14,8
09/02/2012,17:30,13,7,6
09/02/2012,17:45,19,9,10
09/02/2012,18:00,13,5,8
09/02/2012,18:15,17,7,10
09/02/2012,18:30,19,10,9
09/02/2012,18:45,9,3,6
09/02/2012,19:00,8,5,3
09/02/2012,19:15,7,1,6
09/02/2012,19:30,5,4,1
09/02/2012,19:45,6,4,2
09/02/2012,20:00,5,4,1
09/02/2012,20:15,2,2,0
09/02/2012,20:30,4,1,3
09/02/2012,20:45,2,0,2
09/02/2012,21:00,3,3,0
09/02/2012,21:15,2,2,0
09/02/2012,21:30,3,2,1
09/02/2012,21:45,0,0,0
09/02/2012,22:00,2,1,1
09/02/2012,22:15,0,0,0
09/02/2012,22:30,0,0,0
09/02/2012,22:45,2,1,1
09/02/2012,23:00,0,0,0
09/02/2012,23:15,1,1,0
09/02/2012,23:30,1,1,0
09/02/2012,23:45,0,0,0
10/02/2012,00:00,0,0,0
10/02/2012,00:15,0,0,0
10/02/2012,00:30,1,1,0
10/02/2012,00:45,0,0,0
10/02/2012,01:00,0,0,0
10/02/2012,01:15,0,0,0
10/02/2012,01:30,0,0,0
10/02/2012,01:45,1,0,1
10/02/2012,02:00,0,0,0
10/02/2012,02:15,0,0,0
10/02/2012,02:30,0,0,0
10/02/2012,02:45,0,0,0
10/02/2012,03:00,76,29,47
10/02/2012,03:15,0,0,0
10/02/2012,03:30,1,1,0
10/02/2012,03:45,0,0,0
10/02/2012,04:00,0,0,0
10/02/2012,04:15,1,1,0
10/02/2012,04:30,1,0,1
10/02/2012,04:45,4,1,3
10/02/2012,05:00,1,1,0
10/02/2012,05:15,2,0,2
10/02/2012,05:30,4,2,2
10/02/2012,05:45,3,1,2
10/02/2012,06:00,8,6,2
10/02/2012,06:15,10,5,5
10/02/2012,06:30,5,1,4
10/02/2012,06:45,10,5,5
10/02/2012,07:00,19,5,14
10/02/2012,07:15,17,4,13
10/02/2012,07:30,12,3,9
10/02/2012,07:45,14,7,7
10/02/2012,08:00,16,8,8
10/02/2012,08:15,11,7,4
10/02/2012,08:30,12,6,6
10/02/2012,08:45,8,2,6
10/02/2012,09:00,15,5,10
10/02/2012,09:15,8,3,5
10/02/2012,09:30,13,11,2
10/02/2012,09:45,12,4,8
10/02/2012,10:00,7,4,3
10/02/2012,10:15,3,0,3
10/02/2012,10:30,10,8,2
10/02/2012,10:45,9,6,3
10/02/2012,11:00,9,7,2
10/02/2012,11:15,13,11,2
10/02/2012,11:30,18,15,3
10/02/2012,11:45,19,12,7
10/02/2012,12:00,3,2,1
10/02/2012,12:15,9,6,3
10/02/2012,12:30,24,19,5
10/02/2012,12:45,15,2,13
10/02/2012,13:00,14,7,7
10/02/2012,13:15,5,3,2
10/02/2012,13:30,15,7,8
10/02/2012,13:45,11,8,3
10/02/2012,14:00,12,3,9
10/02/2012,14:15,11,4,7
10/02/2012,14:30,10,5,5
10/02/2012,14:45,7,2,5
10/02/2012,15:00,11,5,6
10/02/2012,15:15,16,5,11
10/02/2012,15:30,14,3,11
10/02/2012,15:45,12,8,4
10/02/2012,16:00,16,9,7
10/02/2012,16:15,15,7,8
10/02/2012,16:30,11,8,3
10/02/2012,16:45,11,4,7
10/02/2012,17:00,9,4,5
10/02/2012,17:15,13,5,8
10/02/2012,17:30,11,7,4
10/02/2012,17:45,23,11,12
10/02/2012,18:00,13,6,7
10/02/2012,18:15,12,7,5
10/02/2012,18:30,16,9,7
10/02/2012,18:45,6,3,3
10/02/2012,19:00,7,2,5
10/02/2012,19:15,5,3,2
10/02/2012,19:30,2,1,1
10/02/2012,19:45,3,3,0
10/02/2012,20:00,2,1,1
10/02/2012,20:15,1,0,1
10/02/2012,20:30,3,0,3
10/02/2012,20:45,1,1,0
10/02/2012,21:00,1,1,0
10/02/2012,21:15,0,0,0
10/02/2012,21:30,0,0,0
10/02/2012,21:45,2,1,1
10/02/2012,22:00,0,0,0
10/02/2012,22:15,0,0,0
10/02/2012,22:30,4,0,4
10/02/2012,22:45,2,1,1
10/02/2012,23:00,0,0,0
10/02/2012,23:15,1,1,0
10/02/2012,23:30,0,0,0
10/02/2012,23:45,0,0,0
11/02/2012,00:00,1,0,1
11/02/2012,00:15,1,1,0
11/02/2012,00:30,0,0,0
11/02/2012,00:45,0,0,0
11/02/2012,01:00,0,0,0
11/02/2012,01:15,0,0,0
11/02/2012,01:30,0,0,0
11/02/2012,01:45,0,0,0
11/02/2012,02:00,1,0,1
11/02/2012,02:15,0,0,0
11/02/2012,02:30,0,0,0
11/02/2012,02:45,0,0,0
11/02/2012,03:00,102,0,102
11/02/2012,03:15,1,0,1
11/02/2012,03:30,0,0,0
11/02/2012,03:45,1,1,0
11/02/2012,04:00,0,0,0
11/02/2012,04:15,0,0,0
11/02/2012,04:30,0,0,0
11/02/2012,04:45,1,1,0
11/02/2012,05:00,1,1,0
11/02/2012,05:15,0,0,0
11/02/2012,05:30,2,0,2
11/02/2012,05:45,2,2,0
11/02/2012,06:00,1,1,0
11/02/2012,06:15,1,1,0
11/02/2012,06:30,4,4,0
11/02/2012,06:45,3,3,0
11/02/2012,07:00,3,2,1
11/02/2012,07:15,6,5,1
11/02/2012,07:30,2,1,1
11/02/2012,07:45,8,7,1
11/02/2012,08:00,3,1,2
11/02/2012,08:15,9,7,2
11/02/2012,08:30,16,6,10
11/02/2012,08:45,9,6,3
11/02/2012,09:00,7,6,1
11/02/2012,09:15,7,2,5
11/02/2012,09:30,9,7,2
11/02/2012,09:45,15,5,10
11/02/2012,10:00,8,6,2
11/02/2012,10:15,14,7,7
11/02/2012,10:30,8,3,5
11/02/2012,10:45,10,3,7
11/02/2012,11:00,10,3,7
11/02/2012,11:15,14,6,8
11/02/2012,11:30,12,5,7
11/02/2012,11:45,14,4,10
11/02/2012,12:00,8,1,7
11/02/2012,12:15,9,3,6
11/02/2012,12:30,8,5,3
11/02/2012,12:45,10,4,6
11/02/2012,13:00,8,3,5
11/02/2012,13:15,15,2,13
11/02/2012,13:30,7,3,4
11/02/2012,13:45,6,1,5
11/02/2012,14:00,10,6,4
11/02/2012,14:15,10,4,6
11/02/2012,14:30,13,7,6
11/02/2012,14:45,9,5,4
11/02/2012,15:00,7,2,5
11/02/2012,15:15,10,1,9
11/02/2012,15:30,4,1,3
11/02/2012,15:45,4,3,1
11/02/2012,16:00,8,4,4
11/02/2012,16:15,7,4,3
11/02/2012,16:30,0,0,0
11/02/2012,16:45,5,3,2
11/02/2012,17:00,5,2,3
11/02/2012,17:15,2,1,1
11/02/2012,17:30,4,0,4
11/02/2012,17:45,1,1,0
11/02/2012,18:00,3,1,2
11/02/2012,18:15,3,1,2
11/02/2012,18:30,2,1,1
11/02/2012,18:45,2,0,2
11/02/2012,19:00,2,1,1
11/02/2012,19:15,1,1,0
11/02/2012,19:30,1,0,1
11/02/2012,19:45,1,0,1
11/02/2012,20:00,0,0,0
11/02/2012,20:15,1,0,1
11/02/2012,20:30,0,0,0
11/02/2012,20:45,0,0,0
11/02/2012,21:00,0,0,0
11/02/2012,21:15,0,0,0
11/02/2012,21:30,0,0,0
11/02/2012,21:45,2,1,1
11/02/2012,22:00,0,0,0
11/02/2012,22:15,1,1,0
11/02/2012,22:30,0,0,0
11/02/2012,22:45,0,0,0
11/02/2012,23:00,0,0,0
11/02/2012,23:15,0,0,0
11/02/2012,23:30,0,0,0
11/02/2012,23:45,0,0,0
12/02/2012,00:00,0,0,0
12/02/2012,00:15,0,0,0
12/02/2012,00:30,0,0,0
12/02/2012,00:45,0,0,0
12/02/2012,01:00,1,1,0
12/02/2012,01:15,0,0,0
12/02/2012,01:30,2,0,2
12/02/2012,01:45,1,1,0
12/02/2012,02:00,0,0,0
12/02/2012,02:15,0,0,0
12/02/2012,02:30,0,0,0
12/02/2012,02:45,0,0,0
12/02/2012,03:00,90,28,62
12/02/2012,03:15,0,0,0
12/02/2012,03:30,0,0,0
12/02/2012,03:45,0,0,0
12/02/2012,04:00,0,0,0
12/02/2012,04:15,0,0,0
12/02/2012,04:30,0,0,0
12/02/2012,04:45,0,0,0
12/02/2012,05:00,1,0,1
12/02/2012,05:15,0,0,0
12/02/2012,05:30,0,0,0
12/02/2012,05:45,2,1,1
12/02/2012,06:00,0,0,0
12/02/2012,06:15,0,0,0
12/02/2012,06:30,1,1,0
12/02/2012,06:45,1,1,0
12/02/2012,07:00,1,1,0
12/02/2012,07:15,2,2,0
12/02/2012,07:30,4,4,0
12/02/2012,07:45,3,2,1
12/02/2012,08:00,1,0,1
12/02/2012,08:15,8,7,1
12/02/2012,08:30,9,3,6
12/02/2012,08:45,5,2,3
12/02/2012,09:00,3,2,1
12/02/2012,09:15,2,1,1
12/02/2012,09:30,3,1,2
12/02/2012,09:45,4,3,1
12/02/2012,10:00,6,6,0
12/02/2012,10:15,4,1,3
12/02/2012,10:30,2,1,1
12/02/2012,10:45,7,2,5
12/02/2012,11:00,6,4,2
12/02/2012,11:15,10,4,6
12/02/2012,11:30,8,3,5
12/02/2012,11:45,12,5,7
12/02/2012,12:00,5,4,1
12/02/2012,12:15,9,3,6
12/02/2012,12:30,1,0,1
12/02/2012,12:45,7,4,3
12/02/2012,13:00,5,2,3
12/02/2012,13:15,4,1,3
12/02/2012,13:30,3,0,3
12/02/2012,13:45,4,1,3
12/02/2012,14:00,1,0,1
12/02/2012,14:15,4,2,2
12/02/2012,14:30,4,2,2
12/02/2012,14:45,6,2,4
12/02/2012,15:00,4,1,3
12/02/2012,15:15,8,4,4
12/02/2012,15:30,6,3,3
12/02/2012,15:45,6,2,4
12/02/2012,16:00,7,4,3
12/02/2012,16:15,6,1,5
12/02/2012,16:30,7,3,4
12/02/2012,16:45,4,2,2
12/02/2012,17:00,5,4,1
12/02/2012,17:15,3,1,2
12/02/2012,17:30,2,2,0
12/02/2012,17:45,2,1,1
12/02/2012,18:00,2,1,1
12/02/2012,18:15,1,0,1
12/02/2012,18:30,3,0,3
12/02/2012,18:45,0,0,0
12/02/2012,19:00,1,0,1
12/02/2012,19:15,2,1,1
12/02/2012,19:30,1,0,1
12/02/2012,19:45,0,0,0
12/02/2012,20:00,0,0,0
12/02/2012,20:15,1,1,0
12/02/2012,20:30,0,0,0
12/02/2012,20:45,0,0,0
12/02/2012,21:00,1,1,0
12/02/2012,21:15,0,0,0
12/02/2012,21:30,1,0,1
12/02/2012,21:45,0,0,0
12/02/2012,22:00,4,4,0
12/02/2012,22:15,3,0,3
12/02/2012,22:30,1,0,1
12/02/2012,22:45,0,0,0
12/02/2012,23:00,0,0,0
12/02/2012,23:15,0,0,0
12/02/2012,23:30,0,0,0
12/02/2012,23:45,0,0,0
13/02/2012,00:00,0,0,0
13/02/2012,00:15,0,0,0
13/02/2012,00:30,0,0,0
13/02/2012,00:45,0,0,0
13/02/2012,01:00,0,0,0
13/02/2012,01:15,1,0,1
13/02/2012,01:30,0,0,0
13/02/2012,01:45,0,0,0
13/02/2012,02:00,0,0,0
13/02/2012,02:15,0,0,0
13/02/2012,02:30,0,0,0
13/02/2012,02:45,0,0,0
13/02/2012,03:00,67,3,64
13/02/2012,03:15,0,0,0
13/02/2012,03:30,1,1,0
13/02/2012,03:45,3,1,2
13/02/2012,04:00,0,0,0
13/02/2012,04:15,2,2,0
13/02/2012,04:30,1,1,0
13/02/2012,04:45,2,0,2
13/02/2012,05:00,2,1,1
13/02/2012,05:15,1,0,1
13/02/2012,05:30,4,2,2
13/02/2012,05:45,4,1,3
13/02/2012,06:00,3,2,1
13/02/2012,06:15,6,3,3
13/02/2012,06:30,6,1,5
13/02/2012,06:45,9,4,5
13/02/2012,07:00,10,4,6
13/02/2012,07:15,14,6,8
13/02/2012,07:30,12,7,5
13/02/2012,07:45,11,5,6
13/02/2012,08:00,13,7,6
13/02/2012,08:15,11,7,4
13/02/2012,08:30,8,6,2
13/02/2012,08:45,14,6,8
13/02/2012,09:00,9,1,8
13/02/2012,09:15,10,7,3
13/02/2012,09:30,7,5,2
13/02/2012,09:45,10,8,2
13/02/2012,10:00,3,3,0
13/02/2012,10:15,2,1,1
13/02/2012,10:30,4,0,4
13/02/2012,10:45,3,2,1
13/02/2012,11:00,5,3,2
13/02/2012,11:15,6,3,3
13/02/2012,11:30,10,4,6
13/02/2012,11:45,4,2,2
13/02/2012,12:00,4,1,3
13/02/2012,12:15,7,5,2
13/02/2012,12:30,6,3,3
13/02/2012,12:45,6,3,3
13/02/2012,13:00,5,4,1
13/02/2012,13:15,9,3,6
13/02/2012,13:30,3,0,3
13/02/2012,13:45,7,2,5
13/02/2012,14:00,10,7,3
13/02/2012,14:15,6,5,1
13/02/2012,14:30,9,5,4
13/02/2012,14:45,7,3,4
13/02/2012,15:00,7,3,4
13/02/2012,15:15,14,6,8
13/02/2012,15:30,7,4,3
13/02/2012,15:45,12,6,6
13/02/2012,16:00,9,2,7
13/02/2012,16:15,17,7,10
13/02/2012,16:30,15,5,10
13/02/2012,16:45,15,8,7
13/02/2012,17:00,10,5,5
13/02/2012,17:15,16,8,8
13/02/2012,17:30,14,7,7
13/02/2012,17:45,16,6,10
13/02/2012,18:00,24,13,11
13/02/2012,18:15,12,11,1
13/02/2012,18:30,9,5,4
13/02/2012,18:45,8,3,5
13/02/2012,19:00,6,1,5
13/02/2012,19:15,4,3,1
13/02/2012,19:30,6,3,3
13/02/2012,19:45,4,1,3
13/02/2012,20:00,2,2,0
13/02/2012,20:15,3,3,0
13/02/2012,20:30,3,2,1
13/02/2012,20:45,1,1,0
13/02/2012,21:00,2,1,1
13/02/2012,21:15,1,1,0
13/02/2012,21:30,1,0,1
13/02/2012,21:45,1,0,1
13/02/2012,22:00,0,0,0
13/02/2012,22:15,2,1,1
13/02/2012,22:30,0,0,0
13/02/2012,22:45,1,1,0
13/02/2012,23:00,0,0,0
13/02/2012,23:15,1,0,1
13/02/2012,23:30,0,0,0
13/02/2012,23:45,1,1,0
14/02/2012,00:00,0,0,0
14/02/2012,00:15,0,0,0
14/02/2012,00:30,0,0,0
14/02/2012,00:45,0,0,0
14/02/2012,01:00,0,0,0
14/02/2012,01:15,0,0,0
14/02/2012,01:30,0,0,0
14/02/2012,01:45,0,0,0
14/02/2012,02:00,0,0,0
14/02/2012,02:15,1,1,0
14/02/2012,02:30,0,0,0
14/02/2012,02:45,0,0,0
14/02/2012,03:00,67,10,57
14/02/2012,03:15,0,0,0
14/02/2012,03:30,3,2,1
14/02/2012,03:45,0,0,0
14/02/2012,04:00,1,1,0
14/02/2012,04:15,0,0,0
14/02/2012,04:30,1,0,1
14/02/2012,04:45,0,0,0
14/02/2012,05:00,1,1,0
14/02/2012,05:15,2,0,2
14/02/2012,05:30,4,1,3
14/02/2012,05:45,7,2,5
14/02/2012,06:00,7,4,3
14/02/2012,06:15,2,0,2
14/02/2012,06:30,13,5,8
14/02/2012,06:45,11,4,7
14/02/2012,07:00,12,5,7
14/02/2012,07:15,15,6,9
14/02/2012,07:30,18,9,9
14/02/2012,07:45,15,5,10
14/02/2012,08:00,13,7,6
14/02/2012,08:15,14,6,8
14/02/2012,08:30,9,5,4
14/02/2012,08:45,13,9,4
14/02/2012,09:00,12,2,10
14/02/2012,09:15,5,2,3
14/02/2012,09:30,5,3,2
14/02/2012,09:45,6,1,5
14/02/2012,10:00,5,4,1
14/02/2012,10:15,2,1,1
14/02/2012,10:30,4,2,2
14/02/2012,10:45,4,2,2
14/02/2012,11:00,4,1,3
14/02/2012,11:15,4,0,4
14/02/2012,11:30,5,1,4
14/02/2012,11:45,5,3,2
14/02/2012,12:00,16,8,8
14/02/2012,12:15,9,6,3
14/02/2012,12:30,5,4,1
14/02/2012,12:45,4,3,1
14/02/2012,13:00,6,4,2
14/02/2012,13:15,13,8,5
14/02/2012,13:30,19,10,9
14/02/2012,13:45,15,7,8
14/02/2012,14:00,5,2,3
14/02/2012,14:15,14,3,11
14/02/2012,14:30,8,5,3
14/02/2012,14:45,7,3,4
14/02/2012,15:00,8,4,4
14/02/2012,15:15,13,7,6
14/02/2012,15:30,12,3,9
14/02/2012,15:45,5,3,2
14/02/2012,16:00,8,3,5
14/02/2012,16:15,21,8,13
14/02/2012,16:30,17,7,10
14/02/2012,16:45,24,16,8
14/02/2012,17:00,13,9,4
14/02/2012,17:15,15,7,8
14/02/2012,17:30,15,9,6
14/02/2012,17:45,17,12,5
14/02/2012,18:00,16,7,9
14/02/2012,18:15,17,7,10
14/02/2012,18:30,17,10,7
14/02/2012,18:45,3,1,2
14/02/2012,19:00,6,2,4
14/02/2012,19:15,8,7,1
14/02/2012,19:30,4,4,0
14/02/2012,19:45,0,0,0
14/02/2012,20:00,5,2,3
14/02/2012,20:15,3,2,1
14/02/2012,20:30,2,2,0
14/02/2012,20:45,3,3,0
14/02/2012,21:00,3,2,1
14/02/2012,21:15,2,0,2
14/02/2012,21:30,2,1,1
14/02/2012,21:45,2,1,1
14/02/2012,22:00,0,0,0
14/02/2012,22:15,1,0,1
14/02/2012,22:30,0,0,0
14/02/2012,22:45,2,1,1
14/02/2012,23:00,1,0,1
14/02/2012,23:15,1,1,0
14/02/2012,23:30,1,1,0
14/02/2012,23:45,1,1,0
15/02/2012,00:00,1,0,1
15/02/2012,00:15,0,0,0
15/02/2012,00:30,0,0,0
15/02/2012,00:45,0,0,0
15/02/2012,01:00,0,0,0
15/02/2012,01:15,2,0,2
15/02/2012,01:30,0,0,0
15/02/2012,01:45,0,0,0
15/02/2012,02:00,0,0,0
15/02/2012,02:15,0,0,0
15/02/2012,02:30,0,0,0
15/02/2012,02:45,2,1,1
15/02/2012,03:00,86,29,57
15/02/2012,03:15,2,1,1
15/02/2012,03:30,0,0,0
15/02/2012,03:45,1,1,0
15/02/2012,04:00,2,2,0
15/02/2012,04:15,0,0,0
15/02/2012,04:30,1,0,1
15/02/2012,04:45,1,1,0
15/02/2012,05:00,2,2,0
15/02/2012,05:15,1,0,1
15/02/2012,05:30,3,2,1
15/02/2012,05:45,6,3,3
15/02/2012,06:00,7,3,4
15/02/2012,06:15,4,1,3
15/02/2012,06:30,13,4,9
15/02/2012,06:45,20,9,11
15/02/2012,07:00,18,3,15
15/02/2012,07:15,17,11,6
15/02/2012,07:30,18,5,13
15/02/2012,07:45,17,8,9
15/02/2012,08:00,20,13,7
15/02/2012,08:15,17,6,11
15/02/2012,08:30,13,6,7
15/02/2012,08:45,19,6,13
15/02/2012,09:00,12,5,7
15/02/2012,09:15,5,2,3
15/02/2012,09:30,6,2,4
15/02/2012,09:45,6,4,2
15/02/2012,10:00,5,4,1
15/02/2012,10:15,9,4,5
15/02/2012,10:30,4,4,0
15/02/2012,10:45,7,3,4
15/02/2012,11:00,2,0,2
15/02/2012,11:15,10,5,5
15/02/2012,11:30,10,7,3
15/02/2012,11:45,10,7,3
15/02/2012,12:00,17,13,4
15/02/2012,12:15,12,7,5
15/02/2012,12:30,11,6,5
15/02/2012,12:45,13,2,11
15/02/2012,13:00,16,9,7
15/02/2012,13:15,8,4,4
15/02/2012,13:30,19,10,9
15/02/2012,13:45,9,3,6
15/02/2012,14:00,16,10,6
15/02/2012,14:15,7,4,3
15/02/2012,14:30,14,6,8
15/02/2012,14:45,16,9,7
15/02/2012,15:00,12,5,7
15/02/2012,15:15,15,3,12
15/02/2012,15:30,13,8,5
15/02/2012,15:45,10,6,4
15/02/2012,16:00,16,6,10
15/02/2012,16:15,25,10,15
15/02/2012,16:30,17,10,7
15/02/2012,16:45,21,12,9
15/02/2012,17:00,20,10,10
15/02/2012,17:15,22,10,12
15/02/2012,17:30,18,11,7
15/02/2012,17:45,29,15,14
15/02/2012,18:00,27,11,16
15/02/2012,18:15,18,10,8
15/02/2012,18:30,20,11,9
15/02/2012,18:45,13,9,4
15/02/2012,19:00,4,3,1
15/02/2012,19:15,10,5,5
15/02/2012,19:30,4,2,2
15/02/2012,19:45,4,2,2
15/02/2012,20:00,1,1,0
15/02/2012,20:15,8,3,5
15/02/2012,20:30,1,1,0
15/02/2012,20:45,2,2,0
15/02/2012,21:00,0,0,0
15/02/2012,21:15,2,2,0
15/02/2012,21:30,2,2,0
15/02/2012,21:45,5,0,5
15/02/2012,22:00,1,0,1
15/02/2012,22:15,1,0,1
15/02/2012,22:30,2,1,1
15/02/2012,22:45,3,1,2
15/02/2012,23:00,2,2,0
15/02/2012,23:15,1,0,1
15/02/2012,23:30,1,1,0
15/02/2012,23:45,2,0,2
16/02/2012,00:00,1,0,1
16/02/2012,00:15,0,0,0
16/02/2012,00:30,0,0,0
16/02/2012,00:45,1,0,1
16/02/2012,01:00,1,0,1
16/02/2012,01:15,0,0,0
16/02/2012,01:30,0,0,0
16/02/2012,01:45,1,1,0
16/02/2012,02:00,0,0,0
16/02/2012,02:15,1,1,0
16/02/2012,02:30,0,0,0
16/02/2012,02:45,0,0,0
16/02/2012,03:00,86,24,62
16/02/2012,03:15,1,0,1
16/02/2012,03:30,0,0,0
16/02/2012,03:45,0,0,0
16/02/2012,04:00,1,1,0
16/02/2012,04:15,2,2,0
16/02/2012,04:30,0,0,0
16/02/2012,04:45,3,3,0
16/02/2012,05:00,0,0,0
16/02/2012,05:15,1,0,1
16/02/2012,05:30,3,0,3
16/02/2012,05:45,8,6,2
16/02/2012,06:00,4,2,2
16/02/2012,06:15,7,3,4
16/02/2012,06:30,11,3,8
16/02/2012,06:45,15,10,5
16/02/2012,07:00,13,6,7
16/02/2012,07:15,15,8,7
16/02/2012,07:30,14,5,9
16/02/2012,07:45,8,5,3
16/02/2012,08:00,13,8,5
16/02/2012,08:15,12,6,6
16/02/2012,08:30,9,3,6
16/02/2012,08:45,7,5,2
16/02/2012,09:00,9,4,5
16/02/2012,09:15,3,0,3
16/02/2012,09:30,8,4,4
16/02/2012,09:45,2,0,2
16/02/2012,10:00,5,4,1
16/02/2012,10:15,3,1,2
16/02/2012,10:30,3,2,1
16/02/2012,10:45,2,1,1
16/02/2012,11:00,4,1,3
16/02/2012,11:15,7,3,4
16/02/2012,11:30,6,2,4
16/02/2012,11:45,8,2,6
16/02/2012,12:00,4,0,4
16/02/2012,12:15,5,3,2
16/02/2012,12:30,1,1,0
16/02/2012,12:45,2,1,1
16/02/2012,13:00,4,1,3
16/02/2012,13:15,2,2,0
16/02/2012,13:30,2,0,2
16/02/2012,13:45,2,0,2
16/02/2012,14:00,4,1,3
16/02/2012,14:15,1,0,1
16/02/2012,14:30,2,0,2
16/02/2012,14:45,9,3,6
16/02/2012,15:00,8,1,7
16/02/2012,15:15,5,3,2
16/02/2012,15:30,6,0,6
16/02/2012,15:45,2,1,1
16/02/2012,16:00,4,1,3
16/02/2012,16:15,8,4,4
16/02/2012,16:30,8,5,3
16/02/2012,16:45,8,3,5
16/02/2012,17:00,5,3,2
16/02/2012,17:15,11,7,4
16/02/2012,17:30,8,6,2
16/02/2012,17:45,7,2,5
16/02/2012,18:00,6,1,5
16/02/2012,18:15,11,4,7
16/02/2012,18:30,8,4,4
16/02/2012,18:45,11,5,6
16/02/2012,19:00,5,4,1
16/02/2012,19:15,5,2,3
16/02/2012,19:30,7,4,3
16/02/2012,19:45,6,3,3
16/02/2012,20:00,3,3,0
16/02/2012,20:15,7,3,4
16/02/2012,20:30,3,2,1
16/02/2012,20:45,0,0,0
16/02/2012,21:00,2,2,0
16/02/2012,21:15,7,4,3
16/02/2012,21:30,6,5,1
16/02/2012,21:45,3,0,3
16/02/2012,22:00,2,2,0
16/02/2012,22:15,1,0,1
16/02/2012,22:30,3,2,1
16/02/2012,22:45,3,1,2
16/02/2012,23:00,1,0,1
16/02/2012,23:15,0,0,0
16/02/2012,23:30,1,1,0
16/02/2012,23:45,0,0,0
17/02/2012,00:00,0,0,0
17/02/2012,00:15,0,0,0
17/02/2012,00:30,0,0,0
17/02/2012,00:45,1,1,0
17/02/2012,01:00,0,0,0
17/02/2012,01:15,1,0,1
17/02/2012,01:30,0,0,0
17/02/2012,01:45,0,0,0
17/02/2012,02:00,0,0,0
17/02/2012,02:15,0,0,0
17/02/2012,02:30,0,0,0
17/02/2012,02:45,0,0,0
17/02/2012,03:00,83,14,69
17/02/2012,03:15,1,1,0
17/02/2012,03:30,0,0,0
17/02/2012,03:45,0,0,0
17/02/2012,04:00,1,1,0
17/02/2012,04:15,0,0,0
17/02/2012,04:30,2,2,0
17/02/2012,04:45,1,0,1
17/02/2012,05:00,2,1,1
17/02/2012,05:15,1,0,1
17/02/2012,05:30,2,0,2
17/02/2012,05:45,7,5,2
17/02/2012,06:00,4,2,2
17/02/2012,06:15,7,5,2
17/02/2012,06:30,10,4,6
17/02/2012,06:45,14,8,6
17/02/2012,07:00,15,7,8
17/02/2012,07:15,21,7,14
17/02/2012,07:30,18,7,11
17/02/2012,07:45,18,6,12
17/02/2012,08:00,18,6,12
17/02/2012,08:15,17,8,9
17/02/2012,08:30,14,10,4
17/02/2012,08:45,11,3,8
17/02/2012,09:00,7,4,3
17/02/2012,09:15,6,4,2
17/02/2012,09:30,14,7,7
17/02/2012,09:45,6,5,1
17/02/2012,10:00,5,4,1
17/02/2012,10:15,8,5,3
17/02/2012,10:30,11,5,6
17/02/2012,10:45,10,5,5
17/02/2012,11:00,4,1,3
17/02/2012,11:15,12,10,2
17/02/2012,11:30,6,4,2
17/02/2012,11:45,12,4,8
17/02/2012,12:00,13,6,7
17/02/2012,12:15,10,5,5
17/02/2012,12:30,10,5,5
17/02/2012,12:45,12,4,8
17/02/2012,13:00,8,3,5
17/02/2012,13:15,9,4,5
17/02/2012,13:30,12,7,5
17/02/2012,13:45,13,8,5
17/02/2012,14:00,10,5,5
17/02/2012,14:15,6,2,4
17/02/2012,14:30,13,6,7
17/02/2012,14:45,12,4,8
17/02/2012,15:00,13,4,9
17/02/2012,15:15,17,6,11
17/02/2012,15:30,16,7,9
17/02/2012,15:45,20,11,9
17/02/2012,16:00,17,10,7
17/02/2012,16:15,22,12,10
17/02/2012,16:30,11,5,6
17/02/2012,16:45,12,7,5
17/02/2012,17:00,30,14,16
17/02/2012,17:15,30,13,17
17/02/2012,17:30,18,10,8
17/02/2012,17:45,26,14,12
17/02/2012,18:00,17,8,9
17/02/2012,18:15,15,7,8
17/02/2012,18:30,12,7,5
17/02/2012,18:45,8,2,6
17/02/2012,19:00,4,2,2
17/02/2012,19:15,7,4,3
17/02/2012,19:30,6,3,3
17/02/2012,19:45,5,2,3
17/02/2012,20:00,3,2,1
17/02/2012,20:15,3,1,2
17/02/2012,20:30,2,0,2
17/02/2012,20:45,3,2,1
17/02/2012,21:00,1,1,0
17/02/2012,21:15,0,0,0
17/02/2012,21:30,2,1,1
17/02/2012,21:45,2,1,1
17/02/2012,22:00,0,0,0
17/02/2012,22:15,0,0,0
17/02/2012,22:30,0,0,0
17/02/2012,22:45,0,0,0
17/02/2012,23:00,2,1,1
17/02/2012,23:15,1,0,1
17/02/2012,23:30,0,0,0
17/02/2012,23:45,0,0,0
18/02/2012,00:00,0,0,0
18/02/2012,00:15,0,0,0
18/02/2012,00:30,1,1,0
18/02/2012,00:45,1,0,1
18/02/2012,01:00,0,0,0
18/02/2012,01:15,0,0,0
18/02/2012,01:30,0,0,0
18/02/2012,01:45,1,0,1
18/02/2012,02:00,2,1,1
18/02/2012,02:15,2,2,0
18/02/2012,02:30,0,0,0
18/02/2012,02:45,0,0,0
18/02/2012,03:00,122,12,110
18/02/2012,03:15,1,0,1
18/02/2012,03:30,0,0,0
18/02/2012,03:45,0,0,0
18/02/2012,04:00,0,0,0
18/02/2012,04:15,0,0,0
18/02/2012,04:30,0,0,0
18/02/2012,04:45,0,0,0
18/02/2012,05:00,1,1,0
18/02/2012,05:15,2,1,1
18/02/2012,05:30,0,0,0
18/02/2012,05:45,0,0,0
18/02/2012,06:00,1,1,0
18/02/2012,06:15,3,3,0
18/02/2012,06:30,5,3,2
18/02/2012,06:45,6,3,3
18/02/2012,07:00,5,4,1
18/02/2012,07:15,4,4,0
18/02/2012,07:30,6,2,4
18/02/2012,07:45,15,11,4
18/02/2012,08:00,8,5,3
18/02/2012,08:15,11,8,3
18/02/2012,08:30,7,4,3
18/02/2012,08:45,8,5,3
18/02/2012,09:00,8,4,4
18/02/2012,09:15,23,14,9
18/02/2012,09:30,31,23,8
18/02/2012,09:45,38,28,10
18/02/2012,10:00,42,25,17
18/02/2012,10:15,30,21,9
18/02/2012,10:30,49,35,14
18/02/2012,10:45,51,38,13
18/02/2012,11:00,31,20,11
18/02/2012,11:15,44,23,21
18/02/2012,11:30,37,23,14
18/02/2012,11:45,25,19,6
18/02/2012,12:00,42,20,22
18/02/2012,12:15,38,26,12
18/02/2012,12:30,34,14,20
18/02/2012,12:45,56,38,18
18/02/2012,13:00,45,21,24
18/02/2012,13:15,40,17,23
18/02/2012,13:30,37,17,20
18/02/2012,13:45,44,28,16
18/02/2012,14:00,51,30,21
18/02/2012,14:15,43,18,25
18/02/2012,14:30,56,36,20
18/02/2012,14:45,32,15,17
18/02/2012,15:00,36,20,16
18/02/2012,15:15,35,19,16
18/02/2012,15:30,34,18,16
18/02/2012,15:45,43,14,29
18/02/2012,16:00,47,26,21
18/02/2012,16:15,35,14,21
18/02/2012,16:30,33,16,17
18/02/2012,16:45,38,17,21
18/02/2012,17:00,24,8,16
18/02/2012,17:15,26,10,16
18/02/2012,17:30,17,11,6
18/02/2012,17:45,9,6,3
18/02/2012,18:00,11,6,5
18/02/2012,18:15,5,2,3
18/02/2012,18:30,8,7,1
18/02/2012,18:45,2,0,2
18/02/2012,19:00,4,2,2
18/02/2012,19:15,5,2,3
18/02/2012,19:30,3,1,2
18/02/2012,19:45,2,0,2
18/02/2012,20:00,3,2,1
18/02/2012,20:15,2,1,1
18/02/2012,20:30,1,1,0
18/02/2012,20:45,2,2,0
18/02/2012,21:00,9,3,6
18/02/2012,21:15,0,0,0
18/02/2012,21:30,2,2,0
18/02/2012,21:45,2,1,1
18/02/2012,22:00,0,0,0
18/02/2012,22:15,0,0,0
18/02/2012,22:30,3,1,2
18/02/2012,22:45,0,0,0
18/02/2012,23:00,1,0,1
18/02/2012,23:15,0,0,0
18/02/2012,23:30,0,0,0
18/02/2012,23:45,1,0,1
19/02/2012,00:00,1,0,1
19/02/2012,00:15,0,0,0
19/02/2012,00:30,1,0,1
19/02/2012,00:45,0,0,0
19/02/2012,01:00,2,1,1
19/02/2012,01:15,0,0,0
19/02/2012,01:30,1,0,1
19/02/2012,01:45,0,0,0
19/02/2012,02:00,1,0,1
19/02/2012,02:15,0,0,0
19/02/2012,02:30,0,0,0
19/02/2012,02:45,2,2,0
19/02/2012,03:00,81,14,67
19/02/2012,03:15,0,0,0
19/02/2012,03:30,0,0,0
19/02/2012,03:45,0,0,0
19/02/2012,04:00,0,0,0
19/02/2012,04:15,0,0,0
19/02/2012,04:30,0,0,0
19/02/2012,04:45,0,0,0
19/02/2012,05:00,0,0,0
19/02/2012,05:15,0,0,0
19/02/2012,05:30,0,0,0
19/02/2012,05:45,1,0,1
19/02/2012,06:00,0,0,0
19/02/2012,06:15,0,0,0
19/02/2012,06:30,1,1,0
19/02/2012,06:45,2,1,1
19/02/2012,07:00,1,1,0
19/02/2012,07:15,4,2,2
19/02/2012,07:30,3,1,2
19/02/2012,07:45,5,3,2
19/02/2012,08:00,1,1,0
19/02/2012,08:15,5,1,4
19/02/2012,08:30,8,7,1
19/02/2012,08:45,4,1,3
19/02/2012,09:00,14,9,5
19/02/2012,09:15,3,0,3
19/02/2012,09:30,10,4,6
19/02/2012,09:45,6,3,3
19/02/2012,10:00,6,3,3
19/02/2012,10:15,16,4,12
19/02/2012,10:30,6,4,2
19/02/2012,10:45,7,5,2
19/02/2012,11:00,13,5,8
19/02/2012,11:15,13,6,7
19/02/2012,11:30,10,6,4
19/02/2012,11:45,19,12,7
19/02/2012,12:00,16,8,8
19/02/2012,12:15,7,3,4
19/02/2012,12:30,8,3,5
19/02/2012,12:45,15,9,6
19/02/2012,13:00,8,1,7
19/02/2012,13:15,12,3,9
19/02/2012,13:30,8,3,5
19/02/2012,13:45,20,8,12
19/02/2012,14:00,14,4,10
19/02/2012,14:15,9,5,4
19/02/2012,14:30,8,2,6
19/02/2012,14:45,6,4,2
19/02/2012,15:00,13,5,8
19/02/2012,15:15,5,1,4
19/02/2012,15:30,7,5,2
19/02/2012,15:45,6,3,3
19/02/2012,16:00,6,4,2
19/02/2012,16:15,8,3,5
19/02/2012,16:30,6,1,5
19/02/2012,16:45,5,2,3
19/02/2012,17:00,2,0,2
19/02/2012,17:15,2,1,1
19/02/2012,17:30,4,3,1
19/02/2012,17:45,4,2,2
19/02/2012,18:00,4,1,3
19/02/2012,18:15,7,1,6
19/02/2012,18:30,6,5,1
19/02/2012,18:45,3,1,2
19/02/2012,19:00,1,1,0
19/02/2012,19:15,3,2,1
19/02/2012,19:30,4,0,4
19/02/2012,19:45,2,1,1
19/02/2012,20:00,0,0,0
19/02/2012,20:15,0,0,0
19/02/2012,20:30,1,0,1
19/02/2012,20:45,0,0,0
19/02/2012,21:00,1,1,0
19/02/2012,21:15,0,0,0
19/02/2012,21:30,0,0,0
19/02/2012,21:45,0,0,0
19/02/2012,22:00,1,0,1
19/02/2012,22:15,0,0,0
19/02/2012,22:30,0,0,0
19/02/2012,22:45,0,0,0
19/02/2012,23:00,0,0,0
19/02/2012,23:15,1,0,1
19/02/2012,23:30,0,0,0
19/02/2012,23:45,0,0,0
20/02/2012,00:00,2,2,0
20/02/2012,00:15,0,0,0
20/02/2012,00:30,0,0,0
20/02/2012,00:45,0,0,0
20/02/2012,01:00,1,0,1
20/02/2012,01:15,0,0,0
20/02/2012,01:30,1,1,0
20/02/2012,01:45,0,0,0
20/02/2012,02:00,0,0,0
20/02/2012,02:15,0,0,0
20/02/2012,02:30,0,0,0
20/02/2012,02:45,0,0,0
20/02/2012,03:00,98,22,76
20/02/2012,03:15,1,1,0
20/02/2012,03:30,0,0,0
20/02/2012,03:45,1,1,0
20/02/2012,04:00,1,1,0
20/02/2012,04:15,1,1,0
20/02/2012,04:30,1,0,1
20/02/2012,04:45,3,0,3
20/02/2012,05:00,2,1,1
20/02/2012,05:15,0,0,0
20/02/2012,05:30,4,2,2
20/02/2012,05:45,2,1,1
20/02/2012,06:00,4,4,0
20/02/2012,06:15,0,0,0
20/02/2012,06:30,2,2,0
20/02/2012,06:45,3,2,1
20/02/2012,07:00,4,3,1
20/02/2012,07:15,8,3,5
20/02/2012,07:30,6,4,2
20/02/2012,07:45,7,7,0
20/02/2012,08:00,9,5,4
20/02/2012,08:15,9,7,2
20/02/2012,08:30,8,5,3
20/02/2012,08:45,11,10,1
20/02/2012,09:00,10,8,2
20/02/2012,09:15,12,11,1
20/02/2012,09:30,18,15,3
20/02/2012,09:45,20,17,3
20/02/2012,10:00,7,4,3
20/02/2012,10:15,26,21,5
20/02/2012,10:30,15,8,7
20/02/2012,10:45,26,20,6
20/02/2012,11:00,19,13,6
20/02/2012,11:15,13,7,6
20/02/2012,11:30,20,15,5
20/02/2012,11:45,26,18,8
20/02/2012,12:00,19,9,10
20/02/2012,12:15,17,11,6
20/02/2012,12:30,33,28,5
20/02/2012,12:45,18,14,4
20/02/2012,13:00,21,9,12
20/02/2012,13:15,20,9,11
20/02/2012,13:30,25,16,9
20/02/2012,13:45,27,17,10
20/02/2012,14:00,22,13,9
20/02/2012,14:15,31,15,16
20/02/2012,14:30,18,9,9
20/02/2012,14:45,40,19,21
20/02/2012,15:00,23,14,9
20/02/2012,15:15,20,9,11
20/02/2012,15:30,14,4,10
20/02/2012,15:45,26,17,9
20/02/2012,16:00,29,17,12
20/02/2012,16:15,24,17,7
20/02/2012,16:30,30,7,23
20/02/2012,16:45,21,12,9
20/02/2012,17:00,20,9,11
20/02/2012,17:15,19,11,8
20/02/2012,17:30,11,1,10
20/02/2012,17:45,6,1,5
20/02/2012,18:00,16,8,8
20/02/2012,18:15,11,5,6
20/02/2012,18:30,8,2,6
20/02/2012,18:45,6,1,5
20/02/2012,19:00,5,1,4
20/02/2012,19:15,7,2,5
20/02/2012,19:30,1,1,0
20/02/2012,19:45,1,0,1
20/02/2012,20:00,3,2,1
20/02/2012,20:15,2,1,1
20/02/2012,20:30,4,2,2
20/02/2012,20:45,0,0,0
20/02/2012,21:00,2,2,0
20/02/2012,21:15,0,0,0
20/02/2012,21:30,0,0,0
20/02/2012,21:45,1,1,0
20/02/2012,22:00,1,1,0
20/02/2012,22:15,3,2,1
20/02/2012,22:30,1,1,0
20/02/2012,22:45,0,0,0
20/02/2012,23:00,1,1,0
20/02/2012,23:15,0,0,0
20/02/2012,23:30,0,0,0
20/02/2012,23:45,0,0,0
21/02/2012,00:00,0,0,0
21/02/2012,00:15,0,0,0
21/02/2012,00:30,0,0,0
21/02/2012,00:45,0,0,0
21/02/2012,01:00,0,0,0
21/02/2012,01:15,1,1,0
21/02/2012,01:30,0,0,0
21/02/2012,01:45,0,0,0
21/02/2012,02:00,0,0,0
21/02/2012,02:15,0,0,0
21/02/2012,02:30,0,0,0
21/02/2012,02:45,0,0,0
21/02/2012,03:00,73,11,62
21/02/2012,03:15,0,0,0
21/02/2012,03:30,0,0,0
21/02/2012,03:45,1,1,0
21/02/2012,04:00,3,2,1
21/02/2012,04:15,0,0,0
21/02/2012,04:30,0,0,0
21/02/2012,04:45,3,0,3
21/02/2012,05:00,0,0,0
21/02/2012,05:15,3,1,2
21/02/2012,05:30,5,1,4
21/02/2012,05:45,6,3,3
21/02/2012,06:00,8,3,5
21/02/2012,06:15,6,2,4
21/02/2012,06:30,10,5,5
21/02/2012,06:45,17,9,8
21/02/2012,07:00,17,7,10
21/02/2012,07:15,19,6,13
21/02/2012,07:30,21,9,12
21/02/2012,07:45,16,3,13
21/02/2012,08:00,15,9,6
21/02/2012,08:15,19,10,9
21/02/2012,08:30,13,5,8
21/02/2012,08:45,10,6,4
21/02/2012,09:00,7,3,4
21/02/2012,09:15,8,3,5
21/02/2012,09:30,4,4,0
21/02/2012,09:45,8,5,3
21/02/2012,10:00,6,5,1
21/02/2012,10:15,2,0,2
21/02/2012,10:30,1,0,1
21/02/2012,10:45,4,0,4
21/02/2012,11:00,6,3,3
21/02/2012,11:15,4,1,3
21/02/2012,11:30,3,1,2
21/02/2012,11:45,6,3,3
21/02/2012,12:00,2,0,2
21/02/2012,12:15,9,2,7
21/02/2012,12:30,5,3,2
21/02/2012,12:45,3,0,3
21/02/2012,13:00,7,3,4
21/02/2012,13:15,7,6,1
21/02/2012,13:30,4,1,3
21/02/2012,13:45,3,1,2
21/02/2012,14:00,8,4,4
21/02/2012,14:15,9,4,5
21/02/2012,14:30,13,3,10
21/02/2012,14:45,11,6,5
21/02/2012,15:00,5,1,4
21/02/2012,15:15,8,2,6
21/02/2012,15:30,9,4,5
21/02/2012,15:45,15,3,12
21/02/2012,16:00,12,5,7
21/02/2012,16:15,17,10,7
21/02/2012,16:30,11,7,4
21/02/2012,16:45,18,10,8
21/02/2012,17:00,18,10,8
21/02/2012,17:15,23,15,8
21/02/2012,17:30,16,10,6
21/02/2012,17:45,24,11,13
21/02/2012,18:00,13,2,11
21/02/2012,18:15,21,13,8
21/02/2012,18:30,10,6,4
21/02/2012,18:45,17,13,4
21/02/2012,19:00,12,5,7
21/02/2012,19:15,6,5,1
21/02/2012,19:30,6,1,5
21/02/2012,19:45,6,2,4
21/02/2012,20:00,6,4,2
21/02/2012,20:15,5,4,1
21/02/2012,20:30,3,1,2
21/02/2012,20:45,2,1,1
21/02/2012,21:00,5,4,1
21/02/2012,21:15,2,0,2
21/02/2012,21:30,1,1,0
21/02/2012,21:45,3,2,1
21/02/2012,22:00,2,0,2
21/02/2012,22:15,1,0,1
21/02/2012,22:30,0,0,0
21/02/2012,22:45,1,1,0
21/02/2012,23:00,0,0,0
21/02/2012,23:15,1,0,1
21/02/2012,23:30,1,1,0
21/02/2012,23:45,0,0,0
22/02/2012,00:00,0,0,0
22/02/2012,00:15,0,0,0
22/02/2012,00:30,0,0,0
22/02/2012,00:45,1,0,1
22/02/2012,01:00,0,0,0
22/02/2012,01:15,0,0,0
22/02/2012,01:30,0,0,0
22/02/2012,01:45,0,0,0
22/02/2012,02:00,0,0,0
22/02/2012,02:15,1,1,0
22/02/2012,02:30,0,0,0
22/02/2012,02:45,0,0,0
22/02/2012,03:00,79,5,74
22/02/2012,03:15,0,0,0
22/02/2012,03:30,2,2,0
22/02/2012,03:45,0,0,0
22/02/2012,04:00,1,1,0
22/02/2012,04:15,0,0,0
22/02/2012,04:30,1,1,0
22/02/2012,04:45,1,0,1
22/02/2012,05:00,5,1,4
22/02/2012,05:15,2,0,2
22/02/2012,05:30,9,6,3
22/02/2012,05:45,4,2,2
22/02/2012,06:00,8,5,3
22/02/2012,06:15,10,4,6
22/02/2012,06:30,13,7,6
22/02/2012,06:45,15,7,8
22/02/2012,07:00,17,5,12
22/02/2012,07:15,23,12,11
22/02/2012,07:30,13,1,12
22/02/2012,07:45,21,5,16
22/02/2012,08:00,16,5,11
22/02/2012,08:15,14,5,9
22/02/2012,08:30,12,5,7
22/02/2012,08:45,17,7,10
22/02/2012,09:00,16,5,11
22/02/2012,09:15,8,1,7
22/02/2012,09:30,6,3,3
22/02/2012,09:45,8,5,3
22/02/2012,10:00,5,2,3
22/02/2012,10:15,14,7,7
22/02/2012,10:30,8,3,5
22/02/2012,10:45,6,3,3
22/02/2012,11:00,12,8,4
22/02/2012,11:15,9,5,4
22/02/2012,11:30,20,16,4
22/02/2012,11:45,16,9,7
22/02/2012,12:00,19,10,9
22/02/2012,12:15,11,9,2
22/02/2012,12:30,14,8,6
22/02/2012,12:45,10,5,5
22/02/2012,13:00,16,8,8
22/02/2012,13:15,14,7,7
22/02/2012,13:30,16,5,11
22/02/2012,13:45,15,7,8
22/02/2012,14:00,16,11,5
22/02/2012,14:15,15,7,8
22/02/2012,14:30,15,7,8
22/02/2012,14:45,20,10,10
22/02/2012,15:00,18,8,10
22/02/2012,15:15,17,9,8
22/02/2012,15:30,22,10,12
22/02/2012,15:45,22,11,11
22/02/2012,16:00,16,7,9
22/02/2012,16:15,21,9,12
22/02/2012,16:30,28,14,14
22/02/2012,16:45,31,14,17
22/02/2012,17:00,23,11,12
22/02/2012,17:15,31,19,12
22/02/2012,17:30,45,17,28
22/02/2012,17:45,31,14,17
22/02/2012,18:00,34,18,16
22/02/2012,18:15,20,9,11
22/02/2012,18:30,20,9,11
22/02/2012,18:45,11,6,5
22/02/2012,19:00,8,3,5
22/02/2012,19:15,21,7,14
22/02/2012,19:30,14,10,4
22/02/2012,19:45,8,7,1
22/02/2012,20:00,0,0,0
22/02/2012,20:15,5,4,1
22/02/2012,20:30,1,1,0
22/02/2012,20:45,0,0,0
22/02/2012,21:00,1,0,1
22/02/2012,21:15,3,3,0
22/02/2012,21:30,3,3,0
22/02/2012,21:45,2,1,1
22/02/2012,22:00,3,1,2
22/02/2012,22:15,3,1,2
22/02/2012,22:30,7,2,5
22/02/2012,22:45,0,0,0
22/02/2012,23:00,1,1,0
22/02/2012,23:15,0,0,0
22/02/2012,23:30,2,0,2
22/02/2012,23:45,1,1,0
23/02/2012,00:00,1,0,1
23/02/2012,00:15,0,0,0
23/02/2012,00:30,0,0,0
23/02/2012,00:45,1,1,0
23/02/2012,01:00,0,0,0
23/02/2012,01:15,0,0,0
23/02/2012,01:30,0,0,0
23/02/2012,01:45,0,0,0
23/02/2012,02:00,0,0,0
23/02/2012,02:15,0,0,0
23/02/2012,02:30,0,0,0
23/02/2012,02:45,0,0,0
23/02/2012,03:00,87,23,64
23/02/2012,03:15,0,0,0
23/02/2012,03:30,0,0,0
23/02/2012,03:45,0,0,0
23/02/2012,04:00,1,1,0
23/02/2012,04:15,4,2,2
23/02/2012,04:30,1,1,0
23/02/2012,04:45,0,0,0
23/02/2012,05:00,4,2,2
23/02/2012,05:15,4,1,3
23/02/2012,05:30,5,2,3
23/02/2012,05:45,11,6,5
23/02/2012,06:00,7,3,4
23/02/2012,06:15,11,8,3
23/02/2012,06:30,16,4,12
23/02/2012,06:45,18,7,11
23/02/2012,07:00,23,6,17
23/02/2012,07:15,28,8,20
23/02/2012,07:30,28,13,15
23/02/2012,07:45,15,5,10
23/02/2012,08:00,26,14,12
23/02/2012,08:15,15,4,11
23/02/2012,08:30,20,7,13
23/02/2012,08:45,20,11,9
23/02/2012,09:00,13,7,6
23/02/2012,09:15,7,2,5
23/02/2012,09:30,10,3,7
23/02/2012,09:45,14,9,5
23/02/2012,10:00,9,4,5
23/02/2012,10:15,6,4,2
23/02/2012,10:30,10,6,4
23/02/2012,10:45,20,9,11
23/02/2012,11:00,12,7,5
23/02/2012,11:15,16,11,5
23/02/2012,11:30,11,3,8
23/02/2012,11:45,16,13,3
23/02/2012,12:00,18,10,8
23/02/2012,12:15,23,14,9
23/02/2012,12:30,9,2,7
23/02/2012,12:45,19,9,10
23/02/2012,13:00,9,4,5
23/02/2012,13:15,31,23,8
23/02/2012,13:30,20,10,10
23/02/2012,13:45,30,19,11
23/02/2012,14:00,24,10,14
23/02/2012,14:15,28,14,14
23/02/2012,14:30,20,6,14
23/02/2012,14:45,25,17,8
23/02/2012,15:00,26,9,17
23/02/2012,15:15,30,14,16
23/02/2012,15:30,20,14,6
23/02/2012,15:45,32,14,18
23/02/2012,16:00,29,11,18
23/02/2012,16:15,36,17,19
23/02/2012,16:30,33,15,18
23/02/2012,16:45,46,29,17
23/02/2012,17:00,35,20,15
23/02/2012,17:15,42,25,17
23/02/2012,17:30,46,22,24
23/02/2012,17:45,45,26,19
23/02/2012,18:00,37,23,14
23/02/2012,18:15,42,22,20
23/02/2012,18:30,24,14,10
23/02/2012,18:45,22,11,11
23/02/2012,19:00,15,7,8
23/02/2012,19:15,5,4,1
23/02/2012,19:30,8,6,2
23/02/2012,19:45,5,1,4
23/02/2012,20:00,10,5,5
23/02/2012,20:15,4,3,1
23/02/2012,20:30,8,2,6
23/02/2012,20:45,0,0,0
23/02/2012,21:00,6,4,2
23/02/2012,21:15,6,1,5
23/02/2012,21:30,1,1,0
23/02/2012,21:45,1,0,1
23/02/2012,22:00,3,2,1
23/02/2012,22:15,3,1,2
23/02/2012,22:30,1,1,0
23/02/2012,22:45,0,0,0
23/02/2012,23:00,2,0,2
23/02/2012,23:15,0,0,0
23/02/2012,23:30,5,5,0
23/02/2012,23:45,0,0,0
24/02/2012,00:00,2,2,0
24/02/2012,00:15,1,1,0
24/02/2012,00:30,1,0,1
24/02/2012,00:45,1,1,0
24/02/2012,01:00,0,0,0
24/02/2012,01:15,0,0,0
24/02/2012,01:30,0,0,0
24/02/2012,01:45,1,1,0
24/02/2012,02:00,0,0,0
24/02/2012,02:15,1,1,0
24/02/2012,02:30,0,0,0
24/02/2012,02:45,0,0,0
24/02/2012,03:00,0,0,0
24/02/2012,03:15,0,0,0
24/02/2012,03:30,0,0,0
24/02/2012,03:45,0,0,0
24/02/2012,04:00,1,1,0
24/02/2012,04:15,1,0,1
24/02/2012,04:30,2,1,1
24/02/2012,04:45,2,0,2
24/02/2012,05:00,2,1,1
24/02/2012,05:15,1,0,1
24/02/2012,05:30,4,2,2
24/02/2012,05:45,8,7,1
24/02/2012,06:00,6,5,1
24/02/2012,06:15,10,6,4
24/02/2012,06:30,7,5,2
24/02/2012,06:45,12,8,4
24/02/2012,07:00,10,2,8
24/02/2012,07:15,13,5,8
24/02/2012,07:30,8,4,4
24/02/2012,07:45,19,9,10
24/02/2012,08:00,13,3,10
24/02/2012,08:15,23,12,11
24/02/2012,08:30,9,2,7
24/02/2012,08:45,12,6,6
24/02/2012,09:00,7,4,3
24/02/2012,09:15,5,3,2
24/02/2012,09:30,5,1,4
24/02/2012,09:45,8,5,3
24/02/2012,10:00,12,7,5
24/02/2012,10:15,8,4,4
24/02/2012,10:30,3,2,1
24/02/2012,10:45,4,0,4
24/02/2012,11:00,6,2,4
24/02/2012,11:15,5,2,3
24/02/2012,11:30,8,3,5
24/02/2012,11:45,3,0,3
24/02/2012,12:00,11,7,4
24/02/2012,12:15,9,2,7
24/02/2012,12:30,11,6,5
24/02/2012,12:45,5,2,3
24/02/2012,13:00,10,6,4
24/02/2012,13:15,11,6,5
24/02/2012,13:30,16,6,10
24/02/2012,13:45,14,7,7
24/02/2012,14:00,6,1,5
24/02/2012,14:15,3,1,2
24/02/2012,14:30,4,2,2
24/02/2012,14:45,8,2,6
24/02/2012,15:00,6,0,6
24/02/2012,15:15,13,2,11
24/02/2012,15:30,4,3,1
24/02/2012,15:45,4,2,2
24/02/2012,16:00,6,0,6
24/02/2012,16:15,5,2,3
24/02/2012,16:30,5,1,4
24/02/2012,16:45,12,4,8
24/02/2012,17:00,10,5,5
24/02/2012,17:15,7,4,3
24/02/2012,17:30,13,6,7
24/02/2012,17:45,8,5,3
24/02/2012,18:00,9,6,3
24/02/2012,18:15,9,2,7
24/02/2012,18:30,2,0,2
24/02/2012,18:45,5,1,4
24/02/2012,19:00,9,5,4
24/02/2012,19:15,4,2,2
24/02/2012,19:30,1,0,1
24/02/2012,19:45,4,2,2
24/02/2012,20:00,1,1,0
24/02/2012,20:15,0,0,0
24/02/2012,20:30,1,1,0
24/02/2012,20:45,0,0,0
24/02/2012,21:00,0,0,0
24/02/2012,21:15,1,1,0
24/02/2012,21:30,1,1,0
24/02/2012,21:45,3,1,2
24/02/2012,22:00,1,1,0
24/02/2012,22:15,4,4,0
24/02/2012,22:30,3,2,1
24/02/2012,22:45,0,0,0
24/02/2012,23:00,1,1,0
24/02/2012,23:15,0,0,0
24/02/2012,23:30,0,0,0
24/02/2012,23:45,3,3,0
25/02/2012,00:00,3,0,3
25/02/2012,00:15,0,0,0
25/02/2012,00:30,2,0,2
25/02/2012,00:45,0,0,0
25/02/2012,01:00,0,0,0
25/02/2012,01:15,0,0,0
25/02/2012,01:30,2,1,1
25/02/2012,01:45,0,0,0
25/02/2012,02:00,0,0,0
25/02/2012,02:15,0,0,0
25/02/2012,02:30,0,0,0
25/02/2012,02:45,0,0,0
25/02/2012,03:00,0,0,0
25/02/2012,03:15,0,0,0
25/02/2012,03:30,0,0,0
25/02/2012,03:45,0,0,0
25/02/2012,04:00,0,0,0
25/02/2012,04:15,1,0,1
25/02/2012,04:30,0,0,0
25/02/2012,04:45,0,0,0
25/02/2012,05:00,2,1,1
25/02/2012,05:15,1,1,0
25/02/2012,05:30,4,2,2
25/02/2012,05:45,4,3,1
25/02/2012,06:00,1,1,0
25/02/2012,06:15,4,3,1
25/02/2012,06:30,4,3,1
25/02/2012,06:45,7,4,3
25/02/2012,07:00,5,4,1
25/02/2012,07:15,3,2,1
25/02/2012,07:30,6,2,4
25/02/2012,07:45,9,6,3
25/02/2012,08:00,9,5,4
25/02/2012,08:15,7,5,2
25/02/2012,08:30,15,6,9
25/02/2012,08:45,12,9,3
25/02/2012,09:00,10,5,5
25/02/2012,09:15,6,4,2
25/02/2012,09:30,13,4,9
25/02/2012,09:45,7,3,4
25/02/2012,10:00,14,13,1
25/02/2012,10:15,6,1,5
25/02/2012,10:30,19,7,12
25/02/2012,10:45,12,6,6
25/02/2012,11:00,10,8,2
25/02/2012,11:15,13,7,6
25/02/2012,11:30,16,6,10
25/02/2012,11:45,16,8,8
25/02/2012,12:00,5,2,3
25/02/2012,12:15,14,9,5
25/02/2012,12:30,13,5,8
25/02/2012,12:45,10,2,8
25/02/2012,13:00,7,4,3
25/02/2012,13:15,12,5,7
25/02/2012,13:30,17,6,11
25/02/2012,13:45,17,10,7
25/02/2012,14:00,13,7,6
25/02/2012,14:15,8,2,6
25/02/2012,14:30,9,4,5
25/02/2012,14:45,13,3,10
25/02/2012,15:00,10,4,6
25/02/2012,15:15,12,1,11
25/02/2012,15:30,12,5,7
25/02/2012,15:45,17,6,11
25/02/2012,16:00,13,2,11
25/02/2012,16:15,9,3,6
25/02/2012,16:30,11,6,5
25/02/2012,16:45,10,4,6
25/02/2012,17:00,3,1,2
25/02/2012,17:15,8,2,6
25/02/2012,17:30,3,1,2
25/02/2012,17:45,4,1,3
25/02/2012,18:00,5,2,3
25/02/2012,18:15,6,3,3
25/02/2012,18:30,4,2,2
25/02/2012,18:45,4,0,4
25/02/2012,19:00,2,0,2
25/02/2012,19:15,0,0,0
25/02/2012,19:30,0,0,0
25/02/2012,19:45,0,0,0
25/02/2012,20:00,0,0,0
25/02/2012,20:15,2,1,1
25/02/2012,20:30,1,1,0
25/02/2012,20:45,1,0,1
25/02/2012,21:00,0,0,0
25/02/2012,21:15,1,0,1
25/02/2012,21:30,0,0,0
25/02/2012,21:45,1,1,0
25/02/2012,22:00,0,0,0
25/02/2012,22:15,1,1,0
25/02/2012,22:30,1,0,1
25/02/2012,22:45,0,0,0
25/02/2012,23:00,1,0,1
25/02/2012,23:15,0,0,0
25/02/2012,23:30,0,0,0
25/02/2012,23:45,1,1,0
26/02/2012,00:00,0,0,0
26/02/2012,00:15,0,0,0
26/02/2012,00:30,0,0,0
26/02/2012,00:45,1,0,1
26/02/2012,01:00,0,0,0
26/02/2012,01:15,0,0,0
26/02/2012,01:30,0,0,0
26/02/2012,01:45,0,0,0
26/02/2012,02:00,2,1,1
26/02/2012,02:15,0,0,0
26/02/2012,02:30,0,0,0
26/02/2012,02:45,4,0,4
26/02/2012,03:00,0,0,0
26/02/2012,03:15,0,0,0
26/02/2012,03:30,0,0,0
26/02/2012,03:45,0,0,0
26/02/2012,04:00,0,0,0
26/02/2012,04:15,0,0,0
26/02/2012,04:30,0,0,0
26/02/2012,04:45,0,0,0
26/02/2012,05:00,0,0,0
26/02/2012,05:15,0,0,0
26/02/2012,05:30,1,0,1
26/02/2012,05:45,1,1,0
26/02/2012,06:00,0,0,0
26/02/2012,06:15,0,0,0
26/02/2012,06:30,4,4,0
26/02/2012,06:45,1,1,0
26/02/2012,07:00,2,2,0
26/02/2012,07:15,7,5,2
26/02/2012,07:30,9,7,2
26/02/2012,07:45,7,3,4
26/02/2012,08:00,2,2,0
26/02/2012,08:15,4,4,0
26/02/2012,08:30,3,1,2
26/02/2012,08:45,11,7,4
26/02/2012,09:00,5,3,2
26/02/2012,09:15,12,9,3
26/02/2012,09:30,14,8,6
26/02/2012,09:45,20,10,10
26/02/2012,10:00,18,7,11
26/02/2012,10:15,17,11,6
26/02/2012,10:30,16,12,4
26/02/2012,10:45,22,11,11
26/02/2012,11:00,14,10,4
26/02/2012,11:15,14,7,7
26/02/2012,11:30,25,15,10
26/02/2012,11:45,17,16,1
26/02/2012,12:00,15,9,6
26/02/2012,12:15,24,14,10
26/02/2012,12:30,24,9,15
26/02/2012,12:45,35,21,14
26/02/2012,13:00,20,9,11
26/02/2012,13:15,26,13,13
26/02/2012,13:30,28,21,7
26/02/2012,13:45,15,5,10
26/02/2012,14:00,35,17,18
26/02/2012,14:15,31,14,17
26/02/2012,14:30,32,15,17
26/02/2012,14:45,35,18,17
26/02/2012,15:00,42,23,19
26/02/2012,15:15,18,13,5
26/02/2012,15:30,50,29,21
26/02/2012,15:45,33,18,15
26/02/2012,16:00,35,20,15
26/02/2012,16:15,30,8,22
26/02/2012,16:30,23,11,12
26/02/2012,16:45,23,8,15
26/02/2012,17:00,23,14,9
26/02/2012,17:15,26,11,15
26/02/2012,17:30,19,14,5
26/02/2012,17:45,15,10,5
26/02/2012,18:00,10,5,5
26/02/2012,18:15,8,2,6
26/02/2012,18:30,6,5,1
26/02/2012,18:45,2,0,2
26/02/2012,19:00,6,1,5
26/02/2012,19:15,2,1,1
26/02/2012,19:30,3,2,1
26/02/2012,19:45,1,0,1
26/02/2012,20:00,1,1,0
26/02/2012,20:15,1,1,0
26/02/2012,20:30,3,0,3
26/02/2012,20:45,0,0,0
26/02/2012,21:00,1,1,0
26/02/2012,21:15,0,0,0
26/02/2012,21:30,2,0,2
26/02/2012,21:45,0,0,0
26/02/2012,22:00,1,1,0
26/02/2012,22:15,0,0,0
26/02/2012,22:30,0,0,0
26/02/2012,22:45,0,0,0
26/02/2012,23:00,0,0,0
26/02/2012,23:15,0,0,0
26/02/2012,23:30,0,0,0
26/02/2012,23:45,0,0,0
27/02/2012,00:00,0,0,0
27/02/2012,00:15,0,0,0
27/02/2012,00:30,0,0,0
27/02/2012,00:45,0,0,0
27/02/2012,01:00,0,0,0
27/02/2012,01:15,0,0,0
27/02/2012,01:30,0,0,0
27/02/2012,01:45,0,0,0
27/02/2012,02:00,0,0,0
27/02/2012,02:15,0,0,0
27/02/2012,02:30,0,0,0
27/02/2012,02:45,0,0,0
27/02/2012,03:00,0,0,0
27/02/2012,03:15,0,0,0
27/02/2012,03:30,0,0,0
27/02/2012,03:45,2,2,0
27/02/2012,04:00,2,2,0
27/02/2012,04:15,0,0,0
27/02/2012,04:30,0,0,0
27/02/2012,04:45,1,0,1
27/02/2012,05:00,3,1,2
27/02/2012,05:15,3,1,2
27/02/2012,05:30,7,3,4
27/02/2012,05:45,5,1,4
27/02/2012,06:00,4,2,2
27/02/2012,06:15,8,4,4
27/02/2012,06:30,15,8,7
27/02/2012,06:45,16,6,10
27/02/2012,07:00,12,3,9
27/02/2012,07:15,20,10,10
27/02/2012,07:30,16,4,12
27/02/2012,07:45,16,7,9
27/02/2012,08:00,18,7,11
27/02/2012,08:15,14,5,9
27/02/2012,08:30,19,10,9
27/02/2012,08:45,12,8,4
27/02/2012,09:00,12,5,7
27/02/2012,09:15,9,5,4
27/02/2012,09:30,7,4,3
27/02/2012,09:45,6,5,1
27/02/2012,10:00,17,6,11
27/02/2012,10:15,11,9,2
27/02/2012,10:30,11,2,9
27/02/2012,10:45,13,8,5
27/02/2012,11:00,3,1,2
27/02/2012,11:15,8,6,2
27/02/2012,11:30,10,5,5
27/02/2012,11:45,15,9,6
27/02/2012,12:00,14,7,7
27/02/2012,12:15,12,6,6
27/02/2012,12:30,14,5,9
27/02/2012,12:45,9,4,5
27/02/2012,13:00,19,15,4
27/02/2012,13:15,15,9,6
27/02/2012,13:30,16,9,7
27/02/2012,13:45,12,3,9
27/02/2012,14:00,10,4,6
27/02/2012,14:15,12,6,6
27/02/2012,14:30,17,6,11
27/02/2012,14:45,17,10,7
27/02/2012,15:00,22,8,14
27/02/2012,15:15,20,9,11
27/02/2012,15:30,24,13,11
27/02/2012,15:45,21,6,15
27/02/2012,16:00,29,12,17
27/02/2012,16:15,21,10,11
27/02/2012,16:30,30,12,18
27/02/2012,16:45,32,17,15
27/02/2012,17:00,33,14,19
27/02/2012,17:15,27,13,14
27/02/2012,17:30,34,19,15
27/02/2012,17:45,27,13,14
27/02/2012,18:00,28,15,13
27/02/2012,18:15,31,23,8
27/02/2012,18:30,21,9,12
27/02/2012,18:45,11,7,4
27/02/2012,19:00,13,5,8
27/02/2012,19:15,9,2,7
27/02/2012,19:30,13,9,4
27/02/2012,19:45,5,3,2
27/02/2012,20:00,1,1,0
27/02/2012,20:15,5,1,4
27/02/2012,20:30,2,2,0
27/02/2012,20:45,0,0,0
27/02/2012,21:00,3,1,2
27/02/2012,21:15,4,2,2
27/02/2012,21:30,3,2,1
27/02/2012,21:45,2,2,0
27/02/2012,22:00,0,0,0
27/02/2012,22:15,1,0,1
27/02/2012,22:30,1,0,1
27/02/2012,22:45,2,2,0
27/02/2012,23:00,1,0,1
27/02/2012,23:15,0,0,0
27/02/2012,23:30,0,0,0
27/02/2012,23:45,1,1,0
28/02/2012,00:00,0,0,0
28/02/2012,00:15,0,0,0
28/02/2012,00:30,0,0,0
28/02/2012,00:45,0,0,0
28/02/2012,01:00,0,0,0
28/02/2012,01:15,1,0,1
28/02/2012,01:30,1,1,0
28/02/2012,01:45,0,0,0
28/02/2012,02:00,1,0,1
28/02/2012,02:15,0,0,0
28/02/2012,02:30,0,0,0
28/02/2012,02:45,0,0,0
28/02/2012,03:00,0,0,0
28/02/2012,03:15,1,1,0
28/02/2012,03:30,0,0,0
28/02/2012,03:45,1,1,0
28/02/2012,04:00,1,1,0
28/02/2012,04:15,0,0,0
28/02/2012,04:30,2,1,1
28/02/2012,04:45,0,0,0
28/02/2012,05:00,2,1,1
28/02/2012,05:15,3,1,2
28/02/2012,05:30,4,1,3
28/02/2012,05:45,8,2,6
28/02/2012,06:00,6,3,3
28/02/2012,06:15,10,4,6
28/02/2012,06:30,8,2,6
28/02/2012,06:45,16,6,10
28/02/2012,07:00,10,5,5
28/02/2012,07:15,33,13,20
28/02/2012,07:30,22,8,14
28/02/2012,07:45,15,4,11
28/02/2012,08:00,18,10,8
28/02/2012,08:15,17,7,10
28/02/2012,08:30,19,15,4
28/02/2012,08:45,14,6,8
28/02/2012,09:00,11,4,7
28/02/2012,09:15,4,2,2
28/02/2012,09:30,12,4,8
28/02/2012,09:45,8,5,3
28/02/2012,10:00,8,6,2
28/02/2012,10:15,5,3,2
28/02/2012,10:30,5,1,4
28/02/2012,10:45,9,6,3
28/02/2012,11:00,11,5,6
28/02/2012,11:15,12,7,5
28/02/2012,11:30,23,15,8
28/02/2012,11:45,7,4,3
28/02/2012,12:00,14,12,2
28/02/2012,12:15,38,33,5
28/02/2012,12:30,13,9,4
28/02/2012,12:45,12,6,6
28/02/2012,13:00,16,10,6
28/02/2012,13:15,16,10,6
28/02/2012,13:30,11,3,8
28/02/2012,13:45,9,5,4
28/02/2012,14:00,13,3,10
28/02/2012,14:15,13,6,7
28/02/2012,14:30,16,8,8
28/02/2012,14:45,13,6,7
28/02/2012,15:00,9,7,2
28/02/2012,15:15,11,5,6
28/02/2012,15:30,14,7,7
28/02/2012,15:45,20,5,15
28/02/2012,16:00,11,7,4
28/02/2012,16:15,21,11,10
28/02/2012,16:30,16,6,10
28/02/2012,16:45,24,10,14
28/02/2012,17:00,16,11,5
28/02/2012,17:15,27,15,12
28/02/2012,17:30,30,17,13
28/02/2012,17:45,18,10,8
28/02/2012,18:00,25,11,14
28/02/2012,18:15,13,9,4
28/02/2012,18:30,22,15,7
28/02/2012,18:45,13,8,5
28/02/2012,19:00,10,4,6
28/02/2012,19:15,10,7,3
28/02/2012,19:30,4,3,1
28/02/2012,19:45,2,1,1
28/02/2012,20:00,5,3,2
28/02/2012,20:15,2,2,0
28/02/2012,20:30,3,3,0
28/02/2012,20:45,1,0,1
28/02/2012,21:00,2,0,2
28/02/2012,21:15,4,4,0
28/02/2012,21:30,2,2,0
28/02/2012,21:45,0,0,0
28/02/2012,22:00,1,0,1
28/02/2012,22:15,1,1,0
28/02/2012,22:30,0,0,0
28/02/2012,22:45,1,0,1
28/02/2012,23:00,2,2,0
28/02/2012,23:15,0,0,0
28/02/2012,23:30,0,0,0
28/02/2012,23:45,0,0,0
29/02/2012,00:00,0,0,0
29/02/2012,00:15,0,0,0
29/02/2012,00:30,0,0,0
29/02/2012,00:45,0,0,0
29/02/2012,01:00,0,0,0
29/02/2012,01:15,1,0,1
29/02/2012,01:30,0,0,0
29/02/2012,01:45,2,1,1
29/02/2012,02:00,0,0,0
29/02/2012,02:15,0,0,0
29/02/2012,02:30,0,0,0
29/02/2012,02:45,0,0,0
29/02/2012,03:00,0,0,0
29/02/2012,03:15,0,0,0
29/02/2012,03:30,0,0,0
29/02/2012,03:45,1,0,1
29/02/2012,04:00,1,1,0
29/02/2012,04:15,0,0,0
29/02/2012,04:30,2,1,1
29/02/2012,04:45,2,0,2
29/02/2012,05:00,1,1,0
29/02/2012,05:15,1,0,1
29/02/2012,05:30,5,4,1
29/02/2012,05:45,4,1,3
29/02/2012,06:00,3,2,1
29/02/2012,06:15,6,1,5
29/02/2012,06:30,7,4,3
29/02/2012,06:45,14,7,7
29/02/2012,07:00,14,3,11
29/02/2012,07:15,17,13,4
29/02/2012,07:30,10,1,9
29/02/2012,07:45,8,5,3
29/02/2012,08:00,11,5,6
29/02/2012,08:15,3,0,3
29/02/2012,08:30,8,2,6
29/02/2012,08:45,5,0,5
29/02/2012,09:00,1,1,0
29/02/2012,09:15,1,1,0
29/02/2012,09:30,0,0,0
29/02/2012,09:45,2,1,1
29/02/2012,10:00,0,0,0
29/02/2012,10:15,1,0,1
29/02/2012,10:30,1,1,0
29/02/2012,10:45,1,0,1
29/02/2012,11:00,3,0,3
29/02/2012,11:15,2,0,2
29/02/2012,11:30,2,0,2
29/02/2012,11:45,2,0,2
29/02/2012,12:00,3,1,2
29/02/2012,12:15,4,3,1
29/02/2012,12:30,2,2,0
29/02/2012,12:45,5,2,3
29/02/2012,13:00,3,2,1
29/02/2012,13:15,1,0,1
29/02/2012,13:30,3,1,2
29/02/2012,13:45,7,1,6
29/02/2012,14:00,4,2,2
29/02/2012,14:15,0,0,0
29/02/2012,14:30,2,1,1
29/02/2012,14:45,3,0,3
29/02/2012,15:00,1,0,1
29/02/2012,15:15,4,1,3
29/02/2012,15:30,7,5,2
29/02/2012,15:45,10,5,5
29/02/2012,16:00,10,4,6
29/02/2012,16:15,5,1,4
29/02/2012,16:30,3,0,3
29/02/2012,16:45,12,5,7
29/02/2012,17:00,10,5,5
29/02/2012,17:15,6,4,2
29/02/2012,17:30,7,4,3
29/02/2012,17:45,7,5,2
29/02/2012,18:00,4,1,3
29/02/2012,18:15,14,4,10
29/02/2012,18:30,8,3,5
29/02/2012,18:45,7,6,1
29/02/2012,19:00,4,2,2
29/02/2012,19:15,2,1,1
29/02/2012,19:30,2,0,2
29/02/2012,19:45,1,0,1
29/02/2012,20:00,1,1,0
29/02/2012,20:15,1,0,1
29/02/2012,20:30,2,2,0
29/02/2012,20:45,2,1,1
29/02/2012,21:00,0,0,0
29/02/2012,21:15,0,0,0
29/02/2012,21:30,0,0,0
29/02/2012,21:45,0,0,0
29/02/2012,22:00,0,0,0
29/02/2012,22:15,0,0,0
29/02/2012,22:30,1,0,1
29/02/2012,22:45,1,0,1
29/02/2012,23:00,3,1,2
29/02/2012,23:15,0,0,0
29/02/2012,23:30,1,0,1
29/02/2012,23:45,0,0,0
01/03/2012,00:00,0,0,0
01/03/2012,00:15,0,0,0
01/03/2012,00:30,0,0,0
01/03/2012,00:45,1,1,0
01/03/2012,01:00,0,0,0
01/03/2012,01:15,14,14,0
01/03/2012,01:30,1,0,1
01/03/2012,01:45,0,0,0
01/03/2012,02:00,25,25,0
01/03/2012,02:15,21,21,0
01/03/2012,02:30,9,9,0
01/03/2012,02:45,5,5,0
01/03/2012,03:00,15,15,0
01/03/2012,03:15,51,51,0
01/03/2012,03:30,82,82,0
01/03/2012,03:45,11,11,0
01/03/2012,04:00,0,0,0
01/03/2012,04:15,36,36,0
01/03/2012,04:30,5,4,1
01/03/2012,04:45,17,16,1
01/03/2012,05:00,11,10,1
01/03/2012,05:15,42,41,1
01/03/2012,05:30,32,28,4
01/03/2012,05:45,10,6,4
01/03/2012,06:00,9,6,3
01/03/2012,06:15,11,5,6
01/03/2012,06:30,20,10,10
01/03/2012,06:45,30,20,10
01/03/2012,07:00,18,10,8
01/03/2012,07:15,22,6,16
01/03/2012,07:30,20,8,12
01/03/2012,07:45,29,10,19
01/03/2012,08:00,23,9,14
01/03/2012,08:15,15,9,6
01/03/2012,08:30,17,6,11
01/03/2012,08:45,14,6,8
01/03/2012,09:00,12,7,5
01/03/2012,09:15,6,4,2
01/03/2012,09:30,13,2,11
01/03/2012,09:45,6,1,5
01/03/2012,10:00,14,7,7
01/03/2012,10:15,14,11,3
01/03/2012,10:30,13,9,4
01/03/2012,10:45,12,7,5
01/03/2012,11:00,14,6,8
01/03/2012,11:15,8,4,4
01/03/2012,11:30,13,5,8
01/03/2012,11:45,13,8,5
01/03/2012,12:00,24,10,14
01/03/2012,12:15,17,8,9
01/03/2012,12:30,27,14,13
01/03/2012,12:45,26,14,12
01/03/2012,13:00,17,7,10
01/03/2012,13:15,13,5,8
01/03/2012,13:30,17,4,13
01/03/2012,13:45,10,3,7
01/03/2012,14:00,16,7,9
01/03/2012,14:15,17,8,9
01/03/2012,14:30,21,8,13
01/03/2012,14:45,11,4,7
01/03/2012,15:00,24,12,12
01/03/2012,15:15,16,8,8
01/03/2012,15:30,31,15,16
01/03/2012,15:45,38,17,21
01/03/2012,16:00,30,13,17
01/03/2012,16:15,28,14,14
01/03/2012,16:30,43,22,21
01/03/2012,16:45,61,33,28
01/03/2012,17:00,28,18,10
01/03/2012,17:15,47,25,22
01/03/2012,17:30,50,27,23
01/03/2012,17:45,45,23,22
01/03/2012,18:00,34,25,9
01/03/2012,18:15,44,14,30
01/03/2012,18:30,24,15,9
01/03/2012,18:45,27,18,9
01/03/2012,19:00,19,9,10
01/03/2012,19:15,4,3,1
01/03/2012,19:30,10,4,6
01/03/2012,19:45,6,4,2
01/03/2012,20:00,7,3,4
01/03/2012,20:15,8,2,6
01/03/2012,20:30,4,2,2
01/03/2012,20:45,1,0,1
01/03/2012,21:00,4,2,2
01/03/2012,21:15,8,6,2
01/03/2012,21:30,2,1,1
01/03/2012,21:45,5,3,2
01/03/2012,22:00,3,3,0
01/03/2012,22:15,2,2,0
01/03/2012,22:30,4,3,1
01/03/2012,22:45,2,2,0
01/03/2012,23:00,2,1,1
01/03/2012,23:15,2,2,0
01/03/2012,23:30,4,3,1
01/03/2012,23:45,2,2,0
02/03/2012,00:00,0,0,0
02/03/2012,00:15,1,1,0
02/03/2012,00:30,1,1,0
02/03/2012,00:45,0,0,0
02/03/2012,01:00,0,0,0
02/03/2012,01:15,0,0,0
02/03/2012,01:30,0,0,0
02/03/2012,01:45,0,0,0
02/03/2012,02:00,4,4,0
02/03/2012,02:15,0,0,0
02/03/2012,02:30,0,0,0
02/03/2012,02:45,0,0,0
02/03/2012,03:00,123,7,116
02/03/2012,03:15,54,1,53
02/03/2012,03:30,0,0,0
02/03/2012,03:45,0,0,0
02/03/2012,04:00,1,1,0
02/03/2012,04:15,1,0,1
02/03/2012,04:30,2,0,2
02/03/2012,04:45,3,2,1
02/03/2012,05:00,1,1,0
02/03/2012,05:15,1,0,1
02/03/2012,05:30,2,1,1
02/03/2012,05:45,4,1,3
02/03/2012,06:00,8,5,3
02/03/2012,06:15,5,3,2
02/03/2012,06:30,13,8,5
02/03/2012,06:45,13,6,7
02/03/2012,07:00,19,11,8
02/03/2012,07:15,18,11,7
02/03/2012,07:30,19,4,15
02/03/2012,07:45,21,14,7
02/03/2012,08:00,18,8,10
02/03/2012,08:15,17,8,9
02/03/2012,08:30,6,4,2
02/03/2012,08:45,18,8,10
02/03/2012,09:00,20,10,10
02/03/2012,09:15,14,8,6
02/03/2012,09:30,15,12,3
02/03/2012,09:45,20,14,6
02/03/2012,10:00,25,21,4
02/03/2012,10:15,13,9,4
02/03/2012,10:30,18,14,4
02/03/2012,10:45,14,8,6
02/03/2012,11:00,12,9,3
02/03/2012,11:15,17,16,1
02/03/2012,11:30,16,12,4
02/03/2012,11:45,10,7,3
02/03/2012,12:00,11,8,3
02/03/2012,12:15,12,5,7
02/03/2012,12:30,13,7,6
02/03/2012,12:45,10,6,4
02/03/2012,13:00,12,7,5
02/03/2012,13:15,13,6,7
02/03/2012,13:30,16,2,14
02/03/2012,13:45,6,2,4
02/03/2012,14:00,13,7,6
02/03/2012,14:15,4,0,4
02/03/2012,14:30,15,7,8
02/03/2012,14:45,5,2,3
02/03/2012,15:00,13,9,4
02/03/2012,15:15,9,5,4
02/03/2012,15:30,10,5,5
02/03/2012,15:45,14,8,6
02/03/2012,16:00,16,8,8
02/03/2012,16:15,11,7,4
02/03/2012,16:30,9,4,5
02/03/2012,16:45,7,2,5
02/03/2012,17:00,8,4,4
02/03/2012,17:15,12,3,9
02/03/2012,17:30,7,2,5
02/03/2012,17:45,6,4,2
02/03/2012,18:00,8,4,4
02/03/2012,18:15,7,2,5
02/03/2012,18:30,5,5,0
02/03/2012,18:45,3,1,2
02/03/2012,19:00,5,2,3
02/03/2012,19:15,6,2,4
02/03/2012,19:30,4,3,1
02/03/2012,19:45,4,3,1
02/03/2012,20:00,4,1,3
02/03/2012,20:15,1,1,0
02/03/2012,20:30,0,0,0
02/03/2012,20:45,1,0,1
02/03/2012,21:00,2,2,0
02/03/2012,21:15,1,0,1
02/03/2012,21:30,0,0,0
02/03/2012,21:45,1,1,0
02/03/2012,22:00,2,0,2
02/03/2012,22:15,0,0,0
02/03/2012,22:30,0,0,0
02/03/2012,22:45,0,0,0
02/03/2012,23:00,1,0,1
02/03/2012,23:15,0,0,0
02/03/2012,23:30,0,0,0
02/03/2012,23:45,0,0,0
03/03/2012,00:00,1,1,0
03/03/2012,00:15,0,0,0
03/03/2012,00:30,0,0,0
03/03/2012,00:45,2,1,1
03/03/2012,01:00,1,0,1
03/03/2012,01:15,0,0,0
03/03/2012,01:30,0,0,0
03/03/2012,01:45,0,0,0
03/03/2012,02:00,0,0,0
03/03/2012,02:15,1,1,0
03/03/2012,02:30,0,0,0
03/03/2012,02:45,0,0,0
03/03/2012,03:00,0,0,0
03/03/2012,03:15,0,0,0
03/03/2012,03:30,0,0,0
03/03/2012,03:45,0,0,0
03/03/2012,04:00,0,0,0
03/03/2012,04:15,0,0,0
03/03/2012,04:30,0,0,0
03/03/2012,04:45,1,0,1
03/03/2012,05:00,1,1,0
03/03/2012,05:15,0,0,0
03/03/2012,05:30,2,2,0
03/03/2012,05:45,2,0,2
03/03/2012,06:00,2,2,0
03/03/2012,06:15,1,0,1
03/03/2012,06:30,3,1,2
03/03/2012,06:45,2,2,0
03/03/2012,07:00,7,5,2
03/03/2012,07:15,7,5,2
03/03/2012,07:30,5,4,1
03/03/2012,07:45,9,3,6
03/03/2012,08:00,3,3,0
03/03/2012,08:15,1,1,0
03/03/2012,08:30,5,3,2
03/03/2012,08:45,6,3,3
03/03/2012,09:00,4,2,2
03/03/2012,09:15,7,2,5
03/03/2012,09:30,9,3,6
03/03/2012,09:45,9,3,6
03/03/2012,10:00,8,4,4
03/03/2012,10:15,9,5,4
03/03/2012,10:30,14,5,9
03/03/2012,10:45,18,8,10
03/03/2012,11:00,17,5,12
03/03/2012,11:15,16,6,10
03/03/2012,11:30,17,7,10
03/03/2012,11:45,9,4,5
03/03/2012,12:00,19,8,11
03/03/2012,12:15,11,2,9
03/03/2012,12:30,17,8,9
03/03/2012,12:45,26,10,16
03/03/2012,13:00,19,8,11
03/03/2012,13:15,18,6,12
03/03/2012,13:30,13,7,6
03/03/2012,13:45,27,12,15
03/03/2012,14:00,29,12,17
03/03/2012,14:15,17,12,5
03/03/2012,14:30,41,15,26
03/03/2012,14:45,37,21,16
03/03/2012,15:00,33,12,21
03/03/2012,15:15,28,14,14
03/03/2012,15:30,35,15,20
03/03/2012,15:45,26,12,14
03/03/2012,16:00,43,18,25
03/03/2012,16:15,28,9,19
03/03/2012,16:30,39,14,25
03/03/2012,16:45,36,27,9
03/03/2012,17:00,43,19,24
03/03/2012,17:15,22,13,9
03/03/2012,17:30,26,13,13
03/03/2012,17:45,17,9,8
03/03/2012,18:00,15,6,9
03/03/2012,18:15,18,7,11
03/03/2012,18:30,8,4,4
03/03/2012,18:45,2,1,1
03/03/2012,19:00,6,2,4
03/03/2012,19:15,1,1,0
03/03/2012,19:30,2,2,0
03/03/2012,19:45,1,1,0
03/03/2012,20:00,2,0,2
03/03/2012,20:15,3,2,1
03/03/2012,20:30,3,0,3
03/03/2012,20:45,0,0,0
03/03/2012,21:00,2,0,2
03/03/2012,21:15,2,1,1
03/03/2012,21:30,1,1,0
03/03/2012,21:45,1,1,0
03/03/2012,22:00,2,1,1
03/03/2012,22:15,1,0,1
03/03/2012,22:30,0,0,0
03/03/2012,22:45,1,0,1
03/03/2012,23:00,0,0,0
03/03/2012,23:15,1,1,0
03/03/2012,23:30,1,1,0
03/03/2012,23:45,0,0,0
04/03/2012,00:00,1,0,1
04/03/2012,00:15,1,1,0
04/03/2012,00:30,1,0,1
04/03/2012,00:45,1,0,1
04/03/2012,01:00,2,1,1
04/03/2012,01:15,1,1,0
04/03/2012,01:30,0,0,0
04/03/2012,01:45,1,0,1
04/03/2012,02:00,1,1,0
04/03/2012,02:15,0,0,0
04/03/2012,02:30,0,0,0
04/03/2012,02:45,0,0,0
04/03/2012,03:00,0,0,0
04/03/2012,03:15,0,0,0
04/03/2012,03:30,0,0,0
04/03/2012,03:45,0,0,0
04/03/2012,04:00,0,0,0
04/03/2012,04:15,0,0,0
04/03/2012,04:30,0,0,0
04/03/2012,04:45,0,0,0
04/03/2012,05:00,1,1,0
04/03/2012,05:15,0,0,0
04/03/2012,05:30,0,0,0
04/03/2012,05:45,3,2,1
04/03/2012,06:00,2,2,0
04/03/2012,06:15,3,2,1
04/03/2012,06:30,2,1,1
04/03/2012,06:45,4,2,2
04/03/2012,07:00,2,0,2
04/03/2012,07:15,3,2,1
04/03/2012,07:30,5,2,3
04/03/2012,07:45,10,6,4
04/03/2012,08:00,8,2,6
04/03/2012,08:15,10,4,6
04/03/2012,08:30,17,13,4
04/03/2012,08:45,8,6,2
04/03/2012,09:00,13,10,3
04/03/2012,09:15,11,6,5
04/03/2012,09:30,11,4,7
04/03/2012,09:45,13,5,8
04/03/2012,10:00,21,6,15
04/03/2012,10:15,21,9,12
04/03/2012,10:30,20,7,13
04/03/2012,10:45,16,9,7
04/03/2012,11:00,33,16,17
04/03/2012,11:15,32,8,24
04/03/2012,11:30,17,8,9
04/03/2012,11:45,28,19,9
04/03/2012,12:00,35,17,18
04/03/2012,12:15,39,18,21
04/03/2012,12:30,18,9,9
04/03/2012,12:45,24,10,14
04/03/2012,13:00,29,14,15
04/03/2012,13:15,31,15,16
04/03/2012,13:30,22,8,14
04/03/2012,13:45,33,13,20
04/03/2012,14:00,22,11,11
04/03/2012,14:15,29,14,15
04/03/2012,14:30,19,5,14
04/03/2012,14:45,39,16,23
04/03/2012,15:00,34,14,20
04/03/2012,15:15,22,6,16
04/03/2012,15:30,18,6,12
04/03/2012,15:45,23,7,16
04/03/2012,16:00,21,5,16
04/03/2012,16:15,27,13,14
04/03/2012,16:30,17,8,9
04/03/2012,16:45,22,13,9
04/03/2012,17:00,14,2,12
04/03/2012,17:15,15,6,9
04/03/2012,17:30,10,6,4
04/03/2012,17:45,17,10,7
04/03/2012,18:00,12,6,6
04/03/2012,18:15,4,2,2
04/03/2012,18:30,5,4,1
04/03/2012,18:45,4,2,2
04/03/2012,19:00,2,1,1
04/03/2012,19:15,3,2,1
04/03/2012,19:30,2,1,1
04/03/2012,19:45,1,1,0
04/03/2012,20:00,2,0,2
04/03/2012,20:15,0,0,0
04/03/2012,20:30,0,0,0
04/03/2012,20:45,0,0,0
04/03/2012,21:00,1,0,1
04/03/2012,21:15,0,0,0
04/03/2012,21:30,0,0,0
04/03/2012,21:45,0,0,0
04/03/2012,22:00,3,1,2
04/03/2012,22:15,0,0,0
04/03/2012,22:30,0,0,0
04/03/2012,22:45,2,2,0
04/03/2012,23:00,0,0,0
04/03/2012,23:15,1,0,1
04/03/2012,23:30,1,1,0
04/03/2012,23:45,0,0,0
05/03/2012,00:00,0,0,0
05/03/2012,00:15,0,0,0
05/03/2012,00:30,0,0,0
05/03/2012,00:45,0,0,0
05/03/2012,01:00,1,1,0
05/03/2012,01:15,0,0,0
05/03/2012,01:30,0,0,0
05/03/2012,01:45,0,0,0
05/03/2012,02:00,0,0,0
05/03/2012,02:15,0,0,0
05/03/2012,02:30,0,0,0
05/03/2012,02:45,0,0,0
05/03/2012,03:00,0,0,0
05/03/2012,03:15,0,0,0
05/03/2012,03:30,0,0,0
05/03/2012,03:45,1,1,0
05/03/2012,04:00,3,3,0
05/03/2012,04:15,1,0,1
05/03/2012,04:30,0,0,0
05/03/2012,04:45,3,2,1
05/03/2012,05:00,7,6,1
05/03/2012,05:15,1,0,1
05/03/2012,05:30,9,4,5
05/03/2012,05:45,6,1,5
05/03/2012,06:00,3,2,1
05/03/2012,06:15,4,1,3
05/03/2012,06:30,11,6,5
05/03/2012,06:45,8,4,4
05/03/2012,07:00,13,8,5
05/03/2012,07:15,8,4,4
05/03/2012,07:30,9,3,6
05/03/2012,07:45,12,7,5
05/03/2012,08:00,9,5,4
05/03/2012,08:15,16,7,9
05/03/2012,08:30,11,2,9
05/03/2012,08:45,17,10,7
05/03/2012,09:00,9,2,7
05/03/2012,09:15,11,7,4
05/03/2012,09:30,9,2,7
05/03/2012,09:45,4,2,2
05/03/2012,10:00,4,1,3
05/03/2012,10:15,2,1,1
05/03/2012,10:30,2,1,1
05/03/2012,10:45,3,2,1
05/03/2012,11:00,6,4,2
05/03/2012,11:15,4,1,3
05/03/2012,11:30,1,0,1
05/03/2012,11:45,3,0,3
05/03/2012,12:00,4,0,4
05/03/2012,12:15,3,1,2
05/03/2012,12:30,3,1,2
05/03/2012,12:45,5,4,1
05/03/2012,13:00,1,1,0
05/03/2012,13:15,6,3,3
05/03/2012,13:30,4,2,2
05/03/2012,13:45,4,1,3
05/03/2012,14:00,5,3,2
05/03/2012,14:15,3,1,2
05/03/2012,14:30,7,3,4
05/03/2012,14:45,6,0,6
05/03/2012,15:00,9,4,5
05/03/2012,15:15,11,5,6
05/03/2012,15:30,15,4,11
05/03/2012,15:45,6,1,5
05/03/2012,16:00,8,3,5
05/03/2012,16:15,7,2,5
05/03/2012,16:30,6,2,4
05/03/2012,16:45,18,6,12
05/03/2012,17:00,21,8,13
05/03/2012,17:15,12,7,5
05/03/2012,17:30,8,4,4
05/03/2012,17:45,16,9,7
05/03/2012,18:00,22,11,11
05/03/2012,18:15,15,7,8
05/03/2012,18:30,9,6,3
05/03/2012,18:45,2,1,1
05/03/2012,19:00,11,5,6
05/03/2012,19:15,5,3,2
05/03/2012,19:30,5,4,1
05/03/2012,19:45,4,0,4
05/03/2012,20:00,1,1,0
05/03/2012,20:15,3,2,1
05/03/2012,20:30,5,3,2
05/03/2012,20:45,3,2,1
05/03/2012,21:00,2,1,1
05/03/2012,21:15,0,0,0
05/03/2012,21:30,4,2,2
05/03/2012,21:45,2,2,0
05/03/2012,22:00,1,0,1
05/03/2012,22:15,0,0,0
05/03/2012,22:30,0,0,0
05/03/2012,22:45,0,0,0
05/03/2012,23:00,0,0,0
05/03/2012,23:15,0,0,0
05/03/2012,23:30,0,0,0
05/03/2012,23:45,1,1,0
06/03/2012,00:00,0,0,0
06/03/2012,00:15,0,0,0
06/03/2012,00:30,0,0,0
06/03/2012,00:45,1,0,0
06/03/2012,01:00,0,0,0
06/03/2012,01:15,1,0,0
06/03/2012,01:30,0,0,0
06/03/2012,01:45,1,1,0
06/03/2012,02:00,0,0,0
06/03/2012,02:15,0,0,0
06/03/2012,02:30,0,0,0
06/03/2012,02:45,0,0,0
06/03/2012,03:00,18,3,16
06/03/2012,03:15,0,0,0
06/03/2012,03:30,1,1,0
06/03/2012,03:45,1,1,0
06/03/2012,04:00,1,1,1
06/03/2012,04:15,0,0,0
06/03/2012,04:30,1,1,0
06/03/2012,04:45,1,0,1
06/03/2012,05:00,2,1,1
06/03/2012,05:15,3,1,2
06/03/2012,05:30,4,2,2
06/03/2012,05:45,7,3,4
06/03/2012,06:00,8,5,4
06/03/2012,06:15,11,4,7
06/03/2012,06:30,13,5,8
06/03/2012,06:45,19,8,11
06/03/2012,07:00,14,7,8
06/03/2012,07:15,25,7,18
06/03/2012,07:30,20,7,13
06/03/2012,07:45,20,6,15
06/03/2012,08:00,21,8,12
06/03/2012,08:15,22,7,15
06/03/2012,08:30,18,9,9
06/03/2012,08:45,18,6,12
06/03/2012,09:00,12,4,8
06/03/2012,09:15,8,3,5
06/03/2012,09:30,10,5,5
06/03/2012,09:45,10,4,6
06/03/2012,10:00,9,5,4
06/03/2012,10:15,7,3,4
06/03/2012,10:30,8,4,4
06/03/2012,10:45,14,11,3
06/03/2012,11:00,13,7,6
06/03/2012,11:15,13,8,5
06/03/2012,11:30,13,9,4
06/03/2012,11:45,17,12,5
06/03/2012,12:00,17,12,5
06/03/2012,12:15,24,18,6
06/03/2012,12:30,13,8,5
06/03/2012,12:45,9,3,6
06/03/2012,13:00,13,7,7
06/03/2012,13:15,14,10,4
06/03/2012,13:30,12,6,6
06/03/2012,13:45,9,5,4
06/03/2012,14:00,13,6,8
06/03/2012,14:15,12,6,7
06/03/2012,14:30,12,6,6
06/03/2012,14:45,14,7,8
06/03/2012,15:00,10,5,5
06/03/2012,15:15,15,5,10
06/03/2012,15:30,15,6,10
06/03/2012,15:45,19,7,12
06/03/2012,16:00,15,7,8
06/03/2012,16:15,22,12,10
06/03/2012,16:30,20,9,12
06/03/2012,16:45,33,17,16
06/03/2012,17:00,33,17,15
06/03/2012,17:15,33,19,15
06/03/2012,17:30,38,23,15
06/03/2012,17:45,43,20,22
06/03/2012,18:00,39,22,18
06/03/2012,18:15,36,20,17
06/03/2012,18:30,36,21,16
06/03/2012,18:45,27,15,13
06/03/2012,19:00,27,14,13
06/03/2012,19:15,20,13,7
06/03/2012,19:30,15,8,7
06/03/2012,19:45,8,4,4
06/03/2012,20:00,8,5,4
06/03/2012,20:15,4,2,1
06/03/2012,20:30,5,3,2
06/03/2012,20:45,3,1,2
06/03/2012,21:00,4,2,2
06/03/2012,21:15,4,2,2
06/03/2012,21:30,2,2,0
06/03/2012,21:45,2,1,1
06/03/2012,22:00,3,1,2
06/03/2012,22:15,1,0,1
06/03/2012,22:30,1,0,1
06/03/2012,22:45,1,1,0
06/03/2012,23:00,1,1,0
06/03/2012,23:15,0,0,0
06/03/2012,23:30,1,0,0
06/03/2012,23:45,1,0,1
07/03/2012,00:00,0,0,0
07/03/2012,00:15,0,0,0
07/03/2012,00:30,0,0,0
07/03/2012,00:45,0,0,0
07/03/2012,01:00,0,0,0
07/03/2012,01:15,0,0,0
07/03/2012,01:30,0,0,0
07/03/2012,01:45,0,0,0
07/03/2012,02:00,0,0,0
07/03/2012,02:15,0,0,0
07/03/2012,02:30,0,0,0
07/03/2012,02:45,1,1,0
07/03/2012,03:00,0,0,0
07/03/2012,03:15,0,0,0
07/03/2012,03:30,0,0,0
07/03/2012,03:45,2,1,1
07/03/2012,04:00,2,1,1
07/03/2012,04:15,1,1,0
07/03/2012,04:30,2,0,2
07/03/2012,04:45,0,0,0
07/03/2012,05:00,1,1,0
07/03/2012,05:15,2,1,1
07/03/2012,05:30,4,1,3
07/03/2012,05:45,6,2,4
07/03/2012,06:00,6,5,1
07/03/2012,06:15,14,5,9
07/03/2012,06:30,17,8,9
07/03/2012,06:45,16,7,9
07/03/2012,07:00,18,4,14
07/03/2012,07:15,14,7,7
07/03/2012,07:30,27,6,21
07/03/2012,07:45,31,11,20
07/03/2012,08:00,24,5,19
07/03/2012,08:15,13,3,10
07/03/2012,08:30,12,4,8
07/03/2012,08:45,10,4,6
07/03/2012,09:00,12,2,10
07/03/2012,09:15,6,1,5
07/03/2012,09:30,6,0,6
07/03/2012,09:45,7,3,4
07/03/2012,10:00,8,2,6
07/03/2012,10:15,5,0,5
07/03/2012,10:30,11,3,8
07/03/2012,10:45,8,1,7
07/03/2012,11:00,3,0,3
07/03/2012,11:15,8,3,5
07/03/2012,11:30,9,3,6
07/03/2012,11:45,8,3,5
07/03/2012,12:00,13,7,6
07/03/2012,12:15,13,4,9
07/03/2012,12:30,12,1,11
07/03/2012,12:45,11,2,9
07/03/2012,13:00,6,3,3
07/03/2012,13:15,12,4,8
07/03/2012,13:30,8,0,8
07/03/2012,13:45,15,6,9
07/03/2012,14:00,16,4,12
07/03/2012,14:15,9,3,6
07/03/2012,14:30,21,6,15
07/03/2012,14:45,11,3,8
07/03/2012,15:00,13,3,10
07/03/2012,15:15,27,7,20
07/03/2012,15:30,24,12,12
07/03/2012,15:45,16,4,12
07/03/2012,16:00,23,10,13
07/03/2012,16:15,20,5,15
07/03/2012,16:30,27,10,17
07/03/2012,16:45,52,18,34
07/03/2012,17:00,35,13,22
07/03/2012,17:15,35,18,17
07/03/2012,17:30,39,19,20
07/03/2012,17:45,59,30,29
07/03/2012,18:00,38,13,25
07/03/2012,18:15,27,10,17
07/03/2012,18:30,28,12,16
07/03/2012,18:45,26,13,13
07/03/2012,19:00,17,11,6
07/03/2012,19:15,17,8,9
07/03/2012,19:30,7,5,2
07/03/2012,19:45,8,5,3
07/03/2012,20:00,1,1,0
07/03/2012,20:15,2,1,1
07/03/2012,20:30,4,2,2
07/03/2012,20:45,4,3,1
07/03/2012,21:00,3,2,1
07/03/2012,21:15,4,2,2
07/03/2012,21:30,3,2,1
07/03/2012,21:45,4,1,3
07/03/2012,22:00,4,2,2
07/03/2012,22:15,2,1,1
07/03/2012,22:30,1,0,1
07/03/2012,22:45,1,1,0
07/03/2012,23:00,5,2,3
07/03/2012,23:15,1,1,0
07/03/2012,23:30,0,0,0
07/03/2012,23:45,0,0,0
08/03/2012,00:00,1,0,1
08/03/2012,00:15,1,1,0
08/03/2012,00:30,0,0,0
08/03/2012,00:45,1,0,1
08/03/2012,01:00,0,0,0
08/03/2012,01:15,1,0,1
08/03/2012,01:30,0,0,0
08/03/2012,01:45,0,0,0
08/03/2012,02:00,1,1,0
08/03/2012,02:15,0,0,0
08/03/2012,02:30,0,0,0
08/03/2012,02:45,0,0,0
08/03/2012,03:00,0,0,0
08/03/2012,03:15,0,0,0
08/03/2012,03:30,0,0,0
08/03/2012,03:45,0,0,0
08/03/2012,04:00,1,1,0
08/03/2012,04:15,1,1,0
08/03/2012,04:30,0,0,0
08/03/2012,04:45,0,0,0
08/03/2012,05:00,1,1,0
08/03/2012,05:15,2,2,0
08/03/2012,05:30,6,1,5
08/03/2012,05:45,10,3,7
08/03/2012,06:00,8,3,5
08/03/2012,06:15,9,4,5
08/03/2012,06:30,23,12,11
08/03/2012,06:45,20,8,12
08/03/2012,07:00,19,9,10
08/03/2012,07:15,24,6,18
08/03/2012,07:30,26,7,19
08/03/2012,07:45,18,7,11
08/03/2012,08:00,23,8,15
08/03/2012,08:15,24,9,15
08/03/2012,08:30,25,11,14
08/03/2012,08:45,20,5,15
08/03/2012,09:00,15,5,10
08/03/2012,09:15,7,4,3
08/03/2012,09:30,10,5,5
08/03/2012,09:45,10,2,8
08/03/2012,10:00,6,3,3
08/03/2012,10:15,7,2,5
08/03/2012,10:30,11,2,9
08/03/2012,10:45,7,1,6
08/03/2012,11:00,12,2,10
08/03/2012,11:15,14,6,8
08/03/2012,11:30,8,1,7
08/03/2012,11:45,11,6,5
08/03/2012,12:00,12,3,9
08/03/2012,12:15,7,2,5
08/03/2012,12:30,13,4,9
08/03/2012,12:45,9,3,6
08/03/2012,13:00,10,6,4
08/03/2012,13:15,13,6,7
08/03/2012,13:30,19,2,17
08/03/2012,13:45,13,3,10
08/03/2012,14:00,14,6,8
08/03/2012,14:15,18,6,12
08/03/2012,14:30,8,2,6
08/03/2012,14:45,11,6,5
08/03/2012,15:00,21,8,13
08/03/2012,15:15,22,10,12
08/03/2012,15:30,25,7,18
08/03/2012,15:45,22,7,15
08/03/2012,16:00,23,8,15
08/03/2012,16:15,25,15,10
08/03/2012,16:30,27,8,19
08/03/2012,16:45,30,12,18
08/03/2012,17:00,32,15,17
08/03/2012,17:15,47,25,22
08/03/2012,17:30,40,24,16
08/03/2012,17:45,43,22,21
08/03/2012,18:00,33,15,18
08/03/2012,18:15,31,12,19
08/03/2012,18:30,32,22,10
08/03/2012,18:45,15,11,4
08/03/2012,19:00,12,9,3
08/03/2012,19:15,13,6,7
08/03/2012,19:30,16,7,9
08/03/2012,19:45,8,2,6
08/03/2012,20:00,8,6,2
08/03/2012,20:15,4,2,2
08/03/2012,20:30,3,0,3
08/03/2012,20:45,0,0,0
08/03/2012,21:00,4,4,0
08/03/2012,21:15,3,1,2
08/03/2012,21:30,1,0,1
08/03/2012,21:45,2,1,1
08/03/2012,22:00,1,1,0
08/03/2012,22:15,3,2,1
08/03/2012,22:30,2,1,1
08/03/2012,22:45,2,0,2
08/03/2012,23:00,1,0,1
08/03/2012,23:15,0,0,0
08/03/2012,23:30,1,0,1
08/03/2012,23:45,1,0,1
09/03/2012,00:00,0,0,0
09/03/2012,00:15,0,0,0
09/03/2012,00:30,1,1,0
09/03/2012,00:45,1,1,0
09/03/2012,01:00,0,0,0
09/03/2012,01:15,0,0,0
09/03/2012,01:30,0,0,0
09/03/2012,01:45,0,0,0
09/03/2012,02:00,0,0,0
09/03/2012,02:15,0,0,0
09/03/2012,02:30,0,0,0
09/03/2012,02:45,0,0,0
09/03/2012,03:00,1,1,0
09/03/2012,03:15,0,0,0
09/03/2012,03:30,0,0,0
09/03/2012,03:45,0,0,0
09/03/2012,04:00,2,2,0
09/03/2012,04:15,1,1,0
09/03/2012,04:30,1,0,1
09/03/2012,04:45,1,0,1
09/03/2012,05:00,2,1,1
09/03/2012,05:15,1,1,0
09/03/2012,05:30,3,1,2
09/03/2012,05:45,3,2,1
09/03/2012,06:00,5,4,1
09/03/2012,06:15,7,2,5
09/03/2012,06:30,8,6,2
09/03/2012,06:45,14,7,7
09/03/2012,07:00,22,4,18
09/03/2012,07:15,19,9,10
09/03/2012,07:30,15,6,9
09/03/2012,07:45,22,10,12
09/03/2012,08:00,13,5,8
09/03/2012,08:15,10,4,6
09/03/2012,08:30,9,2,7
09/03/2012,08:45,11,3,8
09/03/2012,09:00,7,3,4
09/03/2012,09:15,7,4,3
09/03/2012,09:30,9,3,6
09/03/2012,09:45,8,3,5
09/03/2012,10:00,3,3,0
09/03/2012,10:15,4,1,3
09/03/2012,10:30,3,1,2
09/03/2012,10:45,13,4,9
09/03/2012,11:00,9,2,7
09/03/2012,11:15,10,3,7
09/03/2012,11:30,9,6,3
09/03/2012,11:45,9,4,5
09/03/2012,12:00,5,1,4
09/03/2012,12:15,7,3,4
09/03/2012,12:30,5,2,3
09/03/2012,12:45,5,1,4
09/03/2012,13:00,3,3,0
09/03/2012,13:15,2,0,2
09/03/2012,13:30,10,6,4
09/03/2012,13:45,8,1,7
09/03/2012,14:00,5,2,3
09/03/2012,14:15,5,2,3
09/03/2012,14:30,9,0,9
09/03/2012,14:45,9,3,6
09/03/2012,15:00,11,2,9
09/03/2012,15:15,8,2,6
09/03/2012,15:30,13,5,8
09/03/2012,15:45,13,4,9
09/03/2012,16:00,15,7,8
09/03/2012,16:15,20,3,17
09/03/2012,16:30,14,4,10
09/03/2012,16:45,15,3,12
09/03/2012,17:00,17,7,10
09/03/2012,17:15,13,5,8
09/03/2012,17:30,18,7,11
09/03/2012,17:45,17,11,6
09/03/2012,18:00,12,4,8
09/03/2012,18:15,17,11,6
09/03/2012,18:30,16,8,8
09/03/2012,18:45,13,7,6
09/03/2012,19:00,8,3,5
09/03/2012,19:15,12,6,6
09/03/2012,19:30,3,0,3
09/03/2012,19:45,7,4,3
09/03/2012,20:00,3,2,1
09/03/2012,20:15,3,1,2
09/03/2012,20:30,5,2,3
09/03/2012,20:45,2,2,0
09/03/2012,21:00,1,0,1
09/03/2012,21:15,2,2,0
09/03/2012,21:30,1,0,1
09/03/2012,21:45,2,1,1
09/03/2012,22:00,0,0,0
09/03/2012,22:15,1,1,0
09/03/2012,22:30,1,0,1
09/03/2012,22:45,2,2,0
09/03/2012,23:00,0,0,0
09/03/2012,23:15,0,0,0
09/03/2012,23:30,0,0,0
09/03/2012,23:45,0,0,0
10/03/2012,00:00,0,0,0
10/03/2012,00:15,2,1,1
10/03/2012,00:30,0,0,0
10/03/2012,00:45,0,0,0
10/03/2012,01:00,0,0,0
10/03/2012,01:15,0,0,0
10/03/2012,01:30,1,1,0
10/03/2012,01:45,1,1,0
10/03/2012,02:00,0,0,0
10/03/2012,02:15,0,0,0
10/03/2012,02:30,1,1,0
10/03/2012,02:45,0,0,0
10/03/2012,03:00,0,0,0
10/03/2012,03:15,0,0,0
10/03/2012,03:30,0,0,0
10/03/2012,03:45,0,0,0
10/03/2012,04:00,1,1,0
10/03/2012,04:15,0,0,0
10/03/2012,04:30,1,0,1
10/03/2012,04:45,1,0,1
10/03/2012,05:00,1,1,0
10/03/2012,05:15,0,0,0
10/03/2012,05:30,2,1,1
10/03/2012,05:45,1,1,0
10/03/2012,06:00,2,2,0
10/03/2012,06:15,4,3,1
10/03/2012,06:30,5,4,1
10/03/2012,06:45,6,5,1
10/03/2012,07:00,4,2,2
10/03/2012,07:15,12,5,7
10/03/2012,07:30,4,2,2
10/03/2012,07:45,11,5,6
10/03/2012,08:00,9,5,4
10/03/2012,08:15,9,4,5
10/03/2012,08:30,8,6,2
10/03/2012,08:45,13,5,8
10/03/2012,09:00,10,4,6
10/03/2012,09:15,15,7,8
10/03/2012,09:30,23,7,16
10/03/2012,09:45,16,6,10
10/03/2012,10:00,17,5,12
10/03/2012,10:15,9,3,6
10/03/2012,10:30,16,8,8
10/03/2012,10:45,23,9,14
10/03/2012,11:00,14,6,8
10/03/2012,11:15,13,8,5
10/03/2012,11:30,12,2,10
10/03/2012,11:45,11,5,6
10/03/2012,12:00,20,8,12
10/03/2012,12:15,18,9,9
10/03/2012,12:30,20,7,13
10/03/2012,12:45,21,12,9
10/03/2012,13:00,19,6,13
10/03/2012,13:15,19,8,11
10/03/2012,13:30,14,4,10
10/03/2012,13:45,25,8,17
10/03/2012,14:00,26,8,18
10/03/2012,14:15,23,4,19
10/03/2012,14:30,22,7,15
10/03/2012,14:45,25,7,18
10/03/2012,15:00,29,6,23
10/03/2012,15:15,16,4,12
10/03/2012,15:30,31,9,22
10/03/2012,15:45,34,4,30
10/03/2012,16:00,23,8,15
10/03/2012,16:15,27,11,16
10/03/2012,16:30,16,8,8
10/03/2012,16:45,18,8,10
10/03/2012,17:00,25,9,16
10/03/2012,17:15,20,8,12
10/03/2012,17:30,12,4,8
10/03/2012,17:45,18,6,12
10/03/2012,18:00,7,2,5
10/03/2012,18:15,13,8,5
10/03/2012,18:30,2,1,1
10/03/2012,18:45,0,0,0
10/03/2012,19:00,1,0,1
10/03/2012,19:15,1,0,1
10/03/2012,19:30,5,1,4
10/03/2012,19:45,1,1,0
10/03/2012,20:00,1,0,1
10/03/2012,20:15,0,0,0
10/03/2012,20:30,1,1,0
10/03/2012,20:45,3,1,2
10/03/2012,21:00,4,3,1
10/03/2012,21:15,0,0,0
10/03/2012,21:30,1,1,0
10/03/2012,21:45,2,1,1
10/03/2012,22:00,0,0,0
10/03/2012,22:15,0,0,0
10/03/2012,22:30,0,0,0
10/03/2012,22:45,0,0,0
10/03/2012,23:00,1,0,1
10/03/2012,23:15,1,1,0
10/03/2012,23:30,1,0,1
10/03/2012,23:45,1,1,0
11/03/2012,00:00,0,0,0
11/03/2012,00:15,0,0,0
11/03/2012,00:30,0,0,0
11/03/2012,00:45,0,0,0
11/03/2012,01:00,0,0,0
11/03/2012,01:15,0,0,0
11/03/2012,01:30,1,0,1
11/03/2012,01:45,0,0,0
11/03/2012,02:00,0,0,0
11/03/2012,02:15,0,0,0
11/03/2012,02:30,1,0,1
11/03/2012,02:45,0,0,0
11/03/2012,03:00,,,
11/03/2012,03:15,,,
11/03/2012,03:30,,,
11/03/2012,03:45,,,
11/03/2012,04:00,0,0,0
11/03/2012,04:15,0,0,0
11/03/2012,04:30,0,0,0
11/03/2012,04:45,0,0,0
11/03/2012,05:00,1,1,0
11/03/2012,05:15,0,0,0
11/03/2012,05:30,2,2,0
11/03/2012,05:45,2,1,1
11/03/2012,06:00,1,1,0
11/03/2012,06:15,0,0,0
11/03/2012,06:30,0,0,0
11/03/2012,06:45,0,0,0
11/03/2012,07:00,2,2,0
11/03/2012,07:15,2,1,1
11/03/2012,07:30,3,2,1
11/03/2012,07:45,5,2,3
11/03/2012,08:00,4,3,1
11/03/2012,08:15,5,3,2
11/03/2012,08:30,11,6,5
11/03/2012,08:45,9,1,8
11/03/2012,09:00,7,6,1
11/03/2012,09:15,11,2,9
11/03/2012,09:30,4,2,2
11/03/2012,09:45,18,4,14
11/03/2012,10:00,11,2,9
11/03/2012,10:15,10,4,6
11/03/2012,10:30,22,7,15
11/03/2012,10:45,23,8,15
11/03/2012,11:00,26,11,15
11/03/2012,11:15,25,11,14
11/03/2012,11:30,28,9,19
11/03/2012,11:45,38,10,28
11/03/2012,12:00,32,10,22
11/03/2012,12:15,19,6,13
11/03/2012,12:30,31,11,20
11/03/2012,12:45,34,11,23
11/03/2012,13:00,29,7,22
11/03/2012,13:15,36,13,23
11/03/2012,13:30,37,8,29
11/03/2012,13:45,53,15,38
11/03/2012,14:00,43,12,31
11/03/2012,14:15,52,22,30
11/03/2012,14:30,49,11,38
11/03/2012,14:45,47,19,28
11/03/2012,15:00,35,7,28
11/03/2012,15:15,44,10,34
11/03/2012,15:30,50,18,32
11/03/2012,15:45,42,7,35
11/03/2012,16:00,62,16,46
11/03/2012,16:15,56,18,38
11/03/2012,16:30,51,17,34
11/03/2012,16:45,63,22,41
11/03/2012,17:00,61,18,43
11/03/2012,17:15,33,17,16
11/03/2012,17:30,46,25,21
11/03/2012,17:45,33,14,19
11/03/2012,18:00,20,6,14
11/03/2012,18:15,33,10,23
11/03/2012,18:30,20,16,4
11/03/2012,18:45,19,13,6
11/03/2012,19:00,17,8,9
11/03/2012,19:15,8,5,3
11/03/2012,19:30,6,2,4
11/03/2012,19:45,4,0,4
11/03/2012,20:00,3,2,1
11/03/2012,20:15,6,2,4
11/03/2012,20:30,3,1,2
11/03/2012,20:45,2,2,0
11/03/2012,21:00,1,0,1
11/03/2012,21:15,0,0,0
11/03/2012,21:30,3,3,0
11/03/2012,21:45,1,1,0
11/03/2012,22:00,0,0,0
11/03/2012,22:15,1,1,0
11/03/2012,22:30,0,0,0
11/03/2012,22:45,0,0,0
11/03/2012,23:00,0,0,0
11/03/2012,23:15,0,0,0
11/03/2012,23:30,0,0,0
11/03/2012,23:45,0,0,0
12/03/2012,00:00,0,0,0
12/03/2012,00:15,1,0,1
12/03/2012,00:30,0,0,0
12/03/2012,00:45,0,0,0
12/03/2012,01:00,0,0,0
12/03/2012,01:15,0,0,0
12/03/2012,01:30,0,0,0
12/03/2012,01:45,0,0,0
12/03/2012,02:00,0,0,0
12/03/2012,02:15,0,0,0
12/03/2012,02:30,0,0,0
12/03/2012,02:45,0,0,0
12/03/2012,03:00,0,0,0
12/03/2012,03:15,0,0,0
12/03/2012,03:30,0,0,0
12/03/2012,03:45,3,3,0
12/03/2012,04:00,0,0,0
12/03/2012,04:15,1,1,0
12/03/2012,04:30,3,0,3
12/03/2012,04:45,1,0,1
12/03/2012,05:00,1,1,0
12/03/2012,05:15,2,1,1
12/03/2012,05:30,6,4,2
12/03/2012,05:45,9,5,4
12/03/2012,06:00,6,5,1
12/03/2012,06:15,4,3,1
12/03/2012,06:30,13,2,11
12/03/2012,06:45,16,8,8
12/03/2012,07:00,13,5,8
12/03/2012,07:15,15,2,13
12/03/2012,07:30,19,7,12
12/03/2012,07:45,15,6,9
12/03/2012,08:00,17,6,11
12/03/2012,08:15,25,12,13
12/03/2012,08:30,17,6,11
12/03/2012,08:45,12,3,9
12/03/2012,09:00,10,3,7
12/03/2012,09:15,12,4,8
12/03/2012,09:30,10,5,5
12/03/2012,09:45,13,4,9
12/03/2012,10:00,4,2,2
12/03/2012,10:15,6,2,4
12/03/2012,10:30,6,3,3
12/03/2012,10:45,7,1,6
12/03/2012,11:00,7,1,6
12/03/2012,11:15,8,2,6
12/03/2012,11:30,7,2,5
12/03/2012,11:45,7,1,6
12/03/2012,12:00,16,9,7
12/03/2012,12:15,10,3,7
12/03/2012,12:30,14,2,12
12/03/2012,12:45,12,4,8
12/03/2012,13:00,12,5,7
12/03/2012,13:15,6,1,5
12/03/2012,13:30,14,8,6
12/03/2012,13:45,13,7,6
12/03/2012,14:00,12,2,10
12/03/2012,14:15,19,3,16
12/03/2012,14:30,18,7,11
12/03/2012,14:45,13,5,8
12/03/2012,15:00,14,5,9
12/03/2012,15:15,19,8,11
12/03/2012,15:30,24,10,14
12/03/2012,15:45,19,6,13
12/03/2012,16:00,25,12,13
12/03/2012,16:15,34,15,19
12/03/2012,16:30,28,8,20
12/03/2012,16:45,32,14,18
12/03/2012,17:00,34,16,18
12/03/2012,17:15,49,21,28
12/03/2012,17:30,36,21,15
12/03/2012,17:45,41,25,16
12/03/2012,18:00,47,24,23
12/03/2012,18:15,35,20,15
12/03/2012,18:30,44,25,19
12/03/2012,18:45,47,25,22
12/03/2012,19:00,21,10,11
12/03/2012,19:15,20,8,12
12/03/2012,19:30,15,6,9
12/03/2012,19:45,16,11,5
12/03/2012,20:00,6,4,2
12/03/2012,20:15,6,2,4
12/03/2012,20:30,3,2,1
12/03/2012,20:45,3,1,2
12/03/2012,21:00,3,0,3
12/03/2012,21:15,1,0,1
12/03/2012,21:30,3,2,1
12/03/2012,21:45,5,2,3
12/03/2012,22:00,1,0,1
12/03/2012,22:15,2,1,1
12/03/2012,22:30,1,0,1
12/03/2012,22:45,3,1,2
12/03/2012,23:00,1,1,0
12/03/2012,23:15,0,0,0
12/03/2012,23:30,0,0,0
12/03/2012,23:45,0,0,0
13/03/2012,00:00,0,0,0
13/03/2012,00:15,0,0,0
13/03/2012,00:30,0,0,0
13/03/2012,00:45,2,1,1
13/03/2012,01:00,0,0,0
13/03/2012,01:15,0,0,0
13/03/2012,01:30,0,0,0
13/03/2012,01:45,1,1,0
13/03/2012,02:00,0,0,0
13/03/2012,02:15,0,0,0
13/03/2012,02:30,0,0,0
13/03/2012,02:45,0,0,0
13/03/2012,03:00,0,0,0
13/03/2012,03:15,0,0,0
13/03/2012,03:30,2,2,0
13/03/2012,03:45,0,0,0
13/03/2012,04:00,1,0,1
13/03/2012,04:15,0,0,0
13/03/2012,04:30,2,2,0
13/03/2012,04:45,1,0,1
13/03/2012,05:00,2,1,1
13/03/2012,05:15,3,0,3
13/03/2012,05:30,2,2,0
13/03/2012,05:45,8,3,5
13/03/2012,06:00,7,4,3
13/03/2012,06:15,10,5,5
13/03/2012,06:30,15,2,13
13/03/2012,06:45,15,7,8
13/03/2012,07:00,17,7,10
13/03/2012,07:15,30,6,24
13/03/2012,07:30,21,8,13
13/03/2012,07:45,28,7,21
13/03/2012,08:00,23,5,18
13/03/2012,08:15,30,9,21
13/03/2012,08:30,22,9,13
13/03/2012,08:45,29,9,20
13/03/2012,09:00,14,4,10
13/03/2012,09:15,15,6,9
13/03/2012,09:30,11,7,4
13/03/2012,09:45,14,3,11
13/03/2012,10:00,14,4,10
13/03/2012,10:15,10,4,6
13/03/2012,10:30,10,5,5
13/03/2012,10:45,2,0,2
13/03/2012,11:00,8,1,7
13/03/2012,11:15,12,3,9
13/03/2012,11:30,12,7,5
13/03/2012,11:45,14,4,10
13/03/2012,12:00,16,9,7
13/03/2012,12:15,21,13,8
13/03/2012,12:30,16,10,6
13/03/2012,12:45,17,5,12
13/03/2012,13:00,18,8,10
13/03/2012,13:15,16,10,6
13/03/2012,13:30,19,10,9
13/03/2012,13:45,18,11,7
13/03/2012,14:00,17,9,8
13/03/2012,14:15,18,9,9
13/03/2012,14:30,14,9,5
13/03/2012,14:45,11,6,5
13/03/2012,15:00,16,9,7
13/03/2012,15:15,29,9,20
13/03/2012,15:30,24,8,16
13/03/2012,15:45,21,10,11
13/03/2012,16:00,21,9,12
13/03/2012,16:15,22,14,8
13/03/2012,16:30,33,14,19
13/03/2012,16:45,47,26,21
13/03/2012,17:00,57,30,27
13/03/2012,17:15,51,32,19
13/03/2012,17:30,48,31,17
13/03/2012,17:45,65,31,34
13/03/2012,18:00,60,40,20
13/03/2012,18:15,70,37,33
13/03/2012,18:30,63,35,28
13/03/2012,18:45,42,20,22
13/03/2012,19:00,51,26,25
13/03/2012,19:15,36,24,12
13/03/2012,19:30,19,12,7
13/03/2012,19:45,10,5,5
13/03/2012,20:00,12,8,4
13/03/2012,20:15,2,0,2
13/03/2012,20:30,7,2,5
13/03/2012,20:45,1,1,0
13/03/2012,21:00,4,1,3
13/03/2012,21:15,7,4,3
13/03/2012,21:30,4,3,1
13/03/2012,21:45,2,1,1
13/03/2012,22:00,2,1,1
13/03/2012,22:15,0,0,0
13/03/2012,22:30,1,0,1
13/03/2012,22:45,0,0,0
13/03/2012,23:00,0,0,0
13/03/2012,23:15,0,0,0
13/03/2012,23:30,0,0,0
13/03/2012,23:45,2,0,2
14/03/2012,00:00,0,0,0
14/03/2012,00:15,1,0,1
14/03/2012,00:30,1,1,0
14/03/2012,00:45,1,1,0
14/03/2012,01:00,0,0,0
14/03/2012,01:15,0,0,0
14/03/2012,01:30,0,0,0
14/03/2012,01:45,0,0,0
14/03/2012,02:00,0,0,0
14/03/2012,02:15,0,0,0
14/03/2012,02:30,0,0,0
14/03/2012,02:45,0,0,0
14/03/2012,03:00,0,0,0
14/03/2012,03:15,1,1,0
14/03/2012,03:30,0,0,0
14/03/2012,03:45,2,1,1
14/03/2012,04:00,2,1,1
14/03/2012,04:15,0,0,0
14/03/2012,04:30,0,0,0
14/03/2012,04:45,1,0,1
14/03/2012,05:00,3,1,2
14/03/2012,05:15,4,2,2
14/03/2012,05:30,9,2,7
14/03/2012,05:45,15,10,5
14/03/2012,06:00,10,6,4
14/03/2012,06:15,6,2,4
14/03/2012,06:30,17,6,11
14/03/2012,06:45,24,6,18
14/03/2012,07:00,23,9,14
14/03/2012,07:15,24,7,17
14/03/2012,07:30,35,4,31
14/03/2012,07:45,23,7,16
14/03/2012,08:00,31,10,21
14/03/2012,08:15,32,9,23
14/03/2012,08:30,19,6,13
14/03/2012,08:45,29,11,18
14/03/2012,09:00,20,9,11
14/03/2012,09:15,12,5,7
14/03/2012,09:30,18,6,12
14/03/2012,09:45,11,4,7
14/03/2012,10:00,15,8,7
14/03/2012,10:15,8,5,3
14/03/2012,10:30,16,9,7
14/03/2012,10:45,8,7,1
14/03/2012,11:00,10,2,8
14/03/2012,11:15,23,17,6
14/03/2012,11:30,15,12,3
14/03/2012,11:45,27,12,15
14/03/2012,12:00,17,9,8
14/03/2012,12:15,15,8,7
14/03/2012,12:30,15,8,7
14/03/2012,12:45,31,22,9
14/03/2012,13:00,5,2,3
14/03/2012,13:15,18,6,12
14/03/2012,13:30,7,6,1
14/03/2012,13:45,10,7,3
14/03/2012,14:00,13,6,7
14/03/2012,14:15,18,6,12
14/03/2012,14:30,18,6,12
14/03/2012,14:45,21,6,15
14/03/2012,15:00,19,12,7
14/03/2012,15:15,18,7,11
14/03/2012,15:30,19,11,8
14/03/2012,15:45,24,15,9
14/03/2012,16:00,25,13,12
14/03/2012,16:15,31,8,23
14/03/2012,16:30,26,14,12
14/03/2012,16:45,49,27,22
14/03/2012,17:00,46,26,20
14/03/2012,17:15,47,27,20
14/03/2012,17:30,66,36,30
14/03/2012,17:45,57,27,30
14/03/2012,18:00,66,36,30
14/03/2012,18:15,74,40,34
14/03/2012,18:30,66,41,25
14/03/2012,18:45,65,34,31
14/03/2012,19:00,40,27,13
14/03/2012,19:15,36,13,23
14/03/2012,19:30,38,21,17
14/03/2012,19:45,19,9,10
14/03/2012,20:00,13,5,8
14/03/2012,20:15,3,1,2
14/03/2012,20:30,8,6,2
14/03/2012,20:45,4,2,2
14/03/2012,21:00,5,1,4
14/03/2012,21:15,3,2,1
14/03/2012,21:30,2,1,1
14/03/2012,21:45,5,3,2
14/03/2012,22:00,3,0,3
14/03/2012,22:15,2,1,1
14/03/2012,22:30,0,0,0
14/03/2012,22:45,1,1,0
14/03/2012,23:00,1,1,0
14/03/2012,23:15,1,0,1
14/03/2012,23:30,2,1,1
14/03/2012,23:45,0,0,0
15/03/2012,00:00,1,1,0
15/03/2012,00:15,1,1,0
15/03/2012,00:30,2,1,1
15/03/2012,00:45,1,1,0
15/03/2012,01:00,0,0,0
15/03/2012,01:15,0,0,0
15/03/2012,01:30,0,0,0
15/03/2012,01:45,0,0,0
15/03/2012,02:00,3,2,1
15/03/2012,02:15,1,1,0
15/03/2012,02:30,0,0,0
15/03/2012,02:45,0,0,0
15/03/2012,03:00,0,0,0
15/03/2012,03:15,0,0,0
15/03/2012,03:30,0,0,0
15/03/2012,03:45,0,0,0
15/03/2012,04:00,0,0,0
15/03/2012,04:15,0,0,0
15/03/2012,04:30,4,2,2
15/03/2012,04:45,1,0,1
15/03/2012,05:00,0,0,0
15/03/2012,05:15,4,1,3
15/03/2012,05:30,5,2,3
15/03/2012,05:45,12,6,6
15/03/2012,06:00,6,3,3
15/03/2012,06:15,9,4,5
15/03/2012,06:30,12,6,6
15/03/2012,06:45,22,8,14
15/03/2012,07:00,22,10,12
15/03/2012,07:15,26,7,19
15/03/2012,07:30,21,6,15
15/03/2012,07:45,34,9,25
15/03/2012,08:00,29,9,20
15/03/2012,08:15,20,7,13
15/03/2012,08:30,30,11,19
15/03/2012,08:45,19,6,13
15/03/2012,09:00,20,5,15
15/03/2012,09:15,9,3,6
15/03/2012,09:30,12,5,7
15/03/2012,09:45,14,5,9
15/03/2012,10:00,69,62,7
15/03/2012,10:15,89,83,6
15/03/2012,10:30,48,41,7
15/03/2012,10:45,30,23,7
15/03/2012,11:00,59,52,7
15/03/2012,11:15,19,12,7
15/03/2012,11:30,20,16,4
15/03/2012,11:45,23,16,7
15/03/2012,12:00,15,6,9
15/03/2012,12:15,20,12,8
15/03/2012,12:30,28,20,8
15/03/2012,12:45,23,16,7
15/03/2012,13:00,17,12,5
15/03/2012,13:15,21,14,7
15/03/2012,13:30,25,11,14
15/03/2012,13:45,14,11,3
15/03/2012,14:00,18,11,7
15/03/2012,14:15,13,9,4
15/03/2012,14:30,18,10,8
15/03/2012,14:45,18,7,11
15/03/2012,15:00,13,5,8
15/03/2012,15:15,16,8,8
15/03/2012,15:30,19,7,12
15/03/2012,15:45,24,10,14
15/03/2012,16:00,25,15,10
15/03/2012,16:15,26,11,15
15/03/2012,16:30,39,20,19
15/03/2012,16:45,42,20,22
15/03/2012,17:00,46,28,18
15/03/2012,17:15,43,31,12
15/03/2012,17:30,40,24,16
15/03/2012,17:45,55,35,20
15/03/2012,18:00,61,32,29
15/03/2012,18:15,42,17,25
15/03/2012,18:30,60,34,26
15/03/2012,18:45,31,18,13
15/03/2012,19:00,42,26,16
15/03/2012,19:15,29,19,10
15/03/2012,19:30,16,14,2
15/03/2012,19:45,13,6,7
15/03/2012,20:00,9,5,4
15/03/2012,20:15,4,1,3
15/03/2012,20:30,3,3,0
15/03/2012,20:45,2,2,0
15/03/2012,21:00,5,3,2
15/03/2012,21:15,3,2,1
15/03/2012,21:30,5,3,2
15/03/2012,21:45,2,1,1
15/03/2012,22:00,2,1,1
15/03/2012,22:15,3,2,1
15/03/2012,22:30,2,1,1
15/03/2012,22:45,6,2,4
15/03/2012,23:00,0,0,0
15/03/2012,23:15,0,0,0
15/03/2012,23:30,0,0,0
15/03/2012,23:45,1,1,0
16/03/2012,00:00,1,0,1
16/03/2012,00:15,0,0,0
16/03/2012,00:30,0,0,0
16/03/2012,00:45,3,1,2
16/03/2012,01:00,0,0,0
16/03/2012,01:15,0,0,0
16/03/2012,01:30,0,0,0
16/03/2012,01:45,1,1,0
16/03/2012,02:00,0,0,0
16/03/2012,02:15,0,0,0
16/03/2012,02:30,2,1,1
16/03/2012,02:45,0,0,0
16/03/2012,03:00,0,0,0
16/03/2012,03:15,0,0,0
16/03/2012,03:30,0,0,0
16/03/2012,03:45,2,2,0
16/03/2012,04:00,1,1,0
16/03/2012,04:15,1,1,0
16/03/2012,04:30,1,1,0
16/03/2012,04:45,4,1,3
16/03/2012,05:00,3,1,2
16/03/2012,05:15,3,1,2
16/03/2012,05:30,7,4,3
16/03/2012,05:45,9,4,5
16/03/2012,06:00,6,4,2
16/03/2012,06:15,4,1,3
16/03/2012,06:30,13,3,10
16/03/2012,06:45,17,10,7
16/03/2012,07:00,15,9,6
16/03/2012,07:15,23,6,17
16/03/2012,07:30,19,8,11
16/03/2012,07:45,15,6,9
16/03/2012,08:00,13,1,12
16/03/2012,08:15,12,5,7
16/03/2012,08:30,16,7,9
16/03/2012,08:45,14,3,11
16/03/2012,09:00,12,4,8
16/03/2012,09:15,9,6,3
16/03/2012,09:30,5,2,3
16/03/2012,09:45,4,3,1
16/03/2012,10:00,5,3,2
16/03/2012,10:15,10,3,7
16/03/2012,10:30,7,2,5
16/03/2012,10:45,5,2,3
16/03/2012,11:00,4,0,4
16/03/2012,11:15,6,0,6
16/03/2012,11:30,6,3,3
16/03/2012,11:45,13,3,10
16/03/2012,12:00,8,6,2
16/03/2012,12:15,6,3,3
16/03/2012,12:30,5,3,2
16/03/2012,12:45,5,3,2
16/03/2012,13:00,6,3,3
16/03/2012,13:15,10,7,3
16/03/2012,13:30,13,3,10
16/03/2012,13:45,7,3,4
16/03/2012,14:00,7,4,3
16/03/2012,14:15,11,7,4
16/03/2012,14:30,12,3,9
16/03/2012,14:45,14,6,8
16/03/2012,15:00,8,0,8
16/03/2012,15:15,8,6,2
16/03/2012,15:30,11,5,6
16/03/2012,15:45,7,4,3
16/03/2012,16:00,10,4,6
16/03/2012,16:15,10,5,5
16/03/2012,16:30,22,10,12
16/03/2012,16:45,13,9,4
16/03/2012,17:00,19,9,10
16/03/2012,17:15,6,3,3
16/03/2012,17:30,15,9,6
16/03/2012,17:45,15,10,5
16/03/2012,18:00,13,8,5
16/03/2012,18:15,14,10,4
16/03/2012,18:30,13,10,3
16/03/2012,18:45,6,1,5
16/03/2012,19:00,9,5,4
16/03/2012,19:15,4,1,3
16/03/2012,19:30,6,5,1
16/03/2012,19:45,6,3,3
16/03/2012,20:00,1,1,0
16/03/2012,20:15,4,1,3
16/03/2012,20:30,2,1,1
16/03/2012,20:45,1,0,1
16/03/2012,21:00,5,3,2
16/03/2012,21:15,1,0,1
16/03/2012,21:30,4,3,1
16/03/2012,21:45,4,3,1
16/03/2012,22:00,0,0,0
16/03/2012,22:15,1,1,0
16/03/2012,22:30,3,3,0
16/03/2012,22:45,1,1,0
16/03/2012,23:00,0,0,0
16/03/2012,23:15,0,0,0
16/03/2012,23:30,1,0,1
16/03/2012,23:45,1,1,0
17/03/2012,00:00,3,1,2
17/03/2012,00:15,0,0,0
17/03/2012,00:30,1,0,1
17/03/2012,00:45,1,1,0
17/03/2012,01:00,3,1,2
17/03/2012,01:15,1,1,0
17/03/2012,01:30,0,0,0
17/03/2012,01:45,1,1,0
17/03/2012,02:00,0,0,0
17/03/2012,02:15,1,1,0
17/03/2012,02:30,0,0,0
17/03/2012,02:45,1,1,0
17/03/2012,03:00,0,0,0
17/03/2012,03:15,0,0,0
17/03/2012,03:30,0,0,0
17/03/2012,03:45,0,0,0
17/03/2012,04:00,0,0,0
17/03/2012,04:15,0,0,0
17/03/2012,04:30,1,1,0
17/03/2012,04:45,0,0,0
17/03/2012,05:00,2,1,1
17/03/2012,05:15,0,0,0
17/03/2012,05:30,1,1,0
17/03/2012,05:45,4,4,0
17/03/2012,06:00,1,1,0
17/03/2012,06:15,5,2,3
17/03/2012,06:30,1,1,0
17/03/2012,06:45,2,1,1
17/03/2012,07:00,7,3,4
17/03/2012,07:15,4,2,2
17/03/2012,07:30,12,2,10
17/03/2012,07:45,12,7,5
17/03/2012,08:00,13,6,7
17/03/2012,08:15,15,7,8
17/03/2012,08:30,17,10,7
17/03/2012,08:45,24,15,9
17/03/2012,09:00,14,10,4
17/03/2012,09:15,35,20,15
17/03/2012,09:30,28,18,10
17/03/2012,09:45,31,15,16
17/03/2012,10:00,34,26,8
17/03/2012,10:15,64,47,17
17/03/2012,10:30,51,26,25
17/03/2012,10:45,73,48,25
17/03/2012,11:00,80,60,20
17/03/2012,11:15,80,61,19
17/03/2012,11:30,67,37,30
17/03/2012,11:45,68,39,29
17/03/2012,12:00,74,46,28
17/03/2012,12:15,62,42,20
17/03/2012,12:30,70,38,32
17/03/2012,12:45,61,32,29
17/03/2012,13:00,53,23,30
17/03/2012,13:15,66,43,23
17/03/2012,13:30,70,42,28
17/03/2012,13:45,48,32,16
17/03/2012,14:00,55,27,28
17/03/2012,14:15,60,32,28
17/03/2012,14:30,49,28,21
17/03/2012,14:45,48,20,28
17/03/2012,15:00,64,24,40
17/03/2012,15:15,59,25,34
17/03/2012,15:30,35,20,15
17/03/2012,15:45,55,30,25
17/03/2012,16:00,38,21,17
17/03/2012,16:15,45,28,17
17/03/2012,16:30,53,24,29
17/03/2012,16:45,27,14,13
17/03/2012,17:00,30,18,12
17/03/2012,17:15,46,18,28
17/03/2012,17:30,25,14,11
17/03/2012,17:45,39,27,12
17/03/2012,18:00,22,12,10
17/03/2012,18:15,25,11,14
17/03/2012,18:30,22,13,9
17/03/2012,18:45,8,4,4
17/03/2012,19:00,24,11,13
17/03/2012,19:15,23,10,13
17/03/2012,19:30,7,4,3
17/03/2012,19:45,5,1,4
17/03/2012,20:00,2,2,0
17/03/2012,20:15,6,4,2
17/03/2012,20:30,1,0,1
17/03/2012,20:45,3,2,1
17/03/2012,21:00,4,0,4
17/03/2012,21:15,1,0,1
17/03/2012,21:30,2,0,2
17/03/2012,21:45,0,0,0
17/03/2012,22:00,2,1,1
17/03/2012,22:15,0,0,0
17/03/2012,22:30,1,1,0
17/03/2012,22:45,5,3,2
17/03/2012,23:00,1,0,1
17/03/2012,23:15,8,5,3
17/03/2012,23:30,0,0,0
17/03/2012,23:45,2,0,2
18/03/2012,00:00,0,0,0
18/03/2012,00:15,2,0,2
18/03/2012,00:30,2,1,1
18/03/2012,00:45,1,0,1
18/03/2012,01:00,1,0,1
18/03/2012,01:15,0,0,0
18/03/2012,01:30,0,0,0
18/03/2012,01:45,2,2,0
18/03/2012,02:00,1,0,1
18/03/2012,02:15,0,0,0
18/03/2012,02:30,0,0,0
18/03/2012,02:45,1,1,0
18/03/2012,03:00,0,0,0
18/03/2012,03:15,1,1,0
18/03/2012,03:30,0,0,0
18/03/2012,03:45,2,2,0
18/03/2012,04:00,0,0,0
18/03/2012,04:15,0,0,0
18/03/2012,04:30,0,0,0
18/03/2012,04:45,0,0,0
18/03/2012,05:00,2,1,1
18/03/2012,05:15,0,0,0
18/03/2012,05:30,3,3,0
18/03/2012,05:45,2,2,0
18/03/2012,06:00,0,0,0
18/03/2012,06:15,0,0,0
18/03/2012,06:30,0,0,0
18/03/2012,06:45,3,1,2
18/03/2012,07:00,2,2,0
18/03/2012,07:15,4,2,2
18/03/2012,07:30,6,3,3
18/03/2012,07:45,7,2,5
18/03/2012,08:00,7,3,4
18/03/2012,08:15,11,8,3
18/03/2012,08:30,13,8,5
18/03/2012,08:45,13,11,2
18/03/2012,09:00,7,1,6
18/03/2012,09:15,20,11,9
18/03/2012,09:30,22,11,11
18/03/2012,09:45,21,11,10
18/03/2012,10:00,21,8,13
18/03/2012,10:15,27,11,16
18/03/2012,10:30,41,18,23
18/03/2012,10:45,19,10,9
18/03/2012,11:00,25,6,19
18/03/2012,11:15,23,12,11
18/03/2012,11:30,35,18,17
18/03/2012,11:45,45,30,15
18/03/2012,12:00,31,15,16
18/03/2012,12:15,30,11,19
18/03/2012,12:30,29,14,15
18/03/2012,12:45,18,7,11
18/03/2012,13:00,24,9,15
18/03/2012,13:15,27,7,20
18/03/2012,13:30,35,15,20
18/03/2012,13:45,35,14,21
18/03/2012,14:00,40,21,19
18/03/2012,14:15,29,12,17
18/03/2012,14:30,23,12,11
18/03/2012,14:45,34,13,21
18/03/2012,15:00,30,14,16
18/03/2012,15:15,31,15,16
18/03/2012,15:30,34,18,16
18/03/2012,15:45,48,20,28
18/03/2012,16:00,39,21,18
18/03/2012,16:15,32,15,17
18/03/2012,16:30,39,17,22
18/03/2012,16:45,33,18,15
18/03/2012,17:00,25,10,15
18/03/2012,17:15,36,20,16
18/03/2012,17:30,38,16,22
18/03/2012,17:45,47,25,22
18/03/2012,18:00,29,15,14
18/03/2012,18:15,45,26,19
18/03/2012,18:30,29,17,12
18/03/2012,18:45,21,7,14
18/03/2012,19:00,19,8,11
18/03/2012,19:15,11,6,5
18/03/2012,19:30,15,8,7
18/03/2012,19:45,7,3,4
18/03/2012,20:00,2,0,2
18/03/2012,20:15,4,1,3
18/03/2012,20:30,7,6,1
18/03/2012,20:45,2,1,1
18/03/2012,21:00,1,0,1
18/03/2012,21:15,1,1,0
18/03/2012,21:30,2,2,0
18/03/2012,21:45,3,2,1
18/03/2012,22:00,0,0,0
18/03/2012,22:15,3,2,1
18/03/2012,22:30,0,0,0
18/03/2012,22:45,0,0,0
18/03/2012,23:00,0,0,0
18/03/2012,23:15,0,0,0
18/03/2012,23:30,1,1,0
18/03/2012,23:45,1,1,0
19/03/2012,00:00,0,0,0
19/03/2012,00:15,0,0,0
19/03/2012,00:30,0,0,0
19/03/2012,00:45,0,0,0
19/03/2012,01:00,0,0,0
19/03/2012,01:15,0,0,0
19/03/2012,01:30,0,0,0
19/03/2012,01:45,0,0,0
19/03/2012,02:00,0,0,0
19/03/2012,02:15,0,0,0
19/03/2012,02:30,0,0,0
19/03/2012,02:45,0,0,0
19/03/2012,03:00,0,0,0
19/03/2012,03:15,1,1,0
19/03/2012,03:30,2,2,0
19/03/2012,03:45,2,0,2
19/03/2012,04:00,0,0,0
19/03/2012,04:15,1,1,0
19/03/2012,04:30,0,0,0
19/03/2012,04:45,2,0,2
19/03/2012,05:00,1,1,0
19/03/2012,05:15,2,0,2
19/03/2012,05:30,11,5,6
19/03/2012,05:45,6,4,2
19/03/2012,06:00,7,6,1
19/03/2012,06:15,10,4,6
19/03/2012,06:30,14,4,10
19/03/2012,06:45,15,5,10
19/03/2012,07:00,15,6,9
19/03/2012,07:15,15,5,10
19/03/2012,07:30,18,7,11
19/03/2012,07:45,35,6,29
19/03/2012,08:00,18,9,9
19/03/2012,08:15,23,11,12
19/03/2012,08:30,19,7,12
19/03/2012,08:45,17,10,7
19/03/2012,09:00,16,9,7
19/03/2012,09:15,9,4,5
19/03/2012,09:30,10,6,4
19/03/2012,09:45,14,5,9
19/03/2012,10:00,9,6,3
19/03/2012,10:15,21,14,7
19/03/2012,10:30,28,20,8
19/03/2012,10:45,39,29,10
19/03/2012,11:00,21,15,6
19/03/2012,11:15,16,6,10
19/03/2012,11:30,22,19,3
19/03/2012,11:45,26,22,4
19/03/2012,12:00,40,33,7
19/03/2012,12:15,26,20,6
19/03/2012,12:30,16,9,7
19/03/2012,12:45,36,25,11
19/03/2012,13:00,20,15,5
19/03/2012,13:15,26,14,12
19/03/2012,13:30,21,12,9
19/03/2012,13:45,15,9,6
19/03/2012,14:00,16,12,4
19/03/2012,14:15,12,8,4
19/03/2012,14:30,18,6,12
19/03/2012,14:45,11,4,7
19/03/2012,15:00,19,10,9
19/03/2012,15:15,17,10,7
19/03/2012,15:30,23,11,12
19/03/2012,15:45,18,5,13
19/03/2012,16:00,23,9,14
19/03/2012,16:15,22,9,13
19/03/2012,16:30,31,14,17
19/03/2012,16:45,24,11,13
19/03/2012,17:00,33,14,19
19/03/2012,17:15,27,15,12
19/03/2012,17:30,40,18,22
19/03/2012,17:45,53,29,24
19/03/2012,18:00,50,27,23
19/03/2012,18:15,53,20,33
19/03/2012,18:30,35,22,13
19/03/2012,18:45,59,32,27
19/03/2012,19:00,48,20,28
19/03/2012,19:15,46,23,23
19/03/2012,19:30,18,12,6
19/03/2012,19:45,20,10,10
19/03/2012,20:00,10,7,3
19/03/2012,20:15,3,2,1
19/03/2012,20:30,6,2,4
19/03/2012,20:45,9,4,5
19/03/2012,21:00,5,3,2
19/03/2012,21:15,6,1,5
19/03/2012,21:30,1,1,0
19/03/2012,21:45,3,1,2
19/03/2012,22:00,1,1,0
19/03/2012,22:15,0,0,0
19/03/2012,22:30,0,0,0
19/03/2012,22:45,1,0,1
19/03/2012,23:00,1,1,0
19/03/2012,23:15,3,1,2
19/03/2012,23:30,1,0,1
19/03/2012,23:45,1,1,0
20/03/2012,00:00,0,0,0
20/03/2012,00:15,1,0,1
20/03/2012,00:30,0,0,0
20/03/2012,00:45,0,0,0
20/03/2012,01:00,0,0,0
20/03/2012,01:15,0,0,0
20/03/2012,01:30,0,0,0
20/03/2012,01:45,1,1,0
20/03/2012,02:00,0,0,0
20/03/2012,02:15,0,0,0
20/03/2012,02:30,0,0,0
20/03/2012,02:45,0,0,0
20/03/2012,03:00,0,0,0
20/03/2012,03:15,0,0,0
20/03/2012,03:30,2,1,1
20/03/2012,03:45,1,1,0
20/03/2012,04:00,0,0,0
20/03/2012,04:15,0,0,0
20/03/2012,04:30,1,1,0
20/03/2012,04:45,0,0,0
20/03/2012,05:00,4,2,2
20/03/2012,05:15,3,1,2
20/03/2012,05:30,4,3,1
20/03/2012,05:45,5,2,3
20/03/2012,06:00,11,8,3
20/03/2012,06:15,18,6,12
20/03/2012,06:30,20,12,8
20/03/2012,06:45,27,11,16
20/03/2012,07:00,12,7,5
20/03/2012,07:15,19,4,15
20/03/2012,07:30,16,3,13
20/03/2012,07:45,22,8,14
20/03/2012,08:00,26,9,17
20/03/2012,08:15,21,3,18
20/03/2012,08:30,16,7,9
20/03/2012,08:45,17,2,15
20/03/2012,09:00,17,5,12
20/03/2012,09:15,5,2,3
20/03/2012,09:30,11,4,7
20/03/2012,09:45,10,3,7
20/03/2012,10:00,9,5,4
20/03/2012,10:15,9,5,4
20/03/2012,10:30,14,10,4
20/03/2012,10:45,39,36,3
20/03/2012,11:00,25,18,7
20/03/2012,11:15,23,21,2
20/03/2012,11:30,14,12,2
20/03/2012,11:45,40,35,5
20/03/2012,12:00,35,28,7
20/03/2012,12:15,26,24,2
20/03/2012,12:30,18,10,8
20/03/2012,12:45,3,2,1
20/03/2012,13:00,11,5,6
20/03/2012,13:15,16,12,4
20/03/2012,13:30,14,9,5
20/03/2012,13:45,6,3,3
20/03/2012,14:00,14,6,8
20/03/2012,14:15,9,4,5
20/03/2012,14:30,4,2,2
20/03/2012,14:45,21,8,13
20/03/2012,15:00,9,3,6
20/03/2012,15:15,11,5,6
20/03/2012,15:30,13,3,10
20/03/2012,15:45,18,8,10
20/03/2012,16:00,16,7,9
20/03/2012,16:15,28,12,16
20/03/2012,16:30,20,7,13
20/03/2012,16:45,41,22,19
20/03/2012,17:00,39,18,21
20/03/2012,17:15,31,12,19
20/03/2012,17:30,57,35,22
20/03/2012,17:45,63,29,34
20/03/2012,18:00,59,34,25
20/03/2012,18:15,41,19,22
20/03/2012,18:30,49,26,23
20/03/2012,18:45,37,18,19
20/03/2012,19:00,34,19,15
20/03/2012,19:15,27,17,10
20/03/2012,19:30,29,16,13
20/03/2012,19:45,13,8,5
20/03/2012,20:00,10,4,6
20/03/2012,20:15,5,3,2
20/03/2012,20:30,6,4,2
20/03/2012,20:45,8,2,6
20/03/2012,21:00,4,3,1
20/03/2012,21:15,3,0,3
20/03/2012,21:30,1,1,0
20/03/2012,21:45,1,0,1
20/03/2012,22:00,6,4,2
20/03/2012,22:15,1,0,1
20/03/2012,22:30,2,1,1
20/03/2012,22:45,1,1,0
20/03/2012,23:00,0,0,0
20/03/2012,23:15,0,0,0
20/03/2012,23:30,1,0,1
20/03/2012,23:45,0,0,0
21/03/2012,00:00,1,0,1
21/03/2012,00:15,3,1,2
21/03/2012,00:30,0,0,0
21/03/2012,00:45,0,0,0
21/03/2012,01:00,1,0,1
21/03/2012,01:15,0,0,0
21/03/2012,01:30,0,0,0
21/03/2012,01:45,0,0,0
21/03/2012,02:00,0,0,0
21/03/2012,02:15,0,0,0
21/03/2012,02:30,0,0,0
21/03/2012,02:45,0,0,0
21/03/2012,03:00,0,0,0
21/03/2012,03:15,0,0,0
21/03/2012,03:30,1,1,0
21/03/2012,03:45,2,2,0
21/03/2012,04:00,0,0,0
21/03/2012,04:15,1,0,1
21/03/2012,04:30,2,1,1
21/03/2012,04:45,0,0,0
21/03/2012,05:00,2,2,0
21/03/2012,05:15,4,1,3
21/03/2012,05:30,3,3,0
21/03/2012,05:45,10,7,3
21/03/2012,06:00,8,6,2
21/03/2012,06:15,12,5,7
21/03/2012,06:30,19,5,14
21/03/2012,06:45,22,10,12
21/03/2012,07:00,18,6,12
21/03/2012,07:15,19,4,15
21/03/2012,07:30,28,7,21
21/03/2012,07:45,26,6,20
21/03/2012,08:00,14,4,10
21/03/2012,08:15,24,8,16
21/03/2012,08:30,18,6,12
21/03/2012,08:45,19,8,11
21/03/2012,09:00,17,9,8
21/03/2012,09:15,12,5,7
21/03/2012,09:30,10,5,5
21/03/2012,09:45,7,5,2
21/03/2012,10:00,6,3,3
21/03/2012,10:15,8,3,5
21/03/2012,10:30,3,0,3
21/03/2012,10:45,10,3,7
21/03/2012,11:00,13,9,4
21/03/2012,11:15,8,5,3
21/03/2012,11:30,4,0,4
21/03/2012,11:45,11,6,5
21/03/2012,12:00,6,0,6
21/03/2012,12:15,9,7,2
21/03/2012,12:30,12,4,8
21/03/2012,12:45,10,2,8
21/03/2012,13:00,7,4,3
21/03/2012,13:15,8,6,2
21/03/2012,13:30,17,7,10
21/03/2012,13:45,4,1,3
21/03/2012,14:00,14,7,7
21/03/2012,14:15,8,4,4
21/03/2012,14:30,5,1,4
21/03/2012,14:45,10,1,9
21/03/2012,15:00,14,3,11
21/03/2012,15:15,12,4,8
21/03/2012,15:30,8,7,1
21/03/2012,15:45,14,4,10
21/03/2012,16:00,14,4,10
21/03/2012,16:15,13,8,5
21/03/2012,16:30,22,14,8
21/03/2012,16:45,30,17,13
21/03/2012,17:00,26,9,17
21/03/2012,17:15,40,21,19
21/03/2012,17:30,59,23,36
21/03/2012,17:45,47,21,26
21/03/2012,18:00,44,24,20
21/03/2012,18:15,55,28,27
21/03/2012,18:30,60,36,24
21/03/2012,18:45,38,20,18
21/03/2012,19:00,41,22,19
21/03/2012,19:15,24,13,11
21/03/2012,19:30,30,14,16
21/03/2012,19:45,13,8,5
21/03/2012,20:00,10,3,7
21/03/2012,20:15,16,6,10
21/03/2012,20:30,3,2,1
21/03/2012,20:45,10,4,6
21/03/2012,21:00,4,3,1
21/03/2012,21:15,5,3,2
21/03/2012,21:30,5,1,4
21/03/2012,21:45,3,1,2
21/03/2012,22:00,1,0,1
21/03/2012,22:15,3,1,2
21/03/2012,22:30,5,3,2
21/03/2012,22:45,2,2,0
21/03/2012,23:00,3,1,2
21/03/2012,23:15,1,0,1
21/03/2012,23:30,1,1,0
21/03/2012,23:45,1,0,1
22/03/2012,00:00,0,0,0
22/03/2012,00:15,0,0,0
22/03/2012,00:30,1,1,0
22/03/2012,00:45,1,1,0
22/03/2012,01:00,0,0,0
22/03/2012,01:15,0,0,0
22/03/2012,01:30,0,0,0
22/03/2012,01:45,1,0,1
22/03/2012,02:00,0,0,0
22/03/2012,02:15,0,0,0
22/03/2012,02:30,0,0,0
22/03/2012,02:45,1,1,0
22/03/2012,03:00,0,0,0
22/03/2012,03:15,1,1,0
22/03/2012,03:30,0,0,0
22/03/2012,03:45,0,0,0
22/03/2012,04:00,1,0,1
22/03/2012,04:15,1,1,0
22/03/2012,04:30,0,0,0
22/03/2012,04:45,1,0,1
22/03/2012,05:00,1,1,0
22/03/2012,05:15,3,2,1
22/03/2012,05:30,8,6,2
22/03/2012,05:45,4,2,2
22/03/2012,06:00,19,9,10
22/03/2012,06:15,7,0,7
22/03/2012,06:30,17,9,8
22/03/2012,06:45,20,10,10
22/03/2012,07:00,22,8,14
22/03/2012,07:15,20,5,15
22/03/2012,07:30,27,6,21
22/03/2012,07:45,22,1,21
22/03/2012,08:00,24,7,17
22/03/2012,08:15,20,11,9
22/03/2012,08:30,17,5,12
22/03/2012,08:45,13,6,7
22/03/2012,09:00,15,4,11
22/03/2012,09:15,7,1,6
22/03/2012,09:30,13,4,9
22/03/2012,09:45,10,6,4
22/03/2012,10:00,11,4,7
22/03/2012,10:15,8,4,4
22/03/2012,10:30,7,3,4
22/03/2012,10:45,8,2,6
22/03/2012,11:00,10,4,6
22/03/2012,11:15,7,2,5
22/03/2012,11:30,13,7,6
22/03/2012,11:45,13,2,11
22/03/2012,12:00,10,3,7
22/03/2012,12:15,10,6,4
22/03/2012,12:30,4,2,2
22/03/2012,12:45,10,3,7
22/03/2012,13:00,14,9,5
22/03/2012,13:15,23,12,11
22/03/2012,13:30,14,5,9
22/03/2012,13:45,13,9,4
22/03/2012,14:00,14,7,7
22/03/2012,14:15,17,10,7
22/03/2012,14:30,15,10,5
22/03/2012,14:45,20,9,11
22/03/2012,15:00,15,5,10
22/03/2012,15:15,16,8,8
22/03/2012,15:30,25,14,11
22/03/2012,15:45,19,9,10
22/03/2012,16:00,24,7,17
22/03/2012,16:15,25,10,15
22/03/2012,16:30,30,17,13
22/03/2012,16:45,38,14,24
22/03/2012,17:00,41,16,25
22/03/2012,17:15,44,14,30
22/03/2012,17:30,47,22,25
22/03/2012,17:45,40,18,22
22/03/2012,18:00,57,31,26
22/03/2012,18:15,64,26,38
22/03/2012,18:30,53,27,26
22/03/2012,18:45,62,24,38
22/03/2012,19:00,47,26,21
22/03/2012,19:15,32,19,13
22/03/2012,19:30,20,7,13
22/03/2012,19:45,20,10,10
22/03/2012,20:00,18,11,7
22/03/2012,20:15,16,10,6
22/03/2012,20:30,8,4,4
22/03/2012,20:45,3,2,1
22/03/2012,21:00,2,0,2
22/03/2012,21:15,7,6,1
22/03/2012,21:30,4,3,1
22/03/2012,21:45,6,5,1
22/03/2012,22:00,1,0,1
22/03/2012,22:15,2,0,2
22/03/2012,22:30,0,0,0
22/03/2012,22:45,1,0,1
22/03/2012,23:00,3,2,1
22/03/2012,23:15,1,1,0
22/03/2012,23:30,2,1,1
22/03/2012,23:45,0,0,0
23/03/2012,00:00,0,0,0
23/03/2012,00:15,0,0,0
23/03/2012,00:30,8,7,1
23/03/2012,00:45,0,0,0
23/03/2012,01:00,4,0,4
23/03/2012,01:15,0,0,0
23/03/2012,01:30,0,0,0
23/03/2012,01:45,0,0,0
23/03/2012,02:00,0,0,0
23/03/2012,02:15,0,0,0
23/03/2012,02:30,0,0,0
23/03/2012,02:45,0,0,0
23/03/2012,03:00,0,0,0
23/03/2012,03:15,0,0,0
23/03/2012,03:30,0,0,0
23/03/2012,03:45,0,0,0
23/03/2012,04:00,1,0,1
23/03/2012,04:15,1,1,0
23/03/2012,04:30,1,0,1
23/03/2012,04:45,0,0,0
23/03/2012,05:00,3,1,2
23/03/2012,05:15,2,0,2
23/03/2012,05:30,2,1,1
23/03/2012,05:45,6,2,4
23/03/2012,06:00,8,5,3
23/03/2012,06:15,9,3,6
23/03/2012,06:30,17,9,8
23/03/2012,06:45,15,7,8
23/03/2012,07:00,19,8,11
23/03/2012,07:15,25,10,15
23/03/2012,07:30,18,5,13
23/03/2012,07:45,24,6,18
23/03/2012,08:00,25,9,16
23/03/2012,08:15,22,10,12
23/03/2012,08:30,20,10,10
23/03/2012,08:45,21,5,16
23/03/2012,09:00,18,8,10
23/03/2012,09:15,11,4,7
23/03/2012,09:30,14,8,6
23/03/2012,09:45,17,13,4
23/03/2012,10:00,23,12,11
23/03/2012,10:15,28,16,12
23/03/2012,10:30,17,13,4
23/03/2012,10:45,57,38,19
23/03/2012,11:00,47,40,7
23/03/2012,11:15,50,47,3
23/03/2012,11:30,39,27,12
23/03/2012,11:45,67,53,14
23/03/2012,12:00,44,34,10
23/03/2012,12:15,53,45,8
23/03/2012,12:30,33,26,7
23/03/2012,12:45,44,34,10
23/03/2012,13:00,32,27,5
23/03/2012,13:15,19,16,3
23/03/2012,13:30,38,29,9
23/03/2012,13:45,39,28,11
23/03/2012,14:00,24,12,12
23/03/2012,14:15,25,12,13
23/03/2012,14:30,29,16,13
23/03/2012,14:45,33,20,13
23/03/2012,15:00,26,12,14
23/03/2012,15:15,19,10,9
23/03/2012,15:30,23,13,10
23/03/2012,15:45,24,13,11
23/03/2012,16:00,27,14,13
23/03/2012,16:15,32,16,16
23/03/2012,16:30,39,26,13
23/03/2012,16:45,41,24,17
23/03/2012,17:00,39,22,17
23/03/2012,17:15,42,15,27
23/03/2012,17:30,62,25,37
23/03/2012,17:45,42,18,24
23/03/2012,18:00,44,19,25
23/03/2012,18:15,43,23,20
23/03/2012,18:30,44,26,18
23/03/2012,18:45,50,35,15
23/03/2012,19:00,54,30,24
23/03/2012,19:15,27,14,13
23/03/2012,19:30,31,13,18
23/03/2012,19:45,24,17,7
23/03/2012,20:00,24,12,12
23/03/2012,20:15,14,8,6
23/03/2012,20:30,6,4,2
23/03/2012,20:45,7,4,3
23/03/2012,21:00,6,3,3
23/03/2012,21:15,9,5,4
23/03/2012,21:30,2,2,0
23/03/2012,21:45,2,1,1
23/03/2012,22:00,1,0,1
23/03/2012,22:15,5,5,0
23/03/2012,22:30,0,0,0
23/03/2012,22:45,1,0,1
23/03/2012,23:00,4,1,3
23/03/2012,23:15,2,1,1
23/03/2012,23:30,0,0,0
23/03/2012,23:45,4,4,0
24/03/2012,00:00,2,0,2
24/03/2012,00:15,0,0,0
24/03/2012,00:30,0,0,0
24/03/2012,00:45,0,0,0
24/03/2012,01:00,3,1,2
24/03/2012,01:15,0,0,0
24/03/2012,01:30,1,1,0
24/03/2012,01:45,1,0,1
24/03/2012,02:00,1,0,1
24/03/2012,02:15,0,0,0
24/03/2012,02:30,0,0,0
24/03/2012,02:45,0,0,0
24/03/2012,03:00,0,0,0
24/03/2012,03:15,0,0,0
24/03/2012,03:30,0,0,0
24/03/2012,03:45,2,2,0
24/03/2012,04:00,0,0,0
24/03/2012,04:15,0,0,0
24/03/2012,04:30,0,0,0
24/03/2012,04:45,0,0,0
24/03/2012,05:00,1,1,0
24/03/2012,05:15,0,0,0
24/03/2012,05:30,2,2,0
24/03/2012,05:45,3,2,1
24/03/2012,06:00,3,3,0
24/03/2012,06:15,2,1,1
24/03/2012,06:30,6,4,2
24/03/2012,06:45,9,7,2
24/03/2012,07:00,6,3,3
24/03/2012,07:15,4,1,3
24/03/2012,07:30,8,4,4
24/03/2012,07:45,8,4,4
24/03/2012,08:00,16,7,9
24/03/2012,08:15,20,12,8
24/03/2012,08:30,17,6,11
24/03/2012,08:45,22,12,10
24/03/2012,09:00,18,3,15
24/03/2012,09:15,23,15,8
24/03/2012,09:30,18,12,6
24/03/2012,09:45,18,11,7
24/03/2012,10:00,22,13,9
24/03/2012,10:15,16,8,8
24/03/2012,10:30,21,7,14
24/03/2012,10:45,45,21,24
24/03/2012,11:00,17,5,12
24/03/2012,11:15,11,3,8
24/03/2012,11:30,15,5,10
24/03/2012,11:45,18,10,8
24/03/2012,12:00,15,8,7
24/03/2012,12:15,10,4,6
24/03/2012,12:30,17,6,11
24/03/2012,12:45,5,2,3
24/03/2012,13:00,8,6,2
24/03/2012,13:15,3,1,2
24/03/2012,13:30,9,4,5
24/03/2012,13:45,7,3,4
24/03/2012,14:00,4,1,3
24/03/2012,14:15,4,1,3
24/03/2012,14:30,8,5,3
24/03/2012,14:45,9,1,8
24/03/2012,15:00,9,3,6
24/03/2012,15:15,11,5,6
24/03/2012,15:30,11,3,8
24/03/2012,15:45,9,4,5
24/03/2012,16:00,13,4,9
24/03/2012,16:15,6,5,1
24/03/2012,16:30,3,2,1
24/03/2012,16:45,4,2,2
24/03/2012,17:00,4,0,4
24/03/2012,17:15,1,1,0
24/03/2012,17:30,7,5,2
24/03/2012,17:45,7,5,2
24/03/2012,18:00,3,0,3
24/03/2012,18:15,1,0,1
24/03/2012,18:30,3,1,2
24/03/2012,18:45,2,1,1
24/03/2012,19:00,1,0,1
24/03/2012,19:15,0,0,0
24/03/2012,19:30,1,1,0
24/03/2012,19:45,1,0,1
24/03/2012,20:00,2,0,2
24/03/2012,20:15,0,0,0
24/03/2012,20:30,1,0,1
24/03/2012,20:45,1,0,1
24/03/2012,21:00,2,0,2
24/03/2012,21:15,2,1,1
24/03/2012,21:30,4,2,2
24/03/2012,21:45,2,1,1
24/03/2012,22:00,0,0,0
24/03/2012,22:15,2,1,1
24/03/2012,22:30,0,0,0
24/03/2012,22:45,1,0,1
24/03/2012,23:00,1,1,0
24/03/2012,23:15,1,0,1
24/03/2012,23:30,0,0,0
24/03/2012,23:45,0,0,0
25/03/2012,00:00,2,2,0
25/03/2012,00:15,0,0,0
25/03/2012,00:30,0,0,0
25/03/2012,00:45,0,0,0
25/03/2012,01:00,0,0,0
25/03/2012,01:15,0,0,0
25/03/2012,01:30,0,0,0
25/03/2012,01:45,0,0,0
25/03/2012,02:00,0,0,0
25/03/2012,02:15,0,0,0
25/03/2012,02:30,1,1,0
25/03/2012,02:45,0,0,0
25/03/2012,03:00,0,0,0
25/03/2012,03:15,0,0,0
25/03/2012,03:30,0,0,0
25/03/2012,03:45,0,0,0
25/03/2012,04:00,0,0,0
25/03/2012,04:15,0,0,0
25/03/2012,04:30,0,0,0
25/03/2012,04:45,2,0,2
25/03/2012,05:00,0,0,0
25/03/2012,05:15,0,0,0
25/03/2012,05:30,0,0,0
25/03/2012,05:45,2,1,1
25/03/2012,06:00,1,1,0
25/03/2012,06:15,2,0,2
25/03/2012,06:30,0,0,0
25/03/2012,06:45,2,2,0
25/03/2012,07:00,1,1,0
25/03/2012,07:15,1,0,1
25/03/2012,07:30,6,4,2
25/03/2012,07:45,4,4,0
25/03/2012,08:00,9,6,3
25/03/2012,08:15,6,3,3
25/03/2012,08:30,10,5,5
25/03/2012,08:45,9,5,4
25/03/2012,09:00,8,3,5
25/03/2012,09:15,11,3,8
25/03/2012,09:30,15,7,8
25/03/2012,09:45,9,6,3
25/03/2012,10:00,14,7,7
25/03/2012,10:15,11,6,5
25/03/2012,10:30,11,3,8
25/03/2012,10:45,16,6,10
25/03/2012,11:00,12,6,6
25/03/2012,11:15,16,7,9
25/03/2012,11:30,10,4,6
25/03/2012,11:45,22,10,12
25/03/2012,12:00,17,5,12
25/03/2012,12:15,13,5,8
25/03/2012,12:30,21,8,13
25/03/2012,12:45,18,7,11
25/03/2012,13:00,9,3,6
25/03/2012,13:15,24,6,18
25/03/2012,13:30,15,5,10
25/03/2012,13:45,15,6,9
25/03/2012,14:00,14,1,13
25/03/2012,14:15,14,6,8
25/03/2012,14:30,22,9,13
25/03/2012,14:45,23,9,14
25/03/2012,15:00,22,5,17
25/03/2012,15:15,10,4,6
25/03/2012,15:30,30,10,20
25/03/2012,15:45,28,12,16
25/03/2012,16:00,26,17,9
25/03/2012,16:15,19,9,10
25/03/2012,16:30,27,13,14
25/03/2012,16:45,33,16,17
25/03/2012,17:00,29,6,23
25/03/2012,17:15,29,20,9
25/03/2012,17:30,34,11,23
25/03/2012,17:45,30,15,15
25/03/2012,18:00,27,10,17
25/03/2012,18:15,18,9,9
25/03/2012,18:30,14,8,6
25/03/2012,18:45,23,14,9
25/03/2012,19:00,19,9,10
25/03/2012,19:15,13,5,8
25/03/2012,19:30,19,13,6
25/03/2012,19:45,11,6,5
25/03/2012,20:00,4,1,3
25/03/2012,20:15,3,2,1
25/03/2012,20:30,2,0,2
25/03/2012,20:45,1,1,0
25/03/2012,21:00,2,0,2
25/03/2012,21:15,2,2,0
25/03/2012,21:30,0,0,0
25/03/2012,21:45,2,2,0
25/03/2012,22:00,3,2,1
25/03/2012,22:15,1,1,0
25/03/2012,22:30,0,0,0
25/03/2012,22:45,0,0,0
25/03/2012,23:00,0,0,0
25/03/2012,23:15,0,0,0
25/03/2012,23:30,0,0,0
25/03/2012,23:45,0,0,0
26/03/2012,00:00,0,0,0
26/03/2012,00:15,0,0,0
26/03/2012,00:30,0,0,0
26/03/2012,00:45,0,0,0
26/03/2012,01:00,0,0,0
26/03/2012,01:15,0,0,0
26/03/2012,01:30,0,0,0
26/03/2012,01:45,0,0,0
26/03/2012,02:00,0,0,0
26/03/2012,02:15,0,0,0
26/03/2012,02:30,0,0,0
26/03/2012,02:45,0,0,0
26/03/2012,03:00,0,0,0
26/03/2012,03:15,0,0,0
26/03/2012,03:30,0,0,0
26/03/2012,03:45,2,2,0
26/03/2012,04:00,2,0,2
26/03/2012,04:15,1,1,0
26/03/2012,04:30,0,0,0
26/03/2012,04:45,3,0,3
26/03/2012,05:00,1,1,0
26/03/2012,05:15,2,0,2
26/03/2012,05:30,4,2,2
26/03/2012,05:45,5,1,4
26/03/2012,06:00,8,7,1
26/03/2012,06:15,7,3,4
26/03/2012,06:30,15,4,11
26/03/2012,06:45,23,8,15
26/03/2012,07:00,17,7,10
26/03/2012,07:15,27,6,21
26/03/2012,07:30,25,8,17
26/03/2012,07:45,20,7,13
26/03/2012,08:00,22,9,13
26/03/2012,08:15,15,4,11
26/03/2012,08:30,17,9,8
26/03/2012,08:45,15,9,6
26/03/2012,09:00,20,8,12
26/03/2012,09:15,13,4,9
26/03/2012,09:30,10,6,4
26/03/2012,09:45,5,3,2
26/03/2012,10:00,15,10,5
26/03/2012,10:15,16,9,7
26/03/2012,10:30,12,9,3
26/03/2012,10:45,14,13,1
26/03/2012,11:00,15,10,5
26/03/2012,11:15,9,7,2
26/03/2012,11:30,18,15,3
26/03/2012,11:45,5,0,5
26/03/2012,12:00,14,9,5
26/03/2012,12:15,9,7,2
26/03/2012,12:30,14,10,4
26/03/2012,12:45,32,26,6
26/03/2012,13:00,34,24,10
26/03/2012,13:15,14,10,4
26/03/2012,13:30,11,7,4
26/03/2012,13:45,8,4,4
26/03/2012,14:00,3,1,2
26/03/2012,14:15,12,8,4
26/03/2012,14:30,8,4,4
26/03/2012,14:45,8,5,3
26/03/2012,15:00,7,5,2
26/03/2012,15:15,12,2,10
26/03/2012,15:30,17,8,9
26/03/2012,15:45,21,14,7
26/03/2012,16:00,9,3,6
26/03/2012,16:15,15,11,4
26/03/2012,16:30,22,8,14
26/03/2012,16:45,26,18,8
26/03/2012,17:00,30,17,13
26/03/2012,17:15,28,13,15
26/03/2012,17:30,32,15,17
26/03/2012,17:45,41,22,19
26/03/2012,18:00,33,21,12
26/03/2012,18:15,38,17,21
26/03/2012,18:30,34,19,15
26/03/2012,18:45,28,13,15
26/03/2012,19:00,25,12,13
26/03/2012,19:15,25,15,10
26/03/2012,19:30,17,7,10
26/03/2012,19:45,14,6,8
26/03/2012,20:00,9,5,4
26/03/2012,20:15,3,2,1
26/03/2012,20:30,4,2,2
26/03/2012,20:45,3,0,3
26/03/2012,21:00,5,3,2
26/03/2012,21:15,5,3,2
26/03/2012,21:30,3,2,1
26/03/2012,21:45,1,0,1
26/03/2012,22:00,1,0,1
26/03/2012,22:15,1,0,1
26/03/2012,22:30,2,0,2
26/03/2012,22:45,0,0,0
26/03/2012,23:00,1,0,1
26/03/2012,23:15,1,1,0
26/03/2012,23:30,0,0,0
26/03/2012,23:45,0,0,0
27/03/2012,00:00,0,0,0
27/03/2012,00:15,0,0,0
27/03/2012,00:30,0,0,0
27/03/2012,00:45,0,0,0
27/03/2012,01:00,0,0,0
27/03/2012,01:15,0,0,0
27/03/2012,01:30,0,0,0
27/03/2012,01:45,0,0,0
27/03/2012,02:00,0,0,0
27/03/2012,02:15,0,0,0
27/03/2012,02:30,1,1,0
27/03/2012,02:45,1,1,0
27/03/2012,03:00,0,0,0
27/03/2012,03:15,0,0,0
27/03/2012,03:30,0,0,0
27/03/2012,03:45,1,1,0
27/03/2012,04:00,1,1,0
27/03/2012,04:15,0,0,0
27/03/2012,04:30,1,1,0
27/03/2012,04:45,0,0,0
27/03/2012,05:00,2,1,1
27/03/2012,05:15,1,0,1
27/03/2012,05:30,7,5,2
27/03/2012,05:45,10,5,5
27/03/2012,06:00,15,6,9
27/03/2012,06:15,5,3,2
27/03/2012,06:30,11,6,5
27/03/2012,06:45,17,10,7
27/03/2012,07:00,17,7,10
27/03/2012,07:15,13,2,11
27/03/2012,07:30,16,6,10
27/03/2012,07:45,30,10,20
27/03/2012,08:00,12,5,7
27/03/2012,08:15,13,2,11
27/03/2012,08:30,8,4,4
27/03/2012,08:45,14,3,11
27/03/2012,09:00,6,1,5
27/03/2012,09:15,8,3,5
27/03/2012,09:30,11,8,3
27/03/2012,09:45,12,6,6
27/03/2012,10:00,17,13,4
27/03/2012,10:15,9,7,2
27/03/2012,10:30,16,12,4
27/03/2012,10:45,13,5,8
27/03/2012,11:00,13,9,4
27/03/2012,11:15,7,4,3
27/03/2012,11:30,7,6,1
27/03/2012,11:45,26,21,5
27/03/2012,12:00,9,7,2
27/03/2012,12:15,37,34,3
27/03/2012,12:30,11,9,2
27/03/2012,12:45,12,8,4
27/03/2012,13:00,9,5,4
27/03/2012,13:15,12,11,1
27/03/2012,13:30,14,13,1
27/03/2012,13:45,9,7,2
27/03/2012,14:00,19,12,7
27/03/2012,14:15,8,6,2
27/03/2012,14:30,19,6,13
27/03/2012,14:45,11,6,5
27/03/2012,15:00,12,4,8
27/03/2012,15:15,4,1,3
27/03/2012,15:30,12,5,7
27/03/2012,15:45,8,5,3
27/03/2012,16:00,15,6,9
27/03/2012,16:15,22,5,17
27/03/2012,16:30,12,5,7
27/03/2012,16:45,25,15,10
27/03/2012,17:00,21,11,10
27/03/2012,17:15,24,10,14
27/03/2012,17:30,32,14,18
27/03/2012,17:45,36,15,21
27/03/2012,18:00,40,19,21
27/03/2012,18:15,34,15,19
27/03/2012,18:30,37,17,20
27/03/2012,18:45,35,19,16
27/03/2012,19:00,24,12,12
27/03/2012,19:15,14,7,7
27/03/2012,19:30,10,6,4
27/03/2012,19:45,9,3,6
27/03/2012,20:00,9,4,5
27/03/2012,20:15,13,9,4
27/03/2012,20:30,2,1,1
27/03/2012,20:45,5,3,2
27/03/2012,21:00,4,1,3
27/03/2012,21:15,4,2,2
27/03/2012,21:30,1,0,1
27/03/2012,21:45,2,1,1
27/03/2012,22:00,2,1,1
27/03/2012,22:15,5,1,4
27/03/2012,22:30,4,2,2
27/03/2012,22:45,0,0,0
27/03/2012,23:00,1,1,0
27/03/2012,23:15,1,0,1
27/03/2012,23:30,0,0,0
27/03/2012,23:45,0,0,0
28/03/2012,00:00,0,0,0
28/03/2012,00:15,0,0,0
28/03/2012,00:30,1,0,1
28/03/2012,00:45,0,0,0
28/03/2012,01:00,1,1,0
28/03/2012,01:15,0,0,0
28/03/2012,01:30,0,0,0
28/03/2012,01:45,0,0,0
28/03/2012,02:00,0,0,0
28/03/2012,02:15,0,0,0
28/03/2012,02:30,0,0,0
28/03/2012,02:45,0,0,0
28/03/2012,03:00,1,1,0
28/03/2012,03:15,0,0,0
28/03/2012,03:30,0,0,0
28/03/2012,03:45,3,2,1
28/03/2012,04:00,3,2,1
28/03/2012,04:15,0,0,0
28/03/2012,04:30,2,1,1
28/03/2012,04:45,1,1,0
28/03/2012,05:00,1,1,0
28/03/2012,05:15,0,0,0
28/03/2012,05:30,2,2,0
28/03/2012,05:45,8,5,3
28/03/2012,06:00,13,8,5
28/03/2012,06:15,4,1,3
28/03/2012,06:30,10,1,9
28/03/2012,06:45,11,3,8
28/03/2012,07:00,17,7,10
28/03/2012,07:15,21,7,14
28/03/2012,07:30,22,8,14
28/03/2012,07:45,27,14,13
28/03/2012,08:00,19,5,14
28/03/2012,08:15,12,5,7
28/03/2012,08:30,15,6,9
28/03/2012,08:45,20,6,14
28/03/2012,09:00,15,7,8
28/03/2012,09:15,9,1,8
28/03/2012,09:30,5,2,3
28/03/2012,09:45,9,4,5
28/03/2012,10:00,7,2,5
28/03/2012,10:15,15,10,5
28/03/2012,10:30,4,2,2
28/03/2012,10:45,7,6,1
28/03/2012,11:00,9,4,5
28/03/2012,11:15,16,7,9
28/03/2012,11:30,8,5,3
28/03/2012,11:45,16,8,8
28/03/2012,12:00,17,10,7
28/03/2012,12:15,17,9,8
28/03/2012,12:30,13,7,6
28/03/2012,12:45,8,2,6
28/03/2012,13:00,12,5,7
28/03/2012,13:15,11,6,5
28/03/2012,13:30,10,3,7
28/03/2012,13:45,13,8,5
28/03/2012,14:00,8,5,3
28/03/2012,14:15,21,10,11
28/03/2012,14:30,7,4,3
28/03/2012,14:45,19,9,10
28/03/2012,15:00,17,12,5
28/03/2012,15:15,14,10,4
28/03/2012,15:30,17,7,10
28/03/2012,15:45,7,4,3
28/03/2012,16:00,16,7,9
28/03/2012,16:15,15,6,9
28/03/2012,16:30,18,9,9
28/03/2012,16:45,24,10,14
28/03/2012,17:00,13,8,5
28/03/2012,17:15,20,8,12
28/03/2012,17:30,24,11,13
28/03/2012,17:45,25,15,10
28/03/2012,18:00,28,11,17
28/03/2012,18:15,35,17,18
28/03/2012,18:30,27,17,10
28/03/2012,18:45,32,16,16
28/03/2012,19:00,31,15,16
28/03/2012,19:15,35,15,20
28/03/2012,19:30,21,12,9
28/03/2012,19:45,15,9,6
28/03/2012,20:00,10,5,5
28/03/2012,20:15,9,2,7
28/03/2012,20:30,4,1,3
28/03/2012,20:45,8,2,6
28/03/2012,21:00,2,2,0
28/03/2012,21:15,5,5,0
28/03/2012,21:30,2,0,2
28/03/2012,21:45,6,4,2
28/03/2012,22:00,2,2,0
28/03/2012,22:15,3,3,0
28/03/2012,22:30,4,2,2
28/03/2012,22:45,0,0,0
28/03/2012,23:00,2,0,2
28/03/2012,23:15,5,2,3
28/03/2012,23:30,0,0,0
28/03/2012,23:45,2,0,2
29/03/2012,00:00,0,0,0
29/03/2012,00:15,0,0,0
29/03/2012,00:30,0,0,0
29/03/2012,00:45,0,0,0
29/03/2012,01:00,1,1,0
29/03/2012,01:15,2,1,1
29/03/2012,01:30,0,0,0
29/03/2012,01:45,0,0,0
29/03/2012,02:00,0,0,0
29/03/2012,02:15,0,0,0
29/03/2012,02:30,0,0,0
29/03/2012,02:45,0,0,0
29/03/2012,03:00,0,0,0
29/03/2012,03:15,0,0,0
29/03/2012,03:30,1,1,0
29/03/2012,03:45,3,3,0
29/03/2012,04:00,0,0,0
29/03/2012,04:15,0,0,0
29/03/2012,04:30,2,2,0
29/03/2012,04:45,1,1,0
29/03/2012,05:00,1,0,1
29/03/2012,05:15,3,1,2
29/03/2012,05:30,3,1,2
29/03/2012,05:45,4,3,1
29/03/2012,06:00,11,9,2
29/03/2012,06:15,9,3,6
29/03/2012,06:30,10,5,5
29/03/2012,06:45,11,6,5
29/03/2012,07:00,20,6,14
29/03/2012,07:15,22,9,13
29/03/2012,07:30,30,10,20
29/03/2012,07:45,24,12,12
29/03/2012,08:00,23,8,15
29/03/2012,08:15,16,5,11
29/03/2012,08:30,8,4,4
29/03/2012,08:45,18,5,13
29/03/2012,09:00,9,2,7
29/03/2012,09:15,8,4,4
29/03/2012,09:30,13,6,7
29/03/2012,09:45,9,6,3
29/03/2012,10:00,5,3,2
29/03/2012,10:15,7,3,4
29/03/2012,10:30,1,0,1
29/03/2012,10:45,2,1,1
29/03/2012,11:00,7,2,5
29/03/2012,11:15,4,2,2
29/03/2012,11:30,6,4,2
29/03/2012,11:45,12,8,4
29/03/2012,12:00,9,2,7
29/03/2012,12:15,2,1,1
29/03/2012,12:30,11,6,5
29/03/2012,12:45,9,4,5
29/03/2012,13:00,13,8,5
29/03/2012,13:15,16,8,8
29/03/2012,13:30,23,16,7
29/03/2012,13:45,25,20,5
29/03/2012,14:00,4,3,1
29/03/2012,14:15,14,10,4
29/03/2012,14:30,13,9,4
29/03/2012,14:45,8,2,6
29/03/2012,15:00,13,4,9
29/03/2012,15:15,15,4,11
29/03/2012,15:30,11,5,6
29/03/2012,15:45,16,7,9
29/03/2012,16:00,16,4,12
29/03/2012,16:15,19,9,10
29/03/2012,16:30,25,11,14
29/03/2012,16:45,26,14,12
29/03/2012,17:00,33,16,17
29/03/2012,17:15,34,14,20
29/03/2012,17:30,43,19,24
29/03/2012,17:45,47,23,24
29/03/2012,18:00,43,16,27
29/03/2012,18:15,62,29,33
29/03/2012,18:30,47,21,26
29/03/2012,18:45,32,15,17
29/03/2012,19:00,30,14,16
29/03/2012,19:15,24,10,14
29/03/2012,19:30,20,10,10
29/03/2012,19:45,14,6,8
29/03/2012,20:00,7,3,4
29/03/2012,20:15,6,3,3
29/03/2012,20:30,6,4,2
29/03/2012,20:45,7,2,5
29/03/2012,21:00,4,2,2
29/03/2012,21:15,1,0,1
29/03/2012,21:30,2,2,0
29/03/2012,21:45,4,2,2
29/03/2012,22:00,4,3,1
29/03/2012,22:15,5,2,3
29/03/2012,22:30,0,0,0
29/03/2012,22:45,2,2,0
29/03/2012,23:00,0,0,0
29/03/2012,23:15,1,0,1
29/03/2012,23:30,1,1,0
29/03/2012,23:45,1,1,0
30/03/2012,00:00,0,0,0
30/03/2012,00:15,0,0,0
30/03/2012,00:30,0,0,0
30/03/2012,00:45,1,1,0
30/03/2012,01:00,0,0,0
30/03/2012,01:15,0,0,0
30/03/2012,01:30,0,0,0
30/03/2012,01:45,0,0,0
30/03/2012,02:00,1,0,1
30/03/2012,02:15,0,0,0
30/03/2012,02:30,0,0,0
30/03/2012,02:45,0,0,0
30/03/2012,03:00,0,0,0
30/03/2012,03:15,0,0,0
30/03/2012,03:30,0,0,0
30/03/2012,03:45,0,0,0
30/03/2012,04:00,0,0,0
30/03/2012,04:15,1,1,0
30/03/2012,04:30,0,0,0
30/03/2012,04:45,1,0,1
30/03/2012,05:00,2,2,0
30/03/2012,05:15,0,0,0
30/03/2012,05:30,5,3,2
30/03/2012,05:45,8,5,3
30/03/2012,06:00,13,10,3
30/03/2012,06:15,8,6,2
30/03/2012,06:30,12,5,7
30/03/2012,06:45,23,6,17
30/03/2012,07:00,19,8,11
30/03/2012,07:15,13,3,10
30/03/2012,07:30,19,7,12
30/03/2012,07:45,24,11,13
30/03/2012,08:00,12,4,8
30/03/2012,08:15,22,9,13
30/03/2012,08:30,17,10,7
30/03/2012,08:45,8,1,7
30/03/2012,09:00,8,4,4
30/03/2012,09:15,10,4,6
30/03/2012,09:30,6,5,1
30/03/2012,09:45,8,4,4
30/03/2012,10:00,5,2,3
30/03/2012,10:15,12,6,6
30/03/2012,10:30,8,2,6
30/03/2012,10:45,5,1,4
30/03/2012,11:00,13,7,6
30/03/2012,11:15,8,3,5
30/03/2012,11:30,6,3,3
30/03/2012,11:45,7,2,5
30/03/2012,12:00,10,4,6
30/03/2012,12:15,9,4,5
30/03/2012,12:30,10,5,5
30/03/2012,12:45,9,2,7
30/03/2012,13:00,10,0,10
30/03/2012,13:15,13,5,8
30/03/2012,13:30,6,5,1
30/03/2012,13:45,5,3,2
30/03/2012,14:00,9,4,5
30/03/2012,14:15,2,2,0
30/03/2012,14:30,5,3,2
30/03/2012,14:45,7,4,3
30/03/2012,15:00,11,4,7
30/03/2012,15:15,11,3,8
30/03/2012,15:30,18,12,6
30/03/2012,15:45,12,5,7
30/03/2012,16:00,14,5,9
30/03/2012,16:15,14,9,5
30/03/2012,16:30,12,8,4
30/03/2012,16:45,19,10,9
30/03/2012,17:00,27,15,12
30/03/2012,17:15,26,14,12
30/03/2012,17:30,23,12,11
30/03/2012,17:45,28,8,20
30/03/2012,18:00,31,8,23
30/03/2012,18:15,25,15,10
30/03/2012,18:30,21,9,12
30/03/2012,18:45,23,15,8
30/03/2012,19:00,18,11,7
30/03/2012,19:15,12,7,5
30/03/2012,19:30,9,6,3
30/03/2012,19:45,6,2,4
30/03/2012,20:00,5,3,2
30/03/2012,20:15,3,3,0
30/03/2012,20:30,2,0,2
30/03/2012,20:45,2,1,1
30/03/2012,21:00,3,1,2
30/03/2012,21:15,0,0,0
30/03/2012,21:30,6,4,2
30/03/2012,21:45,4,3,1
30/03/2012,22:00,3,2,1
30/03/2012,22:15,1,0,1
30/03/2012,22:30,3,1,2
30/03/2012,22:45,1,0,1
30/03/2012,23:00,0,0,0
30/03/2012,23:15,0,0,0
30/03/2012,23:30,1,0,1
30/03/2012,23:45,0,0,0
31/03/2012,00:00,0,0,0
31/03/2012,00:15,0,0,0
31/03/2012,00:30,1,0,1
31/03/2012,00:45,1,1,0
31/03/2012,01:00,1,0,1
31/03/2012,01:15,0,0,0
31/03/2012,01:30,1,1,0
31/03/2012,01:45,1,0,1
31/03/2012,02:00,2,2,0
31/03/2012,02:15,1,0,1
31/03/2012,02:30,0,0,0
31/03/2012,02:45,0,0,0
31/03/2012,03:00,0,0,0
31/03/2012,03:15,0,0,0
31/03/2012,03:30,0,0,0
31/03/2012,03:45,0,0,0
31/03/2012,04:00,1,1,0
31/03/2012,04:15,0,0,0
31/03/2012,04:30,1,1,0
31/03/2012,04:45,1,1,0
31/03/2012,05:00,3,3,0
31/03/2012,05:15,1,0,1
31/03/2012,05:30,2,1,1
31/03/2012,05:45,2,2,0
31/03/2012,06:00,3,3,0
31/03/2012,06:15,3,1,2
31/03/2012,06:30,4,3,1
31/03/2012,06:45,3,1,2
31/03/2012,07:00,8,6,2
31/03/2012,07:15,5,3,2
31/03/2012,07:30,8,6,2
31/03/2012,07:45,11,7,4
31/03/2012,08:00,9,4,5
31/03/2012,08:15,15,10,5
31/03/2012,08:30,12,9,3
31/03/2012,08:45,16,11,5
31/03/2012,09:00,14,4,10
31/03/2012,09:15,16,6,10
31/03/2012,09:30,32,20,12
31/03/2012,09:45,11,6,5
31/03/2012,10:00,15,11,4
31/03/2012,10:15,23,10,13
31/03/2012,10:30,43,14,29
31/03/2012,10:45,32,15,17
31/03/2012,11:00,13,7,6
31/03/2012,11:15,23,14,9
31/03/2012,11:30,32,18,14
31/03/2012,11:45,33,15,18
31/03/2012,12:00,18,11,7
31/03/2012,12:15,30,19,11
31/03/2012,12:30,36,21,15
31/03/2012,12:45,37,24,13
31/03/2012,13:00,38,22,16
31/03/2012,13:15,23,12,11
31/03/2012,13:30,32,11,21
31/03/2012,13:45,40,23,17
31/03/2012,14:00,41,22,19
31/03/2012,14:15,33,14,19
31/03/2012,14:30,35,19,16
31/03/2012,14:45,31,13,18
31/03/2012,15:00,32,16,16
31/03/2012,15:15,38,14,24
31/03/2012,15:30,27,8,19
31/03/2012,15:45,19,5,14
31/03/2012,16:00,29,18,11
31/03/2012,16:15,41,18,23
31/03/2012,16:30,35,18,17
31/03/2012,16:45,23,16,7
31/03/2012,17:00,35,17,18
31/03/2012,17:15,18,8,10
31/03/2012,17:30,21,7,14
31/03/2012,17:45,26,20,6
31/03/2012,18:00,17,10,7
31/03/2012,18:15,13,5,8
31/03/2012,18:30,3,2,1
31/03/2012,18:45,8,5,3
31/03/2012,19:00,8,3,5
31/03/2012,19:15,3,1,2
31/03/2012,19:30,2,0,2
31/03/2012,19:45,0,0,0
31/03/2012,20:00,3,2,1
31/03/2012,20:15,0,0,0
31/03/2012,20:30,2,2,0
31/03/2012,20:45,2,0,2
31/03/2012,21:00,4,3,1
31/03/2012,21:15,2,0,2
31/03/2012,21:30,1,1,0
31/03/2012,21:45,7,3,4
31/03/2012,22:00,2,0,2
31/03/2012,22:15,2,1,1
31/03/2012,22:30,0,0,0
31/03/2012,22:45,2,1,1
31/03/2012,23:00,2,2,0
31/03/2012,23:15,0,0,0
31/03/2012,23:30,4,1,3
31/03/2012,23:45,2,0,2
01/04/2012,00:00,0,0,0
01/04/2012,00:15,1,0,1
01/04/2012,00:30,1,1,0
01/04/2012,00:45,1,0,1
01/04/2012,01:00,1,1,0
01/04/2012,01:15,0,0,0
01/04/2012,01:30,0,0,0
01/04/2012,01:45,3,1,2
01/04/2012,02:00,0,0,0
01/04/2012,02:15,0,0,0
01/04/2012,02:30,0,0,0
01/04/2012,02:45,0,0,0
01/04/2012,03:00,0,0,0
01/04/2012,03:15,0,0,0
01/04/2012,03:30,0,0,0
01/04/2012,03:45,0,0,0
01/04/2012,04:00,0,0,0
01/04/2012,04:15,1,0,1
01/04/2012,04:30,0,0,0
01/04/2012,04:45,1,0,1
01/04/2012,05:00,3,1,2
01/04/2012,05:15,0,0,0
01/04/2012,05:30,0,0,0
01/04/2012,05:45,3,2,1
01/04/2012,06:00,1,1,0
01/04/2012,06:15,2,0,2
01/04/2012,06:30,0,0,0
01/04/2012,06:45,3,3,0
01/04/2012,07:00,2,2,0
01/04/2012,07:15,2,1,1
01/04/2012,07:30,11,3,8
01/04/2012,07:45,15,8,7
01/04/2012,08:00,9,7,2
01/04/2012,08:15,5,4,1
01/04/2012,08:30,10,5,5
01/04/2012,08:45,16,5,11
01/04/2012,09:00,22,13,9
01/04/2012,09:15,16,8,8
01/04/2012,09:30,16,4,12
01/04/2012,09:45,23,16,7
01/04/2012,10:00,22,15,7
01/04/2012,10:15,31,17,14
01/04/2012,10:30,17,4,13
01/04/2012,10:45,12,6,6
01/04/2012,11:00,24,16,8
01/04/2012,11:15,26,12,14
01/04/2012,11:30,25,9,16
01/04/2012,11:45,32,23,9
01/04/2012,12:00,38,15,23
01/04/2012,12:15,26,7,19
01/04/2012,12:30,26,13,13
01/04/2012,12:45,39,17,22
01/04/2012,13:00,41,18,23
01/04/2012,13:15,32,14,18
01/04/2012,13:30,22,12,10
01/04/2012,13:45,26,8,18
01/04/2012,14:00,35,13,22
01/04/2012,14:15,53,20,33
01/04/2012,14:30,41,13,28
01/04/2012,14:45,41,21,20
01/04/2012,15:00,30,16,14
01/04/2012,15:15,31,13,18
01/04/2012,15:30,47,15,32
01/04/2012,15:45,45,25,20
01/04/2012,16:00,40,23,17
01/04/2012,16:15,62,25,37
01/04/2012,16:30,36,13,23
01/04/2012,16:45,45,20,25
01/04/2012,17:00,52,26,26
01/04/2012,17:15,47,18,29
01/04/2012,17:30,37,18,19
01/04/2012,17:45,23,6,17
01/04/2012,18:00,50,22,28
01/04/2012,18:15,36,21,15
01/04/2012,18:30,23,10,13
01/04/2012,18:45,16,8,8
01/04/2012,19:00,15,12,3
01/04/2012,19:15,21,8,13
01/04/2012,19:30,7,4,3
01/04/2012,19:45,11,5,6
01/04/2012,20:00,3,0,3
01/04/2012,20:15,3,2,1
01/04/2012,20:30,2,0,2
01/04/2012,20:45,3,0,3
01/04/2012,21:00,2,2,0
01/04/2012,21:15,1,1,0
01/04/2012,21:30,1,1,0
01/04/2012,21:45,1,0,1
01/04/2012,22:00,4,2,2
01/04/2012,22:15,2,1,1
01/04/2012,22:30,1,1,0
01/04/2012,22:45,1,1,0
01/04/2012,23:00,1,0,1
01/04/2012,23:15,1,1,0
01/04/2012,23:30,2,2,0
01/04/2012,23:45,0,0,0
02/04/2012,00:00,0,0,0
02/04/2012,00:15,2,2,0
02/04/2012,00:30,0,0,0
02/04/2012,00:45,0,0,0
02/04/2012,01:00,0,0,0
02/04/2012,01:15,0,0,0
02/04/2012,01:30,0,0,0
02/04/2012,01:45,1,1,0
02/04/2012,02:00,0,0,0
02/04/2012,02:15,0,0,0
02/04/2012,02:30,0,0,0
02/04/2012,02:45,0,0,0
02/04/2012,03:00,0,0,0
02/04/2012,03:15,0,0,0
02/04/2012,03:30,1,1,0
02/04/2012,03:45,0,0,0
02/04/2012,04:00,1,1,0
02/04/2012,04:15,1,1,0
02/04/2012,04:30,2,1,1
02/04/2012,04:45,1,0,1
02/04/2012,05:00,2,2,0
02/04/2012,05:15,2,1,1
02/04/2012,05:30,2,1,1
02/04/2012,05:45,12,8,4
02/04/2012,06:00,6,6,0
02/04/2012,06:15,5,1,4
02/04/2012,06:30,6,1,5
02/04/2012,06:45,22,7,15
02/04/2012,07:00,24,8,16
02/04/2012,07:15,14,6,8
02/04/2012,07:30,24,10,14
02/04/2012,07:45,24,5,19
02/04/2012,08:00,24,4,20
02/04/2012,08:15,18,8,10
02/04/2012,08:30,10,5,5
02/04/2012,08:45,19,8,11
02/04/2012,09:00,16,8,8
02/04/2012,09:15,10,8,2
02/04/2012,09:30,16,10,6
02/04/2012,09:45,14,6,8
02/04/2012,10:00,12,6,6
02/04/2012,10:15,13,9,4
02/04/2012,10:30,12,4,8
02/04/2012,10:45,11,7,4
02/04/2012,11:00,7,4,3
02/04/2012,11:15,6,4,2
02/04/2012,11:30,35,26,9
02/04/2012,11:45,26,19,7
02/04/2012,12:00,20,17,3
02/04/2012,12:15,25,22,3
02/04/2012,12:30,31,28,3
02/04/2012,12:45,34,28,6
02/04/2012,13:00,34,24,10
02/04/2012,13:15,31,26,5
02/04/2012,13:30,28,25,3
02/04/2012,13:45,20,15,5
02/04/2012,14:00,12,9,3
02/04/2012,14:15,14,6,8
02/04/2012,14:30,13,7,6
02/04/2012,14:45,8,1,7
02/04/2012,15:00,20,12,8
02/04/2012,15:15,12,2,10
02/04/2012,15:30,6,4,2
02/04/2012,15:45,16,11,5
02/04/2012,16:00,21,8,13
02/04/2012,16:15,27,16,11
02/04/2012,16:30,24,11,13
02/04/2012,16:45,37,21,16
02/04/2012,17:00,29,15,14
02/04/2012,17:15,25,10,15
02/04/2012,17:30,21,12,9
02/04/2012,17:45,32,15,17
02/04/2012,18:00,37,22,15
02/04/2012,18:15,50,28,22
02/04/2012,18:30,39,19,20
02/04/2012,18:45,37,13,24
02/04/2012,19:00,27,12,15
02/04/2012,19:15,25,11,14
02/04/2012,19:30,20,13,7
02/04/2012,19:45,11,6,5
02/04/2012,20:00,5,5,0
02/04/2012,20:15,2,0,2
02/04/2012,20:30,10,6,4
02/04/2012,20:45,3,0,3
02/04/2012,21:00,1,1,0
02/04/2012,21:15,2,1,1
02/04/2012,21:30,4,1,3
02/04/2012,21:45,3,2,1
02/04/2012,22:00,3,2,1
02/04/2012,22:15,0,0,0
02/04/2012,22:30,1,0,1
02/04/2012,22:45,1,1,0
02/04/2012,23:00,1,0,1
02/04/2012,23:15,2,1,1
02/04/2012,23:30,3,3,0
02/04/2012,23:45,2,0,2
03/04/2012,00:00,0,0,0
03/04/2012,00:15,1,1,0
03/04/2012,00:30,0,0,0
03/04/2012,00:45,0,0,0
03/04/2012,01:00,0,0,0
03/04/2012,01:15,0,0,0
03/04/2012,01:30,0,0,0
03/04/2012,01:45,0,0,0
03/04/2012,02:00,0,0,0
03/04/2012,02:15,0,0,0
03/04/2012,02:30,0,0,0
03/04/2012,02:45,1,0,1
03/04/2012,03:00,0,0,0
03/04/2012,03:15,0,0,0
03/04/2012,03:30,0,0,0
03/04/2012,03:45,4,2,2
03/04/2012,04:00,1,1,0
03/04/2012,04:15,0,0,0
03/04/2012,04:30,0,0,0
03/04/2012,04:45,0,0,0
03/04/2012,05:00,4,2,2
03/04/2012,05:15,2,0,2
03/04/2012,05:30,4,1,3
03/04/2012,05:45,9,7,2
03/04/2012,06:00,10,3,7
03/04/2012,06:15,8,3,5
03/04/2012,06:30,13,7,6
03/04/2012,06:45,12,3,9
03/04/2012,07:00,17,5,12
03/04/2012,07:15,21,6,15
03/04/2012,07:30,16,5,11
03/04/2012,07:45,22,5,17
03/04/2012,08:00,5,1,4
03/04/2012,08:15,17,8,9
03/04/2012,08:30,11,4,7
03/04/2012,08:45,11,7,4
03/04/2012,09:00,15,5,10
03/04/2012,09:15,13,5,8
03/04/2012,09:30,13,6,7
03/04/2012,09:45,5,0,5
03/04/2012,10:00,6,5,1
03/04/2012,10:15,5,2,3
03/04/2012,10:30,14,9,5
03/04/2012,10:45,12,5,7
03/04/2012,11:00,10,7,3
03/04/2012,11:15,14,11,3
03/04/2012,11:30,11,6,5
03/04/2012,11:45,22,13,9
03/04/2012,12:00,14,7,7
03/04/2012,12:15,21,14,7
03/04/2012,12:30,20,11,9
03/04/2012,12:45,13,6,7
03/04/2012,13:00,12,8,4
03/04/2012,13:15,15,11,4
03/04/2012,13:30,17,12,5
03/04/2012,13:45,14,6,8
03/04/2012,14:00,19,7,12
03/04/2012,14:15,21,11,10
03/04/2012,14:30,15,5,10
03/04/2012,14:45,19,10,9
03/04/2012,15:00,14,8,6
03/04/2012,15:15,16,5,11
03/04/2012,15:30,18,10,8
03/04/2012,15:45,19,13,6
03/04/2012,16:00,35,19,16
03/04/2012,16:15,30,16,14
03/04/2012,16:30,17,10,7
03/04/2012,16:45,32,15,17
03/04/2012,17:00,40,20,20
03/04/2012,17:15,42,11,31
03/04/2012,17:30,55,25,30
03/04/2012,17:45,72,33,39
03/04/2012,18:00,55,17,38
03/04/2012,18:15,57,28,29
03/04/2012,18:30,57,24,33
03/04/2012,18:45,42,20,22
03/04/2012,19:00,44,25,19
03/04/2012,19:15,32,14,18
03/04/2012,19:30,25,15,10
03/04/2012,19:45,25,10,15
03/04/2012,20:00,10,4,6
03/04/2012,20:15,15,9,6
03/04/2012,20:30,7,2,5
03/04/2012,20:45,5,2,3
03/04/2012,21:00,7,3,4
03/04/2012,21:15,13,10,3
03/04/2012,21:30,4,2,2
03/04/2012,21:45,11,9,2
03/04/2012,22:00,2,1,1
03/04/2012,22:15,1,0,1
03/04/2012,22:30,4,2,2
03/04/2012,22:45,1,1,0
03/04/2012,23:00,0,0,0
03/04/2012,23:15,1,0,1
03/04/2012,23:30,1,1,0
03/04/2012,23:45,1,0,1
04/04/2012,00:00,0,0,0
04/04/2012,00:15,0,0,0
04/04/2012,00:30,1,1,0
04/04/2012,00:45,0,0,0
04/04/2012,01:00,0,0,0
04/04/2012,01:15,0,0,0
04/04/2012,01:30,1,0,1
04/04/2012,01:45,1,1,0
04/04/2012,02:00,0,0,0
04/04/2012,02:15,0,0,0
04/04/2012,02:30,0,0,0
04/04/2012,02:45,0,0,0
04/04/2012,03:00,0,0,0
04/04/2012,03:15,0,0,0
04/04/2012,03:30,0,0,0
04/04/2012,03:45,3,2,1
04/04/2012,04:00,1,0,1
04/04/2012,04:15,0,0,0
04/04/2012,04:30,0,0,0
04/04/2012,04:45,0,0,0
04/04/2012,05:00,4,2,2
04/04/2012,05:15,1,0,1
04/04/2012,05:30,8,5,3
04/04/2012,05:45,10,4,6
04/04/2012,06:00,12,10,2
04/04/2012,06:15,9,4,5
04/04/2012,06:30,10,3,7
04/04/2012,06:45,15,7,8
04/04/2012,07:00,21,12,9
04/04/2012,07:15,19,5,14
04/04/2012,07:30,25,5,20
04/04/2012,07:45,18,4,14
04/04/2012,08:00,25,8,17
04/04/2012,08:15,28,8,20
04/04/2012,08:30,12,5,7
04/04/2012,08:45,21,10,11
04/04/2012,09:00,11,3,8
04/04/2012,09:15,9,5,4
04/04/2012,09:30,9,2,7
04/04/2012,09:45,8,4,4
04/04/2012,10:00,6,4,2
04/04/2012,10:15,11,7,4
04/04/2012,10:30,7,6,1
04/04/2012,10:45,8,3,5
04/04/2012,11:00,9,4,5
04/04/2012,11:15,10,6,4
04/04/2012,11:30,16,4,12
04/04/2012,11:45,16,8,8
04/04/2012,12:00,11,6,5
04/04/2012,12:15,7,4,3
04/04/2012,12:30,14,8,6
04/04/2012,12:45,14,8,6
04/04/2012,13:00,6,3,3
04/04/2012,13:15,10,2,8
04/04/2012,13:30,17,9,8
04/04/2012,13:45,16,7,9
04/04/2012,14:00,8,2,6
04/04/2012,14:15,15,7,8
04/04/2012,14:30,13,5,8
04/04/2012,14:45,10,6,4
04/04/2012,15:00,16,5,11
04/04/2012,15:15,14,8,6
04/04/2012,15:30,26,10,16
04/04/2012,15:45,21,4,17
04/04/2012,16:00,17,8,9
04/04/2012,16:15,11,8,3
04/04/2012,16:30,20,7,13
04/04/2012,16:45,25,10,15
04/04/2012,17:00,38,11,27
04/04/2012,17:15,38,13,25
04/04/2012,17:30,39,20,19
04/04/2012,17:45,53,22,31
04/04/2012,18:00,45,20,25
04/04/2012,18:15,57,25,32
04/04/2012,18:30,49,23,26
04/04/2012,18:45,45,30,15
04/04/2012,19:00,41,23,18
04/04/2012,19:15,34,21,13
04/04/2012,19:30,38,23,15
04/04/2012,19:45,17,11,6
04/04/2012,20:00,10,9,1
04/04/2012,20:15,7,5,2
04/04/2012,20:30,4,0,4
04/04/2012,20:45,4,0,4
04/04/2012,21:00,6,2,4
04/04/2012,21:15,4,1,3
04/04/2012,21:30,10,4,6
04/04/2012,21:45,6,3,3
04/04/2012,22:00,2,2,0
04/04/2012,22:15,5,4,1
04/04/2012,22:30,4,0,4
04/04/2012,22:45,0,0,0
04/04/2012,23:00,2,1,1
04/04/2012,23:15,0,0,0
04/04/2012,23:30,2,1,1
04/04/2012,23:45,5,2,3
05/04/2012,00:00,3,1,2
05/04/2012,00:15,1,1,0
05/04/2012,00:30,3,2,1
05/04/2012,00:45,0,0,0
05/04/2012,01:00,2,0,2
05/04/2012,01:15,0,0,0
05/04/2012,01:30,0,0,0
05/04/2012,01:45,0,0,0
05/04/2012,02:00,0,0,0
05/04/2012,02:15,0,0,0
05/04/2012,02:30,0,0,0
05/04/2012,02:45,0,0,0
05/04/2012,03:00,0,0,0
05/04/2012,03:15,0,0,0
05/04/2012,03:30,1,1,0
05/04/2012,03:45,1,0,1
05/04/2012,04:00,1,1,0
05/04/2012,04:15,0,0,0
05/04/2012,04:30,1,0,1
05/04/2012,04:45,0,0,0
05/04/2012,05:00,1,1,0
05/04/2012,05:15,3,2,1
05/04/2012,05:30,7,4,3
05/04/2012,05:45,9,4,5
05/04/2012,06:00,11,6,5
05/04/2012,06:15,13,6,7
05/04/2012,06:30,12,4,8
05/04/2012,06:45,15,7,8
05/04/2012,07:00,21,7,14
05/04/2012,07:15,21,7,14
05/04/2012,07:30,20,5,15
05/04/2012,07:45,22,8,14
05/04/2012,08:00,22,8,14
05/04/2012,08:15,21,8,13
05/04/2012,08:30,24,16,8
05/04/2012,08:45,18,6,12
05/04/2012,09:00,21,5,16
05/04/2012,09:15,13,11,2
05/04/2012,09:30,22,14,8
05/04/2012,09:45,14,10,4
05/04/2012,10:00,15,9,6
05/04/2012,10:15,14,10,4
05/04/2012,10:30,13,6,7
05/04/2012,10:45,3,1,2
05/04/2012,11:00,12,5,7
05/04/2012,11:15,8,6,2
05/04/2012,11:30,13,7,6
05/04/2012,11:45,10,5,5
05/04/2012,12:00,12,9,3
05/04/2012,12:15,15,5,10
05/04/2012,12:30,12,7,5
05/04/2012,12:45,10,3,7
05/04/2012,13:00,17,6,11
05/04/2012,13:15,17,8,9
05/04/2012,13:30,11,6,5
05/04/2012,13:45,12,5,7
05/04/2012,14:00,6,4,2
05/04/2012,14:15,15,11,4
05/04/2012,14:30,22,11,11
05/04/2012,14:45,16,10,6
05/04/2012,15:00,12,8,4
05/04/2012,15:15,19,8,11
05/04/2012,15:30,17,8,9
05/04/2012,15:45,11,7,4
05/04/2012,16:00,21,11,10
05/04/2012,16:15,19,13,6
05/04/2012,16:30,32,17,15
05/04/2012,16:45,34,19,15
05/04/2012,17:00,23,13,10
05/04/2012,17:15,38,23,15
05/04/2012,17:30,35,14,21
05/04/2012,17:45,27,8,19
05/04/2012,18:00,45,23,22
05/04/2012,18:15,31,8,23
05/04/2012,18:30,37,15,22
05/04/2012,18:45,32,11,21
05/04/2012,19:00,26,9,17
05/04/2012,19:15,27,11,16
05/04/2012,19:30,24,17,7
05/04/2012,19:45,11,11,0
05/04/2012,20:00,15,9,6
05/04/2012,20:15,9,5,4
05/04/2012,20:30,6,5,1
05/04/2012,20:45,5,5,0
05/04/2012,21:00,7,3,4
05/04/2012,21:15,1,0,1
05/04/2012,21:30,0,0,0
05/04/2012,21:45,0,0,0
05/04/2012,22:00,5,2,3
05/04/2012,22:15,5,2,3
05/04/2012,22:30,1,0,1
05/04/2012,22:45,1,0,1
05/04/2012,23:00,0,0,0
05/04/2012,23:15,3,0,3
05/04/2012,23:30,0,0,0
05/04/2012,23:45,1,0,1
06/04/2012,00:00,0,0,0
06/04/2012,00:15,2,0,2
06/04/2012,00:30,0,0,0
06/04/2012,00:45,3,1,2
06/04/2012,01:00,2,0,2
06/04/2012,01:15,0,0,0
06/04/2012,01:30,0,0,0
06/04/2012,01:45,0,0,0
06/04/2012,02:00,0,0,0
06/04/2012,02:15,0,0,0
06/04/2012,02:30,0,0,0
06/04/2012,02:45,0,0,0
06/04/2012,03:00,0,0,0
06/04/2012,03:15,1,1,0
06/04/2012,03:30,0,0,0
06/04/2012,03:45,1,1,0
06/04/2012,04:00,0,0,0
06/04/2012,04:15,0,0,0
06/04/2012,04:30,1,0,1
06/04/2012,04:45,0,0,0
06/04/2012,05:00,2,1,1
06/04/2012,05:15,1,0,1
06/04/2012,05:30,6,2,4
06/04/2012,05:45,6,4,2
06/04/2012,06:00,9,8,1
06/04/2012,06:15,5,3,2
06/04/2012,06:30,6,2,4
06/04/2012,06:45,11,0,11
06/04/2012,07:00,13,8,5
06/04/2012,07:15,14,5,9
06/04/2012,07:30,15,4,11
06/04/2012,07:45,18,7,11
06/04/2012,08:00,13,3,10
06/04/2012,08:15,15,7,8
06/04/2012,08:30,15,12,3
06/04/2012,08:45,15,8,7
06/04/2012,09:00,22,11,11
06/04/2012,09:15,19,18,1
06/04/2012,09:30,42,37,5
06/04/2012,09:45,25,20,5
06/04/2012,10:00,53,47,6
06/04/2012,10:15,43,40,3
06/04/2012,10:30,28,24,4
06/04/2012,10:45,71,63,8
06/04/2012,11:00,35,31,4
06/04/2012,11:15,54,46,8
06/04/2012,11:30,61,51,10
06/04/2012,11:45,55,38,17
06/04/2012,12:00,74,61,13
06/04/2012,12:15,32,23,9
06/04/2012,12:30,39,30,9
06/04/2012,12:45,52,42,10
06/04/2012,13:00,37,24,13
06/04/2012,13:15,38,31,7
06/04/2012,13:30,31,27,4
06/04/2012,13:45,23,13,10
06/04/2012,14:00,19,9,10
06/04/2012,14:15,32,25,7
06/04/2012,14:30,24,17,7
06/04/2012,14:45,17,11,6
06/04/2012,15:00,22,11,11
06/04/2012,15:15,44,29,15
06/04/2012,15:30,22,12,10
06/04/2012,15:45,28,14,14
06/04/2012,16:00,26,13,13
06/04/2012,16:15,26,13,13
06/04/2012,16:30,21,7,14
06/04/2012,16:45,30,12,18
06/04/2012,17:00,43,24,19
06/04/2012,17:15,19,9,10
06/04/2012,17:30,29,15,14
06/04/2012,17:45,25,14,11
06/04/2012,18:00,21,13,8
06/04/2012,18:15,31,12,19
06/04/2012,18:30,19,8,11
06/04/2012,18:45,21,9,12
06/04/2012,19:00,13,7,6
06/04/2012,19:15,14,5,9
06/04/2012,19:30,11,2,9
06/04/2012,19:45,2,2,0
06/04/2012,20:00,8,5,3
06/04/2012,20:15,4,0,4
06/04/2012,20:30,12,4,8
06/04/2012,20:45,4,2,2
06/04/2012,21:00,3,2,1
06/04/2012,21:15,5,4,1
06/04/2012,21:30,0,0,0
06/04/2012,21:45,1,1,0
06/04/2012,22:00,1,1,0
06/04/2012,22:15,6,1,5
06/04/2012,22:30,1,1,0
06/04/2012,22:45,0,0,0
06/04/2012,23:00,2,2,0
06/04/2012,23:15,2,2,0
06/04/2012,23:30,1,1,0
06/04/2012,23:45,2,0,2
07/04/2012,00:00,0,0,0
07/04/2012,00:15,0,0,0
07/04/2012,00:30,0,0,0
07/04/2012,00:45,0,0,0
07/04/2012,01:00,0,0,0
07/04/2012,01:15,0,0,0
07/04/2012,01:30,0,0,0
07/04/2012,01:45,0,0,0
07/04/2012,02:00,5,5,0
07/04/2012,02:15,0,0,0
07/04/2012,02:30,1,0,1
07/04/2012,02:45,2,0,2
07/04/2012,03:00,0,0,0
07/04/2012,03:15,0,0,0
07/04/2012,03:30,0,0,0
07/04/2012,03:45,0,0,0
07/04/2012,04:00,0,0,0
07/04/2012,04:15,1,1,0
07/04/2012,04:30,0,0,0
07/04/2012,04:45,0,0,0
07/04/2012,05:00,0,0,0
07/04/2012,05:15,1,1,0
07/04/2012,05:30,0,0,0
07/04/2012,05:45,6,2,4
07/04/2012,06:00,5,4,1
07/04/2012,06:15,1,0,1
07/04/2012,06:30,1,0,1
07/04/2012,06:45,5,4,1
07/04/2012,07:00,9,6,3
07/04/2012,07:15,10,6,4
07/04/2012,07:30,10,9,1
07/04/2012,07:45,14,9,5
07/04/2012,08:00,13,6,7
07/04/2012,08:15,10,5,5
07/04/2012,08:30,7,4,3
07/04/2012,08:45,16,6,10
07/04/2012,09:00,23,12,11
07/04/2012,09:15,16,6,10
07/04/2012,09:30,24,18,6
07/04/2012,09:45,22,12,10
07/04/2012,10:00,34,26,8
07/04/2012,10:15,26,18,8
07/04/2012,10:30,37,15,22
07/04/2012,10:45,31,18,13
07/04/2012,11:00,35,26,9
07/04/2012,11:15,25,17,8
07/04/2012,11:30,41,26,15
07/04/2012,11:45,43,18,25
07/04/2012,12:00,39,21,18
07/04/2012,12:15,42,18,24
07/04/2012,12:30,34,18,16
07/04/2012,12:45,52,39,13
07/04/2012,13:00,74,33,41
07/04/2012,13:15,33,17,16
07/04/2012,13:30,49,24,25
07/04/2012,13:45,45,25,20
07/04/2012,14:00,50,23,27
07/04/2012,14:15,38,15,23
07/04/2012,14:30,46,21,25
07/04/2012,14:45,51,28,23
07/04/2012,15:00,35,15,20
07/04/2012,15:15,30,19,11
07/04/2012,15:30,38,16,22
07/04/2012,15:45,48,31,17
07/04/2012,16:00,40,23,17
07/04/2012,16:15,32,18,14
07/04/2012,16:30,38,17,21
07/04/2012,16:45,27,17,10
07/04/2012,17:00,27,18,9
07/04/2012,17:15,18,7,11
07/04/2012,17:30,27,16,11
07/04/2012,17:45,30,13,17
07/04/2012,18:00,34,17,17
07/04/2012,18:15,30,8,22
07/04/2012,18:30,20,11,9
07/04/2012,18:45,13,6,7
07/04/2012,19:00,11,4,7
07/04/2012,19:15,11,2,9
07/04/2012,19:30,11,5,6
07/04/2012,19:45,4,1,3
07/04/2012,20:00,6,4,2
07/04/2012,20:15,6,3,3
07/04/2012,20:30,2,0,2
07/04/2012,20:45,5,1,4
07/04/2012,21:00,3,2,1
07/04/2012,21:15,4,1,3
07/04/2012,21:30,2,1,1
07/04/2012,21:45,2,2,0
07/04/2012,22:00,1,0,1
07/04/2012,22:15,3,1,2
07/04/2012,22:30,0,0,0
07/04/2012,22:45,3,0,3
07/04/2012,23:00,2,2,0
07/04/2012,23:15,1,1,0
07/04/2012,23:30,1,0,1
07/04/2012,23:45,4,4,0
08/04/2012,00:00,0,0,0
08/04/2012,00:15,1,0,1
08/04/2012,00:30,0,0,0
08/04/2012,00:45,1,0,1
08/04/2012,01:00,0,0,0
08/04/2012,01:15,0,0,0
08/04/2012,01:30,0,0,0
08/04/2012,01:45,1,0,1
08/04/2012,02:00,0,0,0
08/04/2012,02:15,0,0,0
08/04/2012,02:30,0,0,0
08/04/2012,02:45,0,0,0
08/04/2012,03:00,1,0,1
08/04/2012,03:15,0,0,0
08/04/2012,03:30,0,0,0
08/04/2012,03:45,0,0,0
08/04/2012,04:00,1,1,0
08/04/2012,04:15,0,0,0
08/04/2012,04:30,0,0,0
08/04/2012,04:45,0,0,0
08/04/2012,05:00,0,0,0
08/04/2012,05:15,1,0,1
08/04/2012,05:30,2,2,0
08/04/2012,05:45,1,1,0
08/04/2012,06:00,2,0,2
08/04/2012,06:15,0,0,0
08/04/2012,06:30,0,0,0
08/04/2012,06:45,3,3,0
08/04/2012,07:00,4,2,2
08/04/2012,07:15,7,4,3
08/04/2012,07:30,5,1,4
08/04/2012,07:45,10,7,3
08/04/2012,08:00,9,4,5
08/04/2012,08:15,6,2,4
08/04/2012,08:30,7,4,3
08/04/2012,08:45,13,9,4
08/04/2012,09:00,16,10,6
08/04/2012,09:15,15,7,8
08/04/2012,09:30,26,20,6
08/04/2012,09:45,16,11,5
08/04/2012,10:00,18,9,9
08/04/2012,10:15,21,9,12
08/04/2012,10:30,13,10,3
08/04/2012,10:45,21,8,13
08/04/2012,11:00,27,12,15
08/04/2012,11:15,35,14,21
08/04/2012,11:30,42,19,23
08/04/2012,11:45,36,17,19
08/04/2012,12:00,47,27,20
08/04/2012,12:15,36,20,16
08/04/2012,12:30,35,18,17
08/04/2012,12:45,44,18,26
08/04/2012,13:00,36,18,18
08/04/2012,13:15,45,21,24
08/04/2012,13:30,52,24,28
08/04/2012,13:45,49,25,24
08/04/2012,14:00,55,28,27
08/04/2012,14:15,46,17,29
08/04/2012,14:30,47,26,21
08/04/2012,14:45,40,22,18
08/04/2012,15:00,56,20,36
08/04/2012,15:15,37,16,21
08/04/2012,15:30,46,18,28
08/04/2012,15:45,43,19,24
08/04/2012,16:00,60,27,33
08/04/2012,16:15,39,23,16
08/04/2012,16:30,37,19,18
08/04/2012,16:45,33,20,13
08/04/2012,17:00,35,15,20
08/04/2012,17:15,40,17,23
08/04/2012,17:30,32,13,19
08/04/2012,17:45,31,21,10
08/04/2012,18:00,18,11,7
08/04/2012,18:15,23,12,11
08/04/2012,18:30,17,7,10
08/04/2012,18:45,20,6,14
08/04/2012,19:00,7,5,2
08/04/2012,19:15,17,10,7
08/04/2012,19:30,9,4,5
08/04/2012,19:45,5,1,4
08/04/2012,20:00,9,4,5
08/04/2012,20:15,9,3,6
08/04/2012,20:30,4,3,1
08/04/2012,20:45,2,2,0
08/04/2012,21:00,2,0,2
08/04/2012,21:15,0,0,0
08/04/2012,21:30,0,0,0
08/04/2012,21:45,2,2,0
08/04/2012,22:00,4,3,1
08/04/2012,22:15,1,0,1
08/04/2012,22:30,0,0,0
08/04/2012,22:45,0,0,0
08/04/2012,23:00,1,1,0
08/04/2012,23:15,0,0,0
08/04/2012,23:30,1,0,1
08/04/2012,23:45,0,0,0
09/04/2012,00:00,0,0,0
09/04/2012,00:15,0,0,0
09/04/2012,00:30,0,0,0
09/04/2012,00:45,2,2,0
09/04/2012,01:00,1,1,0
09/04/2012,01:15,0,0,0
09/04/2012,01:30,0,0,0
09/04/2012,01:45,0,0,0
09/04/2012,02:00,0,0,0
09/04/2012,02:15,0,0,0
09/04/2012,02:30,0,0,0
09/04/2012,02:45,0,0,0
09/04/2012,03:00,0,0,0
09/04/2012,03:15,0,0,0
09/04/2012,03:30,1,1,0
09/04/2012,03:45,2,2,0
09/04/2012,04:00,0,0,0
09/04/2012,04:15,0,0,0
09/04/2012,04:30,0,0,0
09/04/2012,04:45,0,0,0
09/04/2012,05:00,4,1,3
09/04/2012,05:15,3,0,3
09/04/2012,05:30,8,4,4
09/04/2012,05:45,7,4,3
09/04/2012,06:00,18,11,7
09/04/2012,06:15,6,0,6
09/04/2012,06:30,15,5,10
09/04/2012,06:45,7,2,5
09/04/2012,07:00,23,10,13
09/04/2012,07:15,21,5,16
09/04/2012,07:30,21,8,13
09/04/2012,07:45,21,6,15
09/04/2012,08:00,19,6,13
09/04/2012,08:15,28,11,17
09/04/2012,08:30,17,5,12
09/04/2012,08:45,16,7,9
09/04/2012,09:00,15,7,8
09/04/2012,09:15,14,5,9
09/04/2012,09:30,12,6,6
09/04/2012,09:45,9,4,5
09/04/2012,10:00,11,4,7
09/04/2012,10:15,8,3,5
09/04/2012,10:30,2,1,1
09/04/2012,10:45,10,7,3
09/04/2012,11:00,6,5,1
09/04/2012,11:15,6,2,4
09/04/2012,11:30,11,3,8
09/04/2012,11:45,12,7,5
09/04/2012,12:00,15,6,9
09/04/2012,12:15,11,5,6
09/04/2012,12:30,17,11,6
09/04/2012,12:45,9,5,4
09/04/2012,13:00,7,5,2
09/04/2012,13:15,8,5,3
09/04/2012,13:30,9,7,2
09/04/2012,13:45,12,5,7
09/04/2012,14:00,12,6,6
09/04/2012,14:15,8,5,3
09/04/2012,14:30,11,6,5
09/04/2012,14:45,11,7,4
09/04/2012,15:00,9,4,5
09/04/2012,15:15,14,4,10
09/04/2012,15:30,36,28,8
09/04/2012,15:45,20,11,9
09/04/2012,16:00,9,2,7
09/04/2012,16:15,28,17,11
09/04/2012,16:30,22,14,8
09/04/2012,16:45,31,20,11
09/04/2012,17:00,28,13,15
09/04/2012,17:15,20,8,12
09/04/2012,17:30,35,17,18
09/04/2012,17:45,25,15,10
09/04/2012,18:00,40,18,22
09/04/2012,18:15,31,11,20
09/04/2012,18:30,40,19,21
09/04/2012,18:45,34,16,18
09/04/2012,19:00,29,14,15
09/04/2012,19:15,21,8,13
09/04/2012,19:30,15,2,13
09/04/2012,19:45,11,8,3
09/04/2012,20:00,5,4,1
09/04/2012,20:15,2,1,1
09/04/2012,20:30,2,2,0
09/04/2012,20:45,2,1,1
09/04/2012,21:00,1,0,1
09/04/2012,21:15,2,0,2
09/04/2012,21:30,3,1,2
09/04/2012,21:45,3,2,1
09/04/2012,22:00,0,0,0
09/04/2012,22:15,2,1,1
09/04/2012,22:30,0,0,0
09/04/2012,22:45,2,1,1
09/04/2012,23:00,2,1,1
09/04/2012,23:15,0,0,0
09/04/2012,23:30,0,0,0
09/04/2012,23:45,0,0,0
10/04/2012,00:00,0,0,0
10/04/2012,00:15,1,1,0
10/04/2012,00:30,1,1,0
10/04/2012,00:45,0,0,0
10/04/2012,01:00,0,0,0
10/04/2012,01:15,0,0,0
10/04/2012,01:30,0,0,0
10/04/2012,01:45,0,0,0
10/04/2012,02:00,0,0,0
10/04/2012,02:15,0,0,0
10/04/2012,02:30,0,0,0
10/04/2012,02:45,0,0,0
10/04/2012,03:00,0,0,0
10/04/2012,03:15,0,0,0
10/04/2012,03:30,0,0,0
10/04/2012,03:45,2,2,0
10/04/2012,04:00,0,0,0
10/04/2012,04:15,1,0,1
10/04/2012,04:30,1,1,0
10/04/2012,04:45,2,0,2
10/04/2012,05:00,2,1,1
10/04/2012,05:15,3,2,1
10/04/2012,05:30,2,2,0
10/04/2012,05:45,9,7,2
10/04/2012,06:00,12,6,6
10/04/2012,06:15,9,3,6
10/04/2012,06:30,12,3,9
10/04/2012,06:45,18,10,8
10/04/2012,07:00,23,9,14
10/04/2012,07:15,24,8,16
10/04/2012,07:30,19,7,12
10/04/2012,07:45,35,19,16
10/04/2012,08:00,39,27,12
10/04/2012,08:15,31,9,22
10/04/2012,08:30,18,10,8
10/04/2012,08:45,22,9,13
10/04/2012,09:00,12,6,6
10/04/2012,09:15,9,2,7
10/04/2012,09:30,11,5,6
10/04/2012,09:45,4,1,3
10/04/2012,10:00,8,4,4
10/04/2012,10:15,12,7,5
10/04/2012,10:30,7,4,3
10/04/2012,10:45,12,8,4
10/04/2012,11:00,9,3,6
10/04/2012,11:15,8,7,1
10/04/2012,11:30,16,12,4
10/04/2012,11:45,10,5,5
10/04/2012,12:00,6,3,3
10/04/2012,12:15,16,11,5
10/04/2012,12:30,14,4,10
10/04/2012,12:45,12,5,7
10/04/2012,13:00,6,4,2
10/04/2012,13:15,7,3,4
10/04/2012,13:30,8,4,4
10/04/2012,13:45,10,2,8
10/04/2012,14:00,7,5,2
10/04/2012,14:15,14,3,11
10/04/2012,14:30,10,4,6
10/04/2012,14:45,15,7,8
10/04/2012,15:00,10,6,4
10/04/2012,15:15,14,5,9
10/04/2012,15:30,14,4,10
10/04/2012,15:45,17,7,10
10/04/2012,16:00,19,11,8
10/04/2012,16:15,18,8,10
10/04/2012,16:30,23,8,15
10/04/2012,16:45,20,15,5
10/04/2012,17:00,31,16,15
10/04/2012,17:15,25,13,12
10/04/2012,17:30,26,10,16
10/04/2012,17:45,44,16,28
10/04/2012,18:00,40,16,24
10/04/2012,18:15,55,31,24
10/04/2012,18:30,45,24,21
10/04/2012,18:45,46,14,32
10/04/2012,19:00,35,15,20
10/04/2012,19:15,40,21,19
10/04/2012,19:30,18,9,9
10/04/2012,19:45,15,6,9
10/04/2012,20:00,5,3,2
10/04/2012,20:15,6,2,4
10/04/2012,20:30,8,5,3
10/04/2012,20:45,6,2,4
10/04/2012,21:00,7,6,1
10/04/2012,21:15,4,3,1
10/04/2012,21:30,3,0,3
10/04/2012,21:45,2,2,0
10/04/2012,22:00,1,0,1
10/04/2012,22:15,4,4,0
10/04/2012,22:30,0,0,0
10/04/2012,22:45,3,1,2
10/04/2012,23:00,0,0,0
10/04/2012,23:15,0,0,0
10/04/2012,23:30,2,0,2
10/04/2012,23:45,3,0,3
11/04/2012,00:00,0,0,0
11/04/2012,00:15,0,0,0
11/04/2012,00:30,0,0,0
11/04/2012,00:45,0,0,0
11/04/2012,01:00,0,0,0
11/04/2012,01:15,0,0,0
11/04/2012,01:30,0,0,0
11/04/2012,01:45,0,0,0
11/04/2012,02:00,1,1,0
11/04/2012,02:15,0,0,0
11/04/2012,02:30,0,0,0
11/04/2012,02:45,0,0,0
11/04/2012,03:00,0,0,0
11/04/2012,03:15,0,0,0
11/04/2012,03:30,0,0,0
11/04/2012,03:45,2,2,0
11/04/2012,04:00,2,0,2
11/04/2012,04:15,0,0,0
11/04/2012,04:30,0,0,0
11/04/2012,04:45,0,0,0
11/04/2012,05:00,1,1,0
11/04/2012,05:15,2,2,0
11/04/2012,05:30,4,3,1
11/04/2012,05:45,7,6,1
11/04/2012,06:00,9,6,3
11/04/2012,06:15,8,1,7
11/04/2012,06:30,10,2,8
11/04/2012,06:45,16,6,10
11/04/2012,07:00,24,4,20
11/04/2012,07:15,25,11,14
11/04/2012,07:30,16,4,12
11/04/2012,07:45,13,6,7
11/04/2012,08:00,25,6,19
11/04/2012,08:15,20,7,13
11/04/2012,08:30,16,4,12
11/04/2012,08:45,14,8,6
11/04/2012,09:00,15,5,10
11/04/2012,09:15,6,2,4
11/04/2012,09:30,7,2,5
11/04/2012,09:45,5,5,0
11/04/2012,10:00,14,1,13
11/04/2012,10:15,5,3,2
11/04/2012,10:30,6,2,4
11/04/2012,10:45,9,3,6
11/04/2012,11:00,4,1,3
11/04/2012,11:15,2,0,2
11/04/2012,11:30,1,0,1
11/04/2012,11:45,6,1,5
11/04/2012,12:00,4,3,1
11/04/2012,12:15,3,2,1
11/04/2012,12:30,6,2,4
11/04/2012,12:45,5,3,2
11/04/2012,13:00,3,1,2
11/04/2012,13:15,5,3,2
11/04/2012,13:30,5,2,3
11/04/2012,13:45,3,0,3
11/04/2012,14:00,10,7,3
11/04/2012,14:15,6,2,4
11/04/2012,14:30,13,4,9
11/04/2012,14:45,6,1,5
11/04/2012,15:00,12,6,6
11/04/2012,15:15,6,2,4
11/04/2012,15:30,5,0,5
11/04/2012,15:45,11,8,3
11/04/2012,16:00,10,5,5
11/04/2012,16:15,16,7,9
11/04/2012,16:30,16,11,5
11/04/2012,16:45,20,13,7
11/04/2012,17:00,11,6,5
11/04/2012,17:15,17,6,11
11/04/2012,17:30,26,12,14
11/04/2012,17:45,24,11,13
11/04/2012,18:00,27,17,10
11/04/2012,18:15,35,17,18
11/04/2012,18:30,28,12,16
11/04/2012,18:45,27,13,14
11/04/2012,19:00,14,4,10
11/04/2012,19:15,15,7,8
11/04/2012,19:30,9,6,3
11/04/2012,19:45,11,5,6
11/04/2012,20:00,10,6,4
11/04/2012,20:15,3,2,1
11/04/2012,20:30,4,2,2
11/04/2012,20:45,4,2,2
11/04/2012,21:00,1,0,1
11/04/2012,21:15,1,1,0
11/04/2012,21:30,2,0,2
11/04/2012,21:45,7,3,4
11/04/2012,22:00,6,2,4
11/04/2012,22:15,6,2,4
11/04/2012,22:30,4,3,1
11/04/2012,22:45,0,0,0
11/04/2012,23:00,0,0,0
11/04/2012,23:15,1,0,1
11/04/2012,23:30,1,1,0
11/04/2012,23:45,1,0,1
12/04/2012,00:00,1,1,0
12/04/2012,00:15,0,0,0
12/04/2012,00:30,0,0,0
12/04/2012,00:45,0,0,0
12/04/2012,01:00,0,0,0
12/04/2012,01:15,0,0,0
12/04/2012,01:30,0,0,0
12/04/2012,01:45,0,0,0
12/04/2012,02:00,0,0,0
12/04/2012,02:15,1,0,1
12/04/2012,02:30,0,0,0
12/04/2012,02:45,0,0,0
12/04/2012,03:00,0,0,0
12/04/2012,03:15,0,0,0
12/04/2012,03:30,0,0,0
12/04/2012,03:45,0,0,0
12/04/2012,04:00,1,0,1
12/04/2012,04:15,1,1,0
12/04/2012,04:30,2,1,1
12/04/2012,04:45,1,0,1
12/04/2012,05:00,1,0,1
12/04/2012,05:15,5,3,2
12/04/2012,05:30,3,2,1
12/04/2012,05:45,6,5,1
12/04/2012,06:00,7,4,3
12/04/2012,06:15,14,10,4
12/04/2012,06:30,9,1,8
12/04/2012,06:45,8,1,7
12/04/2012,07:00,19,5,14
12/04/2012,07:15,19,4,15
12/04/2012,07:30,16,3,13
12/04/2012,07:45,23,7,16
12/04/2012,08:00,21,6,15
12/04/2012,08:15,21,10,11
12/04/2012,08:30,18,5,13
12/04/2012,08:45,12,6,6
12/04/2012,09:00,7,1,6
12/04/2012,09:15,11,6,5
12/04/2012,09:30,9,3,6
12/04/2012,09:45,8,6,2
12/04/2012,10:00,9,3,6
12/04/2012,10:15,13,6,7
12/04/2012,10:30,19,14,5
12/04/2012,10:45,10,6,4
12/04/2012,11:00,11,4,7
12/04/2012,11:15,13,9,4
12/04/2012,11:30,11,10,1
12/04/2012,11:45,12,3,9
12/04/2012,12:00,14,3,11
12/04/2012,12:15,17,16,1
12/04/2012,12:30,11,9,2
12/04/2012,12:45,12,7,5
12/04/2012,13:00,15,12,3
12/04/2012,13:15,12,10,2
12/04/2012,13:30,13,10,3
12/04/2012,13:45,14,6,8
12/04/2012,14:00,12,4,8
12/04/2012,14:15,13,5,8
12/04/2012,14:30,18,11,7
12/04/2012,14:45,9,5,4
12/04/2012,15:00,13,5,8
12/04/2012,15:15,22,13,9
12/04/2012,15:30,17,6,11
12/04/2012,15:45,13,5,8
12/04/2012,16:00,11,8,3
12/04/2012,16:15,11,4,7
12/04/2012,16:30,19,11,8
12/04/2012,16:45,29,19,10
12/04/2012,17:00,31,15,16
12/04/2012,17:15,27,11,16
12/04/2012,17:30,23,14,9
12/04/2012,17:45,29,17,12
12/04/2012,18:00,52,23,29
12/04/2012,18:15,27,19,8
12/04/2012,18:30,39,22,17
12/04/2012,18:45,29,9,20
12/04/2012,19:00,26,18,8
12/04/2012,19:15,18,10,8
12/04/2012,19:30,14,6,8
12/04/2012,19:45,17,10,7
12/04/2012,20:00,8,0,8
12/04/2012,20:15,9,6,3
12/04/2012,20:30,10,4,6
12/04/2012,20:45,3,2,1
12/04/2012,21:00,3,2,1
12/04/2012,21:15,1,0,1
12/04/2012,21:30,2,0,2
12/04/2012,21:45,0,0,0
12/04/2012,22:00,6,4,2
12/04/2012,22:15,1,1,0
12/04/2012,22:30,0,0,0
12/04/2012,22:45,2,0,2
12/04/2012,23:00,0,0,0
12/04/2012,23:15,3,2,1
12/04/2012,23:30,1,0,1
12/04/2012,23:45,2,1,1
13/04/2012,00:00,1,1,0
13/04/2012,00:15,3,3,0
13/04/2012,00:30,1,1,0
13/04/2012,00:45,2,0,2
13/04/2012,01:00,3,0,3
13/04/2012,01:15,2,2,0
13/04/2012,01:30,0,0,0
13/04/2012,01:45,0,0,0
13/04/2012,02:00,0,0,0
13/04/2012,02:15,0,0,0
13/04/2012,02:30,0,0,0
13/04/2012,02:45,0,0,0
13/04/2012,03:00,0,0,0
13/04/2012,03:15,0,0,0
13/04/2012,03:30,0,0,0
13/04/2012,03:45,0,0,0
13/04/2012,04:00,1,1,0
13/04/2012,04:15,0,0,0
13/04/2012,04:30,0,0,0
13/04/2012,04:45,0,0,0
13/04/2012,05:00,3,1,2
13/04/2012,05:15,4,0,4
13/04/2012,05:30,4,3,1
13/04/2012,05:45,9,8,1
13/04/2012,06:00,12,6,6
13/04/2012,06:15,9,5,4
13/04/2012,06:30,15,7,8
13/04/2012,06:45,11,4,7
13/04/2012,07:00,22,7,15
13/04/2012,07:15,22,7,15
13/04/2012,07:30,15,6,9
13/04/2012,07:45,13,6,7
13/04/2012,08:00,21,6,15
13/04/2012,08:15,20,4,16
13/04/2012,08:30,18,8,10
13/04/2012,08:45,17,11,6
13/04/2012,09:00,12,8,4
13/04/2012,09:15,18,9,9
13/04/2012,09:30,33,21,12
13/04/2012,09:45,39,15,24
13/04/2012,10:00,26,24,2
13/04/2012,10:15,35,26,9
13/04/2012,10:30,40,33,7
13/04/2012,10:45,52,38,14
13/04/2012,11:00,94,84,10
13/04/2012,11:15,35,31,4
13/04/2012,11:30,26,17,9
13/04/2012,11:45,21,8,13
13/04/2012,12:00,21,15,6
13/04/2012,12:15,71,65,6
13/04/2012,12:30,41,34,7
13/04/2012,12:45,25,20,5
13/04/2012,13:00,22,12,10
13/04/2012,13:15,32,17,15
13/04/2012,13:30,23,17,6
13/04/2012,13:45,34,26,8
13/04/2012,14:00,15,10,5
13/04/2012,14:15,15,8,7
13/04/2012,14:30,18,9,9
13/04/2012,14:45,12,5,7
13/04/2012,15:00,14,9,5
13/04/2012,15:15,23,11,12
13/04/2012,15:30,26,14,12
13/04/2012,15:45,19,9,10
13/04/2012,16:00,27,14,13
13/04/2012,16:15,29,13,16
13/04/2012,16:30,27,11,16
13/04/2012,16:45,26,14,12
13/04/2012,17:00,31,18,13
13/04/2012,17:15,47,23,24
13/04/2012,17:30,33,17,16
13/04/2012,17:45,62,32,30
13/04/2012,18:00,35,21,14
13/04/2012,18:15,34,20,14
13/04/2012,18:30,33,13,20
13/04/2012,18:45,31,11,20
13/04/2012,19:00,27,12,15
13/04/2012,19:15,23,7,16
13/04/2012,19:30,16,10,6
13/04/2012,19:45,14,7,7
13/04/2012,20:00,7,2,5
13/04/2012,20:15,11,5,6
13/04/2012,20:30,3,0,3
13/04/2012,20:45,2,0,2
13/04/2012,21:00,1,0,1
13/04/2012,21:15,2,1,1
13/04/2012,21:30,2,2,0
13/04/2012,21:45,2,2,0
13/04/2012,22:00,1,1,0
13/04/2012,22:15,1,1,0
13/04/2012,22:30,1,1,0
13/04/2012,22:45,1,0,1
13/04/2012,23:00,0,0,0
13/04/2012,23:15,0,0,0
13/04/2012,23:30,2,2,0
13/04/2012,23:45,0,0,0
14/04/2012,00:00,2,2,0
14/04/2012,00:15,0,0,0
14/04/2012,00:30,2,0,2
14/04/2012,00:45,2,0,2
14/04/2012,01:00,3,2,1
14/04/2012,01:15,2,1,1
14/04/2012,01:30,0,0,0
14/04/2012,01:45,0,0,0
14/04/2012,02:00,0,0,0
14/04/2012,02:15,0,0,0
14/04/2012,02:30,0,0,0
14/04/2012,02:45,1,1,0
14/04/2012,03:00,0,0,0
14/04/2012,03:15,1,1,0
14/04/2012,03:30,0,0,0
14/04/2012,03:45,0,0,0
14/04/2012,04:00,0,0,0
14/04/2012,04:15,0,0,0
14/04/2012,04:30,0,0,0
14/04/2012,04:45,0,0,0
14/04/2012,05:00,2,1,1
14/04/2012,05:15,0,0,0
14/04/2012,05:30,0,0,0
14/04/2012,05:45,6,6,0
14/04/2012,06:00,4,4,0
14/04/2012,06:15,5,2,3
14/04/2012,06:30,4,2,2
14/04/2012,06:45,5,3,2
14/04/2012,07:00,5,4,1
14/04/2012,07:15,15,7,8
14/04/2012,07:30,9,7,2
14/04/2012,07:45,17,13,4
14/04/2012,08:00,15,8,7
14/04/2012,08:15,27,13,14
14/04/2012,08:30,24,12,12
14/04/2012,08:45,26,11,15
14/04/2012,09:00,24,16,8
14/04/2012,09:15,56,10,46
14/04/2012,09:30,26,17,9
14/04/2012,09:45,28,15,13
14/04/2012,10:00,13,10,3
14/04/2012,10:15,32,14,18
14/04/2012,10:30,50,24,26
14/04/2012,10:45,45,26,19
14/04/2012,11:00,42,21,21
14/04/2012,11:15,61,43,18
14/04/2012,11:30,55,39,16
14/04/2012,11:45,67,43,24
14/04/2012,12:00,76,41,35
14/04/2012,12:15,72,41,31
14/04/2012,12:30,70,38,32
14/04/2012,12:45,62,43,19
14/04/2012,13:00,61,29,32
14/04/2012,13:15,68,35,33
14/04/2012,13:30,56,14,42
14/04/2012,13:45,57,21,36
14/04/2012,14:00,53,22,31
14/04/2012,14:15,25,8,17
14/04/2012,14:30,53,21,32
14/04/2012,14:45,60,36,24
14/04/2012,15:00,53,23,30
14/04/2012,15:15,44,17,27
14/04/2012,15:30,42,17,25
14/04/2012,15:45,53,28,25
14/04/2012,16:00,31,16,15
14/04/2012,16:15,41,14,27
14/04/2012,16:30,32,17,15
14/04/2012,16:45,16,6,10
14/04/2012,17:00,41,16,25
14/04/2012,17:15,56,30,26
14/04/2012,17:30,36,14,22
14/04/2012,17:45,24,11,13
14/04/2012,18:00,33,14,19
14/04/2012,18:15,28,13,15
14/04/2012,18:30,23,10,13
14/04/2012,18:45,17,11,6
14/04/2012,19:00,11,4,7
14/04/2012,19:15,9,5,4
14/04/2012,19:30,19,15,4
14/04/2012,19:45,11,8,3
14/04/2012,20:00,14,7,7
14/04/2012,20:15,9,3,6
14/04/2012,20:30,0,0,0
14/04/2012,20:45,4,4,0
14/04/2012,21:00,1,0,1
14/04/2012,21:15,1,0,1
14/04/2012,21:30,8,3,5
14/04/2012,21:45,9,3,6
14/04/2012,22:00,2,1,1
14/04/2012,22:15,3,2,1
14/04/2012,22:30,0,0,0
14/04/2012,22:45,1,0,1
14/04/2012,23:00,4,2,2
14/04/2012,23:15,0,0,0
14/04/2012,23:30,0,0,0
14/04/2012,23:45,4,2,2
15/04/2012,00:00,2,1,1
15/04/2012,00:15,2,0,2
15/04/2012,00:30,3,0,3
15/04/2012,00:45,2,2,0
15/04/2012,01:00,3,1,2
15/04/2012,01:15,1,1,0
15/04/2012,01:30,5,1,4
15/04/2012,01:45,0,0,0
15/04/2012,02:00,1,0,1
15/04/2012,02:15,1,0,1
15/04/2012,02:30,5,4,1
15/04/2012,02:45,0,0,0
15/04/2012,03:00,0,0,0
15/04/2012,03:15,1,1,0
15/04/2012,03:30,1,0,1
15/04/2012,03:45,0,0,0
15/04/2012,04:00,1,0,1
15/04/2012,04:15,3,2,1
15/04/2012,04:30,0,0,0
15/04/2012,04:45,0,0,0
15/04/2012,05:00,2,1,1
15/04/2012,05:15,0,0,0
15/04/2012,05:30,0,0,0
15/04/2012,05:45,1,1,0
15/04/2012,06:00,1,1,0
15/04/2012,06:15,1,0,1
15/04/2012,06:30,1,1,0
15/04/2012,06:45,3,3,0
15/04/2012,07:00,9,4,5
15/04/2012,07:15,7,2,5
15/04/2012,07:30,11,7,4
15/04/2012,07:45,18,10,8
15/04/2012,08:00,17,10,7
15/04/2012,08:15,14,8,6
15/04/2012,08:30,20,9,11
15/04/2012,08:45,17,6,11
15/04/2012,09:00,29,13,16
15/04/2012,09:15,42,18,24
15/04/2012,09:30,37,17,20
15/04/2012,09:45,33,12,21
15/04/2012,10:00,48,29,19
15/04/2012,10:15,47,21,26
15/04/2012,10:30,60,27,33
15/04/2012,10:45,43,20,23
15/04/2012,11:00,49,26,23
15/04/2012,11:15,62,27,35
15/04/2012,11:30,58,24,34
15/04/2012,11:45,56,24,32
15/04/2012,12:00,65,35,30
15/04/2012,12:15,61,35,26
15/04/2012,12:30,64,32,32
15/04/2012,12:45,63,31,32
15/04/2012,13:00,46,23,23
15/04/2012,13:15,69,33,36
15/04/2012,13:30,75,29,46
15/04/2012,13:45,78,38,40
15/04/2012,14:00,46,22,24
15/04/2012,14:15,49,24,25
15/04/2012,14:30,49,27,22
15/04/2012,14:45,59,30,29
15/04/2012,15:00,54,24,30
15/04/2012,15:15,64,21,43
15/04/2012,15:30,50,27,23
15/04/2012,15:45,48,16,32
15/04/2012,16:00,43,19,24
15/04/2012,16:15,46,17,29
15/04/2012,16:30,47,27,20
15/04/2012,16:45,55,23,32
15/04/2012,17:00,44,20,24
15/04/2012,17:15,39,21,18
15/04/2012,17:30,36,19,17
15/04/2012,17:45,32,9,23
15/04/2012,18:00,27,10,17
15/04/2012,18:15,30,11,19
15/04/2012,18:30,29,16,13
15/04/2012,18:45,29,13,16
15/04/2012,19:00,21,12,9
15/04/2012,19:15,29,8,21
15/04/2012,19:30,25,14,11
15/04/2012,19:45,20,12,8
15/04/2012,20:00,7,3,4
15/04/2012,20:15,10,5,5
15/04/2012,20:30,3,2,1
15/04/2012,20:45,4,3,1
15/04/2012,21:00,2,0,2
15/04/2012,21:15,3,2,1
15/04/2012,21:30,4,3,1
15/04/2012,21:45,2,0,2
15/04/2012,22:00,0,0,0
15/04/2012,22:15,1,0,1
15/04/2012,22:30,0,0,0
15/04/2012,22:45,2,0,2
15/04/2012,23:00,1,1,0
15/04/2012,23:15,2,1,1
15/04/2012,23:30,2,2,0
15/04/2012,23:45,0,0,0
16/04/2012,00:00,1,1,0
16/04/2012,00:15,1,0,1
16/04/2012,00:30,1,0,1
16/04/2012,00:45,0,0,0
16/04/2012,01:00,1,1,0
16/04/2012,01:15,0,0,0
16/04/2012,01:30,2,2,0
16/04/2012,01:45,1,0,1
16/04/2012,02:00,0,0,0
16/04/2012,02:15,0,0,0
16/04/2012,02:30,0,0,0
16/04/2012,02:45,0,0,0
16/04/2012,03:00,1,1,0
16/04/2012,03:15,0,0,0
16/04/2012,03:30,0,0,0
16/04/2012,03:45,2,2,0
16/04/2012,04:00,2,1,1
16/04/2012,04:15,0,0,0
16/04/2012,04:30,1,0,1
16/04/2012,04:45,2,1,1
16/04/2012,05:00,6,3,3
16/04/2012,05:15,1,0,1
16/04/2012,05:30,11,6,5
16/04/2012,05:45,7,3,4
16/04/2012,06:00,16,11,5
16/04/2012,06:15,9,2,7
16/04/2012,06:30,14,4,10
16/04/2012,06:45,19,7,12
16/04/2012,07:00,22,11,11
16/04/2012,07:15,30,11,19
16/04/2012,07:30,29,10,19
16/04/2012,07:45,35,12,23
16/04/2012,08:00,25,8,17
16/04/2012,08:15,28,11,17
16/04/2012,08:30,27,8,19
16/04/2012,08:45,16,6,10
16/04/2012,09:00,18,8,10
16/04/2012,09:15,18,6,12
16/04/2012,09:30,14,2,12
16/04/2012,09:45,15,9,6
16/04/2012,10:00,13,5,8
16/04/2012,10:15,15,6,9
16/04/2012,10:30,18,7,11
16/04/2012,10:45,27,21,6
16/04/2012,11:00,24,14,10
16/04/2012,11:15,15,8,7
16/04/2012,11:30,43,33,10
16/04/2012,11:45,28,18,10
16/04/2012,12:00,21,13,8
16/04/2012,12:15,23,18,5
16/04/2012,12:30,20,16,4
16/04/2012,12:45,37,26,11
16/04/2012,13:00,20,16,4
16/04/2012,13:15,22,17,5
16/04/2012,13:30,22,18,4
16/04/2012,13:45,29,22,7
16/04/2012,14:00,28,18,10
16/04/2012,14:15,12,10,2
16/04/2012,14:30,18,9,9
16/04/2012,14:45,8,5,3
16/04/2012,15:00,24,12,12
16/04/2012,15:15,19,15,4
16/04/2012,15:30,19,12,7
16/04/2012,15:45,15,9,6
16/04/2012,16:00,20,11,9
16/04/2012,16:15,19,10,9
16/04/2012,16:30,23,13,10
16/04/2012,16:45,35,22,13
16/04/2012,17:00,43,26,17
16/04/2012,17:15,56,32,24
16/04/2012,17:30,36,19,17
16/04/2012,17:45,35,23,12
16/04/2012,18:00,56,33,23
16/04/2012,18:15,47,34,13
16/04/2012,18:30,37,23,14
16/04/2012,18:45,43,22,21
16/04/2012,19:00,42,17,25
16/04/2012,19:15,53,30,23
16/04/2012,19:30,35,23,12
16/04/2012,19:45,22,16,6
16/04/2012,20:00,22,16,6
16/04/2012,20:15,7,3,4
16/04/2012,20:30,15,6,9
16/04/2012,20:45,6,1,5
16/04/2012,21:00,7,4,3
16/04/2012,21:15,4,2,2
16/04/2012,21:30,6,3,3
16/04/2012,21:45,6,2,4
16/04/2012,22:00,1,0,1
16/04/2012,22:15,2,0,2
16/04/2012,22:30,5,4,1
16/04/2012,22:45,0,0,0
16/04/2012,23:00,1,1,0
16/04/2012,23:15,1,0,1
16/04/2012,23:30,2,0,2
16/04/2012,23:45,0,0,0
17/04/2012,00:00,1,0,1
17/04/2012,00:15,0,0,0
17/04/2012,00:30,0,0,0
17/04/2012,00:45,0,0,0
17/04/2012,01:00,2,1,1
17/04/2012,01:15,1,0,1
17/04/2012,01:30,0,0,0
17/04/2012,01:45,0,0,0
17/04/2012,02:00,0,0,0
17/04/2012,02:15,0,0,0
17/04/2012,02:30,1,1,0
17/04/2012,02:45,0,0,0
17/04/2012,03:00,0,0,0
17/04/2012,03:15,0,0,0
17/04/2012,03:30,0,0,0
17/04/2012,03:45,1,0,1
17/04/2012,04:00,1,1,0
17/04/2012,04:15,0,0,0
17/04/2012,04:30,0,0,0
17/04/2012,04:45,1,1,0
17/04/2012,05:00,3,1,2
17/04/2012,05:15,3,2,1
17/04/2012,05:30,9,5,4
17/04/2012,05:45,11,6,5
17/04/2012,06:00,11,8,3
17/04/2012,06:15,14,7,7
17/04/2012,06:30,20,10,10
17/04/2012,06:45,22,8,14
17/04/2012,07:00,32,13,19
17/04/2012,07:15,49,25,24
17/04/2012,07:30,31,13,18
17/04/2012,07:45,46,16,30
17/04/2012,08:00,38,11,27
17/04/2012,08:15,35,10,25
17/04/2012,08:30,26,10,16
17/04/2012,08:45,23,6,17
17/04/2012,09:00,19,6,13
17/04/2012,09:15,24,7,17
17/04/2012,09:30,24,7,17
17/04/2012,09:45,23,10,13
17/04/2012,10:00,16,8,8
17/04/2012,10:15,16,11,5
17/04/2012,10:30,24,24,0
17/04/2012,10:45,26,19,7
17/04/2012,11:00,23,20,3
17/04/2012,11:15,27,19,8
17/04/2012,11:30,14,9,5
17/04/2012,11:45,6,2,4
17/04/2012,12:00,7,6,1
17/04/2012,12:15,12,1,11
17/04/2012,12:30,15,10,5
17/04/2012,12:45,16,13,3
17/04/2012,13:00,27,22,5
17/04/2012,13:15,15,11,4
17/04/2012,13:30,14,5,9
17/04/2012,13:45,16,6,10
17/04/2012,14:00,13,6,7
17/04/2012,14:15,11,3,8
17/04/2012,14:30,12,4,8
17/04/2012,14:45,12,6,6
17/04/2012,15:00,16,6,10
17/04/2012,15:15,11,3,8
17/04/2012,15:30,17,5,12
17/04/2012,15:45,15,6,9
17/04/2012,16:00,27,11,16
17/04/2012,16:15,35,17,18
17/04/2012,16:30,37,19,18
17/04/2012,16:45,36,20,16
17/04/2012,17:00,40,19,21
17/04/2012,17:15,41,21,20
17/04/2012,17:30,51,22,29
17/04/2012,17:45,61,20,41
17/04/2012,18:00,64,20,44
17/04/2012,18:15,68,34,34
17/04/2012,18:30,45,20,25
17/04/2012,18:45,55,24,31
17/04/2012,19:00,53,26,27
17/04/2012,19:15,43,25,18
17/04/2012,19:30,38,22,16
17/04/2012,19:45,29,16,13
17/04/2012,20:00,17,7,10
17/04/2012,20:15,11,2,9
17/04/2012,20:30,10,7,3
17/04/2012,20:45,6,4,2
17/04/2012,21:00,4,4,0
17/04/2012,21:15,3,1,2
17/04/2012,21:30,5,2,3
17/04/2012,21:45,2,0,2
17/04/2012,22:00,4,2,2
17/04/2012,22:15,0,0,0
17/04/2012,22:30,2,1,1
17/04/2012,22:45,3,2,1
17/04/2012,23:00,0,0,0
17/04/2012,23:15,0,0,0
17/04/2012,23:30,1,0,1
17/04/2012,23:45,1,0,1
18/04/2012,00:00,1,0,1
18/04/2012,00:15,1,1,0
18/04/2012,00:30,0,0,0
18/04/2012,00:45,1,1,0
18/04/2012,01:00,1,1,0
18/04/2012,01:15,1,0,1
18/04/2012,01:30,1,1,0
18/04/2012,01:45,0,0,0
18/04/2012,02:00,1,0,1
18/04/2012,02:15,1,0,1
18/04/2012,02:30,1,1,0
18/04/2012,02:45,0,0,0
18/04/2012,03:00,0,0,0
18/04/2012,03:15,0,0,0
18/04/2012,03:30,0,0,0
18/04/2012,03:45,3,1,2
18/04/2012,04:00,1,1,0
18/04/2012,04:15,0,0,0
18/04/2012,04:30,0,0,0
18/04/2012,04:45,0,0,0
18/04/2012,05:00,1,0,1
18/04/2012,05:15,3,0,3
18/04/2012,05:30,6,4,2
18/04/2012,05:45,12,6,6
18/04/2012,06:00,12,7,5
18/04/2012,06:15,8,4,4
18/04/2012,06:30,18,8,10
18/04/2012,06:45,15,3,12
18/04/2012,07:00,12,7,5
18/04/2012,07:15,20,6,14
18/04/2012,07:30,21,7,14
18/04/2012,07:45,19,10,9
18/04/2012,08:00,28,10,18
18/04/2012,08:15,18,5,13
18/04/2012,08:30,9,4,5
18/04/2012,08:45,14,5,9
18/04/2012,09:00,12,4,8
18/04/2012,09:15,6,3,3
18/04/2012,09:30,9,3,6
18/04/2012,09:45,6,1,5
18/04/2012,10:00,2,0,2
18/04/2012,10:15,3,1,2
18/04/2012,10:30,7,1,6
18/04/2012,10:45,3,2,1
18/04/2012,11:00,2,1,1
18/04/2012,11:15,5,2,3
18/04/2012,11:30,5,1,4
18/04/2012,11:45,1,1,0
18/04/2012,12:00,2,0,2
18/04/2012,12:15,5,3,2
18/04/2012,12:30,8,6,2
18/04/2012,12:45,1,0,1
18/04/2012,13:00,2,1,1
18/04/2012,13:15,3,2,1
18/04/2012,13:30,2,0,2
18/04/2012,13:45,3,2,1
18/04/2012,14:00,0,0,0
18/04/2012,14:15,6,1,5
18/04/2012,14:30,5,2,3
18/04/2012,14:45,8,3,5
18/04/2012,15:00,5,2,3
18/04/2012,15:15,7,2,5
18/04/2012,15:30,5,0,5
18/04/2012,15:45,7,2,5
18/04/2012,16:00,11,5,6
18/04/2012,16:15,7,5,2
18/04/2012,16:30,15,7,8
18/04/2012,16:45,15,5,10
18/04/2012,17:00,14,5,9
18/04/2012,17:15,11,5,6
18/04/2012,17:30,13,5,8
18/04/2012,17:45,25,14,11
18/04/2012,18:00,19,13,6
18/04/2012,18:15,15,8,7
18/04/2012,18:30,13,7,6
18/04/2012,18:45,15,9,6
18/04/2012,19:00,17,11,6
18/04/2012,19:15,16,9,7
18/04/2012,19:30,8,4,4
18/04/2012,19:45,8,2,6
18/04/2012,20:00,2,1,1
18/04/2012,20:15,1,1,0
18/04/2012,20:30,0,0,0
18/04/2012,20:45,2,2,0
18/04/2012,21:00,3,1,2
18/04/2012,21:15,1,1,0
18/04/2012,21:30,4,2,2
18/04/2012,21:45,1,1,0
18/04/2012,22:00,2,0,2
18/04/2012,22:15,4,3,1
18/04/2012,22:30,5,3,2
18/04/2012,22:45,1,0,1
18/04/2012,23:00,0,0,0
18/04/2012,23:15,1,0,1
18/04/2012,23:30,0,0,0
18/04/2012,23:45,0,0,0
19/04/2012,00:00,0,0,0
19/04/2012,00:15,2,0,2
19/04/2012,00:30,0,0,0
19/04/2012,00:45,0,0,0
19/04/2012,01:00,0,0,0
19/04/2012,01:15,0,0,0
19/04/2012,01:30,0,0,0
19/04/2012,01:45,1,1,0
19/04/2012,02:00,0,0,0
19/04/2012,02:15,0,0,0
19/04/2012,02:30,1,1,0
19/04/2012,02:45,0,0,0
19/04/2012,03:00,1,1,0
19/04/2012,03:15,1,1,0
19/04/2012,03:30,0,0,0
19/04/2012,03:45,0,0,0
19/04/2012,04:00,0,0,0
19/04/2012,04:15,1,1,0
19/04/2012,04:30,2,1,1
19/04/2012,04:45,0,0,0
19/04/2012,05:00,2,1,1
19/04/2012,05:15,2,2,0
19/04/2012,05:30,5,3,2
19/04/2012,05:45,12,5,7
19/04/2012,06:00,12,6,6
19/04/2012,06:15,8,3,5
19/04/2012,06:30,16,7,9
19/04/2012,06:45,10,6,4
19/04/2012,07:00,30,7,23
19/04/2012,07:15,28,14,14
19/04/2012,07:30,27,11,16
19/04/2012,07:45,20,10,10
19/04/2012,08:00,24,9,15
19/04/2012,08:15,13,4,9
19/04/2012,08:30,15,6,9
19/04/2012,08:45,11,5,6
19/04/2012,09:00,18,6,12
19/04/2012,09:15,16,8,8
19/04/2012,09:30,10,7,3
19/04/2012,09:45,8,2,6
19/04/2012,10:00,16,5,11
19/04/2012,10:15,16,9,7
19/04/2012,10:30,18,14,4
19/04/2012,10:45,32,25,7
19/04/2012,11:00,59,57,2
19/04/2012,11:15,9,6,3
19/04/2012,11:30,41,37,4
19/04/2012,11:45,13,8,5
19/04/2012,12:00,33,30,3
19/04/2012,12:15,33,26,7
19/04/2012,12:30,20,12,8
19/04/2012,12:45,17,12,5
19/04/2012,13:00,17,13,4
19/04/2012,13:15,29,23,6
19/04/2012,13:30,27,19,8
19/04/2012,13:45,11,6,5
19/04/2012,14:00,15,9,6
19/04/2012,14:15,17,11,6
19/04/2012,14:30,14,7,7
19/04/2012,14:45,18,14,4
19/04/2012,15:00,21,10,11
19/04/2012,15:15,18,11,7
19/04/2012,15:30,14,7,7
19/04/2012,15:45,19,10,9
19/04/2012,16:00,20,11,9
19/04/2012,16:15,33,16,17
19/04/2012,16:30,26,10,16
19/04/2012,16:45,39,17,22
19/04/2012,17:00,39,19,20
19/04/2012,17:15,41,21,20
19/04/2012,17:30,54,19,35
19/04/2012,17:45,36,15,21
19/04/2012,18:00,55,25,30
19/04/2012,18:15,50,16,34
19/04/2012,18:30,30,11,19
19/04/2012,18:45,50,25,25
19/04/2012,19:00,50,23,27
19/04/2012,19:15,42,24,18
19/04/2012,19:30,36,19,17
19/04/2012,19:45,24,15,9
19/04/2012,20:00,14,8,6
19/04/2012,20:15,14,6,8
19/04/2012,20:30,7,5,2
19/04/2012,20:45,5,2,3
19/04/2012,21:00,2,1,1
19/04/2012,21:15,8,7,1
19/04/2012,21:30,1,0,1
19/04/2012,21:45,1,0,1
19/04/2012,22:00,4,1,3
19/04/2012,22:15,2,2,0
19/04/2012,22:30,1,0,1
19/04/2012,22:45,2,1,1
19/04/2012,23:00,3,0,3
19/04/2012,23:15,3,2,1
19/04/2012,23:30,1,1,0
19/04/2012,23:45,0,0,0
20/04/2012,00:00,0,0,0
20/04/2012,00:15,0,0,0
20/04/2012,00:30,1,0,1
20/04/2012,00:45,2,2,0
20/04/2012,01:00,0,0,0
20/04/2012,01:15,0,0,0
20/04/2012,01:30,0,0,0
20/04/2012,01:45,0,0,0
20/04/2012,02:00,0,0,0
20/04/2012,02:15,0,0,0
20/04/2012,02:30,1,1,0
20/04/2012,02:45,0,0,0
20/04/2012,03:00,0,0,0
20/04/2012,03:15,0,0,0
20/04/2012,03:30,0,0,0
20/04/2012,03:45,2,2,0
20/04/2012,04:00,2,2,0
20/04/2012,04:15,0,0,0
20/04/2012,04:30,1,1,0
20/04/2012,04:45,1,0,1
20/04/2012,05:00,3,1,2
20/04/2012,05:15,1,1,0
20/04/2012,05:30,5,1,4
20/04/2012,05:45,4,4,0
20/04/2012,06:00,17,14,3
20/04/2012,06:15,9,3,6
20/04/2012,06:30,13,2,11
20/04/2012,06:45,23,11,12
20/04/2012,07:00,24,6,18
20/04/2012,07:15,26,12,14
20/04/2012,07:30,26,8,18
20/04/2012,07:45,27,9,18
20/04/2012,08:00,24,11,13
20/04/2012,08:15,21,11,10
20/04/2012,08:30,20,5,15
20/04/2012,08:45,22,8,14
20/04/2012,09:00,18,6,12
20/04/2012,09:15,11,4,7
20/04/2012,09:30,21,10,11
20/04/2012,09:45,13,2,11
20/04/2012,10:00,23,13,10
20/04/2012,10:15,22,12,10
20/04/2012,10:30,18,10,8
20/04/2012,10:45,34,20,14
20/04/2012,11:00,23,12,11
20/04/2012,11:15,26,13,13
20/04/2012,11:30,26,9,17
20/04/2012,11:45,22,8,14
20/04/2012,12:00,34,22,12
20/04/2012,12:15,29,17,12
20/04/2012,12:30,36,23,13
20/04/2012,12:45,38,34,4
20/04/2012,13:00,24,18,6
20/04/2012,13:15,19,12,7
20/04/2012,13:30,36,27,9
20/04/2012,13:45,28,21,7
20/04/2012,14:00,21,11,10
20/04/2012,14:15,22,13,9
20/04/2012,14:30,22,15,7
20/04/2012,14:45,23,17,6
20/04/2012,15:00,15,10,5
20/04/2012,15:15,18,8,10
20/04/2012,15:30,20,12,8
20/04/2012,15:45,27,10,17
20/04/2012,16:00,30,14,16
20/04/2012,16:15,30,16,14
20/04/2012,16:30,39,13,26
20/04/2012,16:45,31,16,15
20/04/2012,17:00,44,16,28
20/04/2012,17:15,33,17,16
20/04/2012,17:30,48,17,31
20/04/2012,17:45,52,19,33
20/04/2012,18:00,35,11,24
20/04/2012,18:15,47,18,29
20/04/2012,18:30,31,15,16
20/04/2012,18:45,28,11,17
20/04/2012,19:00,23,10,13
20/04/2012,19:15,27,14,13
20/04/2012,19:30,22,13,9
20/04/2012,19:45,11,6,5
20/04/2012,20:00,13,5,8
20/04/2012,20:15,5,2,3
20/04/2012,20:30,14,9,5
20/04/2012,20:45,6,5,1
20/04/2012,21:00,6,4,2
20/04/2012,21:15,3,0,3
20/04/2012,21:30,3,1,2
20/04/2012,21:45,3,3,0
20/04/2012,22:00,1,1,0
20/04/2012,22:15,3,0,3
20/04/2012,22:30,4,3,1
20/04/2012,22:45,0,0,0
20/04/2012,23:00,1,1,0
20/04/2012,23:15,5,2,3
20/04/2012,23:30,0,0,0
20/04/2012,23:45,1,0,1
21/04/2012,00:00,0,0,0
21/04/2012,00:15,0,0,0
21/04/2012,00:30,3,3,0
21/04/2012,00:45,1,0,1
21/04/2012,01:00,0,0,0
21/04/2012,01:15,2,1,1
21/04/2012,01:30,0,0,0
21/04/2012,01:45,0,0,0
21/04/2012,02:00,1,0,1
21/04/2012,02:15,0,0,0
21/04/2012,02:30,0,0,0
21/04/2012,02:45,1,1,0
21/04/2012,03:00,1,0,1
21/04/2012,03:15,0,0,0
21/04/2012,03:30,0,0,0
21/04/2012,03:45,1,1,0
21/04/2012,04:00,0,0,0
21/04/2012,04:15,1,1,0
21/04/2012,04:30,0,0,0
21/04/2012,04:45,1,1,0
21/04/2012,05:00,1,1,0
21/04/2012,05:15,1,1,0
21/04/2012,05:30,2,1,1
21/04/2012,05:45,3,2,1
21/04/2012,06:00,2,2,0
21/04/2012,06:15,3,2,1
21/04/2012,06:30,5,1,4
21/04/2012,06:45,8,5,3
21/04/2012,07:00,16,10,6
21/04/2012,07:15,16,8,8
21/04/2012,07:30,18,11,7
21/04/2012,07:45,28,16,12
21/04/2012,08:00,29,13,16
21/04/2012,08:15,29,13,16
21/04/2012,08:30,16,11,5
21/04/2012,08:45,33,12,21
21/04/2012,09:00,35,24,11
21/04/2012,09:15,38,23,15
21/04/2012,09:30,31,14,17
21/04/2012,09:45,62,38,24
21/04/2012,10:00,34,15,19
21/04/2012,10:15,75,39,36
21/04/2012,10:30,65,32,33
21/04/2012,10:45,43,25,18
21/04/2012,11:00,54,24,30
21/04/2012,11:15,63,35,28
21/04/2012,11:30,71,38,33
21/04/2012,11:45,83,54,29
21/04/2012,12:00,73,36,37
21/04/2012,12:15,46,19,27
21/04/2012,12:30,59,34,25
21/04/2012,12:45,41,15,26
21/04/2012,13:00,71,37,34
21/04/2012,13:15,78,44,34
21/04/2012,13:30,60,25,35
21/04/2012,13:45,63,24,39
21/04/2012,14:00,54,29,25
21/04/2012,14:15,60,27,33
21/04/2012,14:30,60,27,33
21/04/2012,14:45,41,23,18
21/04/2012,15:00,47,21,26
21/04/2012,15:15,48,24,24
21/04/2012,15:30,45,18,27
21/04/2012,15:45,34,23,11
21/04/2012,16:00,41,19,22
21/04/2012,16:15,36,12,24
21/04/2012,16:30,31,10,21
21/04/2012,16:45,26,13,13
21/04/2012,17:00,17,6,11
21/04/2012,17:15,14,6,8
21/04/2012,17:30,30,16,14
21/04/2012,17:45,22,6,16
21/04/2012,18:00,12,3,9
21/04/2012,18:15,24,10,14
21/04/2012,18:30,8,3,5
21/04/2012,18:45,12,5,7
21/04/2012,19:00,9,3,6
21/04/2012,19:15,8,2,6
21/04/2012,19:30,5,2,3
21/04/2012,19:45,0,0,0
21/04/2012,20:00,3,1,2
21/04/2012,20:15,0,0,0
21/04/2012,20:30,1,0,1
21/04/2012,20:45,3,1,2
21/04/2012,21:00,2,1,1
21/04/2012,21:15,1,0,1
21/04/2012,21:30,0,0,0
21/04/2012,21:45,0,0,0
21/04/2012,22:00,1,0,1
21/04/2012,22:15,0,0,0
21/04/2012,22:30,1,1,0
21/04/2012,22:45,3,0,3
21/04/2012,23:00,2,1,1
21/04/2012,23:15,1,1,0
21/04/2012,23:30,2,1,1
21/04/2012,23:45,0,0,0
22/04/2012,00:00,0,0,0
22/04/2012,00:15,0,0,0
22/04/2012,00:30,0,0,0
22/04/2012,00:45,1,0,1
22/04/2012,01:00,1,1,0
22/04/2012,01:15,0,0,0
22/04/2012,01:30,0,0,0
22/04/2012,01:45,1,0,1
22/04/2012,02:00,2,0,2
22/04/2012,02:15,0,0,0
22/04/2012,02:30,1,1,0
22/04/2012,02:45,0,0,0
22/04/2012,03:00,0,0,0
22/04/2012,03:15,0,0,0
22/04/2012,03:30,0,0,0
22/04/2012,03:45,0,0,0
22/04/2012,04:00,1,0,1
22/04/2012,04:15,0,0,0
22/04/2012,04:30,0,0,0
22/04/2012,04:45,2,0,2
22/04/2012,05:00,0,0,0
22/04/2012,05:15,0,0,0
22/04/2012,05:30,0,0,0
22/04/2012,05:45,2,2,0
22/04/2012,06:00,0,0,0
22/04/2012,06:15,3,0,3
22/04/2012,06:30,0,0,0
22/04/2012,06:45,4,3,1
22/04/2012,07:00,2,1,1
22/04/2012,07:15,4,4,0
22/04/2012,07:30,4,3,1
22/04/2012,07:45,6,4,2
22/04/2012,08:00,4,2,2
22/04/2012,08:15,2,1,1
22/04/2012,08:30,2,2,0
22/04/2012,08:45,5,3,2
22/04/2012,09:00,0,0,0
22/04/2012,09:15,6,4,2
22/04/2012,09:30,5,2,3
22/04/2012,09:45,2,1,1
22/04/2012,10:00,5,3,2
22/04/2012,10:15,7,3,4
22/04/2012,10:30,5,3,2
22/04/2012,10:45,1,0,1
22/04/2012,11:00,10,8,2
22/04/2012,11:15,5,0,5
22/04/2012,11:30,1,0,1
22/04/2012,11:45,3,0,3
22/04/2012,12:00,7,1,6
22/04/2012,12:15,7,4,3
22/04/2012,12:30,1,0,1
22/04/2012,12:45,2,0,2
22/04/2012,13:00,6,1,5
22/04/2012,13:15,3,1,2
22/04/2012,13:30,1,0,1
22/04/2012,13:45,2,1,1
22/04/2012,14:00,1,0,1
22/04/2012,14:15,0,0,0
22/04/2012,14:30,3,1,2
22/04/2012,14:45,0,0,0
22/04/2012,15:00,3,0,3
22/04/2012,15:15,4,2,2
22/04/2012,15:30,3,1,2
22/04/2012,15:45,2,1,1
22/04/2012,16:00,2,0,2
22/04/2012,16:15,4,1,3
22/04/2012,16:30,0,0,0
22/04/2012,16:45,2,2,0
22/04/2012,17:00,2,1,1
22/04/2012,17:15,2,0,2
22/04/2012,17:30,1,0,1
22/04/2012,17:45,0,0,0
22/04/2012,18:00,1,0,1
22/04/2012,18:15,3,1,2
22/04/2012,18:30,2,2,0
22/04/2012,18:45,0,0,0
22/04/2012,19:00,1,0,1
22/04/2012,19:15,2,1,1
22/04/2012,19:30,0,0,0
22/04/2012,19:45,1,0,1
22/04/2012,20:00,1,0,1
22/04/2012,20:15,2,0,2
22/04/2012,20:30,0,0,0
22/04/2012,20:45,1,1,0
22/04/2012,21:00,0,0,0
22/04/2012,21:15,1,0,1
22/04/2012,21:30,0,0,0
22/04/2012,21:45,3,1,2
22/04/2012,22:00,0,0,0
22/04/2012,22:15,0,0,0
22/04/2012,22:30,1,0,1
22/04/2012,22:45,0,0,0
22/04/2012,23:00,0,0,0
22/04/2012,23:15,0,0,0
22/04/2012,23:30,1,1,0
22/04/2012,23:45,2,0,2
23/04/2012,00:00,0,0,0
23/04/2012,00:15,0,0,0
23/04/2012,00:30,0,0,0
23/04/2012,00:45,0,0,0
23/04/2012,01:00,0,0,0
23/04/2012,01:15,1,1,0
23/04/2012,01:30,0,0,0
23/04/2012,01:45,0,0,0
23/04/2012,02:00,0,0,0
23/04/2012,02:15,0,0,0
23/04/2012,02:30,0,0,0
23/04/2012,02:45,0,0,0
23/04/2012,03:00,0,0,0
23/04/2012,03:15,0,0,0
23/04/2012,03:30,0,0,0
23/04/2012,03:45,1,1,0
23/04/2012,04:00,0,0,0
23/04/2012,04:15,2,1,1
23/04/2012,04:30,0,0,0
23/04/2012,04:45,0,0,0
23/04/2012,05:00,3,0,3
23/04/2012,05:15,1,0,1
23/04/2012,05:30,4,1,3
23/04/2012,05:45,3,2,1
23/04/2012,06:00,2,0,2
23/04/2012,06:15,0,0,0
23/04/2012,06:30,8,3,5
23/04/2012,06:45,5,2,3
23/04/2012,07:00,8,4,4
23/04/2012,07:15,8,4,4
23/04/2012,07:30,6,2,4
23/04/2012,07:45,9,4,5
23/04/2012,08:00,14,6,8
23/04/2012,08:15,7,4,3
23/04/2012,08:30,5,2,3
23/04/2012,08:45,8,2,6
23/04/2012,09:00,5,3,2
23/04/2012,09:15,8,4,4
23/04/2012,09:30,8,4,4
23/04/2012,09:45,6,2,4
23/04/2012,10:00,5,2,3
23/04/2012,10:15,3,1,2
23/04/2012,10:30,4,1,3
23/04/2012,10:45,10,3,7
23/04/2012,11:00,5,1,4
23/04/2012,11:15,5,1,4
23/04/2012,11:30,4,4,0
23/04/2012,11:45,1,0,1
23/04/2012,12:00,3,1,2
23/04/2012,12:15,4,3,1
23/04/2012,12:30,8,5,3
23/04/2012,12:45,1,0,1
23/04/2012,13:00,3,1,2
23/04/2012,13:15,4,1,3
23/04/2012,13:30,4,4,0
23/04/2012,13:45,1,0,1
23/04/2012,14:00,6,1,5
23/04/2012,14:15,4,1,3
23/04/2012,14:30,7,4,3
23/04/2012,14:45,9,3,6
23/04/2012,15:00,5,0,5
23/04/2012,15:15,5,2,3
23/04/2012,15:30,9,5,4
23/04/2012,15:45,3,2,1
23/04/2012,16:00,14,4,10
23/04/2012,16:15,7,5,2
23/04/2012,16:30,4,3,1
23/04/2012,16:45,8,3,5
23/04/2012,17:00,6,2,4
23/04/2012,17:15,3,2,1
23/04/2012,17:30,7,2,5
23/04/2012,17:45,9,3,6
23/04/2012,18:00,9,5,4
23/04/2012,18:15,11,7,4
23/04/2012,18:30,11,5,6
23/04/2012,18:45,2,1,1
23/04/2012,19:00,6,3,3
23/04/2012,19:15,12,5,7
23/04/2012,19:30,5,3,2
23/04/2012,19:45,6,1,5
23/04/2012,20:00,5,2,3
23/04/2012,20:15,2,2,0
23/04/2012,20:30,0,0,0
23/04/2012,20:45,1,0,1
23/04/2012,21:00,0,0,0
23/04/2012,21:15,2,0,2
23/04/2012,21:30,3,2,1
23/04/2012,21:45,2,2,0
23/04/2012,22:00,3,2,1
23/04/2012,22:15,0,0,0
23/04/2012,22:30,0,0,0
23/04/2012,22:45,0,0,0
23/04/2012,23:00,1,0,1
23/04/2012,23:15,0,0,0
23/04/2012,23:30,0,0,0
23/04/2012,23:45,0,0,0
24/04/2012,00:00,0,0,0
24/04/2012,00:15,0,0,0
24/04/2012,00:30,1,1,0
24/04/2012,00:45,0,0,0
24/04/2012,01:00,0,0,0
24/04/2012,01:15,0,0,0
24/04/2012,01:30,0,0,0
24/04/2012,01:45,0,0,0
24/04/2012,02:00,0,0,0
24/04/2012,02:15,0,0,0
24/04/2012,02:30,0,0,0
24/04/2012,02:45,0,0,0
24/04/2012,03:00,0,0,0
24/04/2012,03:15,1,1,0
24/04/2012,03:30,0,0,0
24/04/2012,03:45,2,2,0
24/04/2012,04:00,1,1,0
24/04/2012,04:15,2,2,0
24/04/2012,04:30,1,0,1
24/04/2012,04:45,1,0,1
24/04/2012,05:00,3,2,1
24/04/2012,05:15,2,1,1
24/04/2012,05:30,4,1,3
24/04/2012,05:45,5,2,3
24/04/2012,06:00,6,2,4
24/04/2012,06:15,11,4,7
24/04/2012,06:30,11,4,7
24/04/2012,06:45,18,7,11
24/04/2012,07:00,15,6,9
24/04/2012,07:15,18,9,9
24/04/2012,07:30,20,7,13
24/04/2012,07:45,35,13,22
24/04/2012,08:00,13,4,9
24/04/2012,08:15,18,8,10
24/04/2012,08:30,15,2,13
24/04/2012,08:45,19,7,12
24/04/2012,09:00,13,7,6
24/04/2012,09:15,13,7,6
24/04/2012,09:30,15,12,3
24/04/2012,09:45,12,5,7
24/04/2012,10:00,15,5,10
24/04/2012,10:15,8,3,5
24/04/2012,10:30,9,5,4
24/04/2012,10:45,8,4,4
24/04/2012,11:00,7,4,3
24/04/2012,11:15,8,8,0
24/04/2012,11:30,13,7,6
24/04/2012,11:45,5,3,2
24/04/2012,12:00,7,5,2
24/04/2012,12:15,7,5,2
24/04/2012,12:30,11,4,7
24/04/2012,12:45,27,19,8
24/04/2012,13:00,12,7,5
24/04/2012,13:15,21,14,7
24/04/2012,13:30,7,4,3
24/04/2012,13:45,10,6,4
24/04/2012,14:00,22,13,9
24/04/2012,14:15,11,6,5
24/04/2012,14:30,18,8,10
24/04/2012,14:45,14,2,12
24/04/2012,15:00,12,6,6
24/04/2012,15:15,13,7,6
24/04/2012,15:30,15,7,8
24/04/2012,15:45,7,2,5
24/04/2012,16:00,18,6,12
24/04/2012,16:15,17,11,6
24/04/2012,16:30,14,7,7
24/04/2012,16:45,25,16,9
24/04/2012,17:00,30,15,15
24/04/2012,17:15,38,19,19
24/04/2012,17:30,31,15,16
24/04/2012,17:45,40,19,21
24/04/2012,18:00,34,14,20
24/04/2012,18:15,39,20,19
24/04/2012,18:30,48,27,21
24/04/2012,18:45,36,21,15
24/04/2012,19:00,29,16,13
24/04/2012,19:15,30,13,17
24/04/2012,19:30,24,12,12
24/04/2012,19:45,18,7,11
24/04/2012,20:00,9,4,5
24/04/2012,20:15,9,4,5
24/04/2012,20:30,7,4,3
24/04/2012,20:45,5,5,0
24/04/2012,21:00,3,2,1
24/04/2012,21:15,4,2,2
24/04/2012,21:30,2,1,1
24/04/2012,21:45,4,1,3
24/04/2012,22:00,2,1,1
24/04/2012,22:15,2,1,1
24/04/2012,22:30,1,0,1
24/04/2012,22:45,2,1,1
24/04/2012,23:00,0,0,0
24/04/2012,23:15,1,0,1
24/04/2012,23:30,1,1,0
24/04/2012,23:45,0,0,0
25/04/2012,00:00,0,0,0
25/04/2012,00:15,0,0,0
25/04/2012,00:30,0,0,0
25/04/2012,00:45,0,0,0
25/04/2012,01:00,1,0,1
25/04/2012,01:15,1,1,0
25/04/2012,01:30,2,0,2
25/04/2012,01:45,0,0,0
25/04/2012,02:00,0,0,0
25/04/2012,02:15,0,0,0
25/04/2012,02:30,0,0,0
25/04/2012,02:45,0,0,0
25/04/2012,03:00,0,0,0
25/04/2012,03:15,0,0,0
25/04/2012,03:30,0,0,0
25/04/2012,03:45,4,2,2
25/04/2012,04:00,3,1,2
25/04/2012,04:15,0,0,0
25/04/2012,04:30,0,0,0
25/04/2012,04:45,0,0,0
25/04/2012,05:00,1,1,0
25/04/2012,05:15,0,0,0
25/04/2012,05:30,5,2,3
25/04/2012,05:45,8,6,2
25/04/2012,06:00,10,6,4
25/04/2012,06:15,10,4,6
25/04/2012,06:30,20,5,15
25/04/2012,06:45,11,5,6
25/04/2012,07:00,31,10,21
25/04/2012,07:15,16,9,7
25/04/2012,07:30,31,11,20
25/04/2012,07:45,16,6,10
25/04/2012,08:00,24,6,18
25/04/2012,08:15,28,9,19
25/04/2012,08:30,22,6,16
25/04/2012,08:45,41,20,21
25/04/2012,09:00,10,2,8
25/04/2012,09:15,13,7,6
25/04/2012,09:30,11,4,7
25/04/2012,09:45,21,9,12
25/04/2012,10:00,7,4,3
25/04/2012,10:15,20,9,11
25/04/2012,10:30,10,5,5
25/04/2012,10:45,11,6,5
25/04/2012,11:00,13,8,5
25/04/2012,11:15,21,11,10
25/04/2012,11:30,17,6,11
25/04/2012,11:45,21,12,9
25/04/2012,12:00,30,22,8
25/04/2012,12:15,25,17,8
25/04/2012,12:30,29,19,10
25/04/2012,12:45,25,14,11
25/04/2012,13:00,24,16,8
25/04/2012,13:15,17,8,9
25/04/2012,13:30,14,7,7
25/04/2012,13:45,24,15,9
25/04/2012,14:00,10,3,7
25/04/2012,14:15,16,9,7
25/04/2012,14:30,12,6,6
25/04/2012,14:45,11,4,7
25/04/2012,15:00,12,3,9
25/04/2012,15:15,15,6,9
25/04/2012,15:30,13,7,6
25/04/2012,15:45,21,11,10
25/04/2012,16:00,16,9,7
25/04/2012,16:15,25,10,15
25/04/2012,16:30,37,16,21
25/04/2012,16:45,40,24,16
25/04/2012,17:00,35,22,13
25/04/2012,17:15,38,17,21
25/04/2012,17:30,33,16,17
25/04/2012,17:45,44,20,24
25/04/2012,18:00,50,26,24
25/04/2012,18:15,50,18,32
25/04/2012,18:30,57,31,26
25/04/2012,18:45,50,24,26
25/04/2012,19:00,40,17,23
25/04/2012,19:15,32,9,23
25/04/2012,19:30,30,14,16
25/04/2012,19:45,20,14,6
25/04/2012,20:00,22,11,11
25/04/2012,20:15,5,3,2
25/04/2012,20:30,10,8,2
25/04/2012,20:45,2,1,1
25/04/2012,21:00,1,0,1
25/04/2012,21:15,4,2,2
25/04/2012,21:30,7,4,3
25/04/2012,21:45,1,0,1
25/04/2012,22:00,1,0,1
25/04/2012,22:15,3,1,2
25/04/2012,22:30,1,0,1
25/04/2012,22:45,2,0,2
25/04/2012,23:00,0,0,0
25/04/2012,23:15,0,0,0
25/04/2012,23:30,1,0,1
25/04/2012,23:45,2,2,0
26/04/2012,00:00,1,1,0
26/04/2012,00:15,2,2,0
26/04/2012,00:30,0,0,0
26/04/2012,00:45,0,0,0
26/04/2012,01:00,0,0,0
26/04/2012,01:15,1,1,0
26/04/2012,01:30,1,0,1
26/04/2012,01:45,1,0,1
26/04/2012,02:00,0,0,0
26/04/2012,02:15,0,0,0
26/04/2012,02:30,0,0,0
26/04/2012,02:45,0,0,0
26/04/2012,03:00,1,1,0
26/04/2012,03:15,0,0,0
26/04/2012,03:30,1,1,0
26/04/2012,03:45,1,0,1
26/04/2012,04:00,1,1,0
26/04/2012,04:15,1,1,0
26/04/2012,04:30,0,0,0
26/04/2012,04:45,1,0,1
26/04/2012,05:00,0,0,0
26/04/2012,05:15,2,1,1
26/04/2012,05:30,8,5,3
26/04/2012,05:45,4,2,2
26/04/2012,06:00,8,5,3
26/04/2012,06:15,8,4,4
26/04/2012,06:30,9,1,8
26/04/2012,06:45,13,8,5
26/04/2012,07:00,18,5,13
26/04/2012,07:15,14,6,8
26/04/2012,07:30,20,6,14
26/04/2012,07:45,14,6,8
26/04/2012,08:00,17,6,11
26/04/2012,08:15,10,3,7
26/04/2012,08:30,7,2,5
26/04/2012,08:45,8,3,5
26/04/2012,09:00,10,5,5
26/04/2012,09:15,3,1,2
26/04/2012,09:30,10,6,4
26/04/2012,09:45,5,2,3
26/04/2012,10:00,3,3,0
26/04/2012,10:15,22,10,12
26/04/2012,10:30,16,9,7
26/04/2012,10:45,14,5,9
26/04/2012,11:00,8,6,2
26/04/2012,11:15,4,2,2
26/04/2012,11:30,1,0,1
26/04/2012,11:45,7,2,5
26/04/2012,12:00,5,2,3
26/04/2012,12:15,5,1,4
26/04/2012,12:30,2,2,0
26/04/2012,12:45,3,1,2
26/04/2012,13:00,7,2,5
26/04/2012,13:15,5,0,5
26/04/2012,13:30,7,3,4
26/04/2012,13:45,6,1,5
26/04/2012,14:00,8,2,6
26/04/2012,14:15,3,1,2
26/04/2012,14:30,13,3,10
26/04/2012,14:45,7,5,2
26/04/2012,15:00,5,2,3
26/04/2012,15:15,13,6,7
26/04/2012,15:30,9,2,7
26/04/2012,15:45,9,5,4
26/04/2012,16:00,12,3,9
26/04/2012,16:15,8,5,3
26/04/2012,16:30,18,11,7
26/04/2012,16:45,18,9,9
26/04/2012,17:00,23,12,11
26/04/2012,17:15,19,9,10
26/04/2012,17:30,17,6,11
26/04/2012,17:45,26,12,14
26/04/2012,18:00,25,10,15
26/04/2012,18:15,35,16,19
26/04/2012,18:30,33,16,17
26/04/2012,18:45,30,13,17
26/04/2012,19:00,17,7,10
26/04/2012,19:15,23,8,15
26/04/2012,19:30,13,5,8
26/04/2012,19:45,18,13,5
26/04/2012,20:00,10,1,9
26/04/2012,20:15,6,1,5
26/04/2012,20:30,7,3,4
26/04/2012,20:45,2,0,2
26/04/2012,21:00,8,4,4
26/04/2012,21:15,2,2,0
26/04/2012,21:30,1,1,0
26/04/2012,21:45,3,1,2
26/04/2012,22:00,3,1,2
26/04/2012,22:15,11,7,4
26/04/2012,22:30,2,1,1
26/04/2012,22:45,2,1,1
26/04/2012,23:00,2,2,0
26/04/2012,23:15,2,0,2
26/04/2012,23:30,0,0,0
26/04/2012,23:45,0,0,0
27/04/2012,00:00,0,0,0
27/04/2012,00:15,1,0,1
27/04/2012,00:30,1,1,0
27/04/2012,00:45,1,0,1
27/04/2012,01:00,0,0,0
27/04/2012,01:15,0,0,0
27/04/2012,01:30,2,1,1
27/04/2012,01:45,0,0,0
27/04/2012,02:00,0,0,0
27/04/2012,02:15,0,0,0
27/04/2012,02:30,0,0,0
27/04/2012,02:45,0,0,0
27/04/2012,03:00,0,0,0
27/04/2012,03:15,0,0,0
27/04/2012,03:30,0,0,0
27/04/2012,03:45,2,1,1
27/04/2012,04:00,0,0,0
27/04/2012,04:15,0,0,0
27/04/2012,04:30,1,0,1
27/04/2012,04:45,1,0,1
27/04/2012,05:00,0,0,0
27/04/2012,05:15,1,1,0
27/04/2012,05:30,5,1,4
27/04/2012,05:45,6,4,2
27/04/2012,06:00,15,9,6
27/04/2012,06:15,19,11,8
27/04/2012,06:30,15,4,11
27/04/2012,06:45,20,10,10
27/04/2012,07:00,20,8,12
27/04/2012,07:15,16,4,12
27/04/2012,07:30,19,8,11
27/04/2012,07:45,26,8,18
27/04/2012,08:00,32,10,22
27/04/2012,08:15,25,5,20
27/04/2012,08:30,14,7,7
27/04/2012,08:45,25,8,17
27/04/2012,09:00,15,4,11
27/04/2012,09:15,17,12,5
27/04/2012,09:30,10,4,6
27/04/2012,09:45,12,5,7
27/04/2012,10:00,7,1,6
27/04/2012,10:15,15,2,13
27/04/2012,10:30,10,5,5
27/04/2012,10:45,8,4,4
27/04/2012,11:00,10,0,10
27/04/2012,11:15,12,4,8
27/04/2012,11:30,11,2,9
27/04/2012,11:45,10,9,1
27/04/2012,12:00,10,3,7
27/04/2012,12:15,10,2,8
27/04/2012,12:30,12,6,6
27/04/2012,12:45,10,9,1
27/04/2012,13:00,23,13,10
27/04/2012,13:15,14,7,7
27/04/2012,13:30,10,6,4
27/04/2012,13:45,9,4,5
27/04/2012,14:00,6,3,3
27/04/2012,14:15,7,4,3
27/04/2012,14:30,14,10,4
27/04/2012,14:45,10,3,7
27/04/2012,15:00,19,6,13
27/04/2012,15:15,22,9,13
27/04/2012,15:30,21,7,14
27/04/2012,15:45,24,14,10
27/04/2012,16:00,26,16,10
27/04/2012,16:15,24,12,12
27/04/2012,16:30,19,7,12
27/04/2012,16:45,42,22,20
27/04/2012,17:00,45,23,22
27/04/2012,17:15,32,16,16
27/04/2012,17:30,40,20,20
27/04/2012,17:45,33,16,17
27/04/2012,18:00,43,22,21
27/04/2012,18:15,33,15,18
27/04/2012,18:30,51,30,21
27/04/2012,18:45,25,18,7
27/04/2012,19:00,30,15,15
27/04/2012,19:15,26,9,17
27/04/2012,19:30,27,7,20
27/04/2012,19:45,11,8,3
27/04/2012,20:00,11,9,2
27/04/2012,20:15,11,8,3
27/04/2012,20:30,11,4,7
27/04/2012,20:45,3,2,1
27/04/2012,21:00,6,4,2
27/04/2012,21:15,3,2,1
27/04/2012,21:30,1,0,1
27/04/2012,21:45,2,2,0
27/04/2012,22:00,5,0,5
27/04/2012,22:15,1,1,0
27/04/2012,22:30,2,0,2
27/04/2012,22:45,1,1,0
27/04/2012,23:00,6,5,1
27/04/2012,23:15,0,0,0
27/04/2012,23:30,0,0,0
27/04/2012,23:45,1,0,1
28/04/2012,00:00,0,0,0
28/04/2012,00:15,1,0,1
28/04/2012,00:30,2,2,0
28/04/2012,00:45,0,0,0
28/04/2012,01:00,0,0,0
28/04/2012,01:15,1,0,1
28/04/2012,01:30,1,0,1
28/04/2012,01:45,1,0,1
28/04/2012,02:00,0,0,0
28/04/2012,02:15,0,0,0
28/04/2012,02:30,0,0,0
28/04/2012,02:45,0,0,0
28/04/2012,03:00,0,0,0
28/04/2012,03:15,0,0,0
28/04/2012,03:30,1,1,0
28/04/2012,03:45,1,1,0
28/04/2012,04:00,0,0,0
28/04/2012,04:15,0,0,0
28/04/2012,04:30,0,0,0
28/04/2012,04:45,0,0,0
28/04/2012,05:00,1,1,0
28/04/2012,05:15,1,0,1
28/04/2012,05:30,4,4,0
28/04/2012,05:45,2,1,1
28/04/2012,06:00,1,1,0
28/04/2012,06:15,4,3,1
28/04/2012,06:30,8,5,3
28/04/2012,06:45,8,4,4
28/04/2012,07:00,6,4,2
28/04/2012,07:15,10,7,3
28/04/2012,07:30,7,7,0
28/04/2012,07:45,8,8,0
28/04/2012,08:00,10,8,2
28/04/2012,08:15,19,7,12
28/04/2012,08:30,18,10,8
28/04/2012,08:45,12,8,4
28/04/2012,09:00,15,4,11
28/04/2012,09:15,17,9,8
28/04/2012,09:30,29,16,13
28/04/2012,09:45,22,7,15
28/04/2012,10:00,31,16,15
28/04/2012,10:15,13,6,7
28/04/2012,10:30,27,15,12
28/04/2012,10:45,29,11,18
28/04/2012,11:00,20,8,12
28/04/2012,11:15,14,8,6
28/04/2012,11:30,25,11,14
28/04/2012,11:45,27,11,16
28/04/2012,12:00,29,13,16
28/04/2012,12:15,24,13,11
28/04/2012,12:30,25,12,13
28/04/2012,12:45,20,10,10
28/04/2012,13:00,23,11,12
28/04/2012,13:15,11,6,5
28/04/2012,13:30,22,6,16
28/04/2012,13:45,18,9,9
28/04/2012,14:00,12,6,6
28/04/2012,14:15,6,4,2
28/04/2012,14:30,14,4,10
28/04/2012,14:45,29,16,13
28/04/2012,15:00,21,9,12
28/04/2012,15:15,21,11,10
28/04/2012,15:30,18,10,8
28/04/2012,15:45,20,9,11
28/04/2012,16:00,35,17,18
28/04/2012,16:15,16,6,10
28/04/2012,16:30,18,6,12
28/04/2012,16:45,20,7,13
28/04/2012,17:00,12,8,4
28/04/2012,17:15,14,5,9
28/04/2012,17:30,10,4,6
28/04/2012,17:45,8,2,6
28/04/2012,18:00,6,5,1
28/04/2012,18:15,2,1,1
28/04/2012,18:30,6,2,4
28/04/2012,18:45,2,0,2
28/04/2012,19:00,3,2,1
28/04/2012,19:15,3,2,1
28/04/2012,19:30,4,3,1
28/04/2012,19:45,8,1,7
28/04/2012,20:00,2,2,0
28/04/2012,20:15,3,3,0
28/04/2012,20:30,1,0,1
28/04/2012,20:45,3,1,2
28/04/2012,21:00,0,0,0
28/04/2012,21:15,1,0,1
28/04/2012,21:30,3,2,1
28/04/2012,21:45,1,0,1
28/04/2012,22:00,0,0,0
28/04/2012,22:15,1,0,1
28/04/2012,22:30,1,1,0
28/04/2012,22:45,2,1,1
28/04/2012,23:00,2,1,1
28/04/2012,23:15,1,0,1
28/04/2012,23:30,0,0,0
28/04/2012,23:45,0,0,0
29/04/2012,00:00,0,0,0
29/04/2012,00:15,0,0,0
29/04/2012,00:30,1,1,0
29/04/2012,00:45,2,0,2
29/04/2012,01:00,0,0,0
29/04/2012,01:15,0,0,0
29/04/2012,01:30,0,0,0
29/04/2012,01:45,0,0,0
29/04/2012,02:00,1,1,0
29/04/2012,02:15,0,0,0
29/04/2012,02:30,0,0,0
29/04/2012,02:45,0,0,0
29/04/2012,03:00,0,0,0
29/04/2012,03:15,1,0,1
29/04/2012,03:30,0,0,0
29/04/2012,03:45,2,1,1
29/04/2012,04:00,0,0,0
29/04/2012,04:15,0,0,0
29/04/2012,04:30,1,1,0
29/04/2012,04:45,2,1,1
29/04/2012,05:00,0,0,0
29/04/2012,05:15,0,0,0
29/04/2012,05:30,2,1,1
29/04/2012,05:45,0,0,0
29/04/2012,06:00,1,1,0
29/04/2012,06:15,0,0,0
29/04/2012,06:30,3,3,0
29/04/2012,06:45,6,5,1
29/04/2012,07:00,2,2,0
29/04/2012,07:15,2,2,0
29/04/2012,07:30,10,7,3
29/04/2012,07:45,9,4,5
29/04/2012,08:00,10,5,5
29/04/2012,08:15,7,5,2
29/04/2012,08:30,14,7,7
29/04/2012,08:45,9,7,2
29/04/2012,09:00,15,11,4
29/04/2012,09:15,25,12,13
29/04/2012,09:30,33,25,8
29/04/2012,09:45,30,24,6
29/04/2012,10:00,51,32,19
29/04/2012,10:15,25,13,12
29/04/2012,10:30,31,18,13
29/04/2012,10:45,33,23,10
29/04/2012,11:00,46,26,20
29/04/2012,11:15,50,26,24
29/04/2012,11:30,32,18,14
29/04/2012,11:45,59,35,24
29/04/2012,12:00,36,17,19
29/04/2012,12:15,42,23,19
29/04/2012,12:30,53,30,23
29/04/2012,12:45,43,20,23
29/04/2012,13:00,34,20,14
29/04/2012,13:15,69,36,33
29/04/2012,13:30,61,32,29
29/04/2012,13:45,65,30,35
29/04/2012,14:00,59,25,34
29/04/2012,14:15,53,29,24
29/04/2012,14:30,63,22,41
29/04/2012,14:45,61,30,31
29/04/2012,15:00,71,21,50
29/04/2012,15:15,58,32,26
29/04/2012,15:30,55,30,25
29/04/2012,15:45,55,29,26
29/04/2012,16:00,60,28,32
29/04/2012,16:15,82,42,40
29/04/2012,16:30,59,21,38
29/04/2012,16:45,80,39,41
29/04/2012,17:00,50,27,23
29/04/2012,17:15,57,23,34
29/04/2012,17:30,45,20,25
29/04/2012,17:45,55,27,28
29/04/2012,18:00,27,7,20
29/04/2012,18:15,47,22,25
29/04/2012,18:30,22,11,11
29/04/2012,18:45,16,8,8
29/04/2012,19:00,26,9,17
29/04/2012,19:15,18,9,9
29/04/2012,19:30,21,11,10
29/04/2012,19:45,18,8,10
29/04/2012,20:00,10,5,5
29/04/2012,20:15,11,7,4
29/04/2012,20:30,5,3,2
29/04/2012,20:45,3,1,2
29/04/2012,21:00,2,1,1
29/04/2012,21:15,4,2,2
29/04/2012,21:30,0,0,0
29/04/2012,21:45,6,3,3
29/04/2012,22:00,5,4,1
29/04/2012,22:15,1,1,0
29/04/2012,22:30,3,0,3
29/04/2012,22:45,1,1,0
29/04/2012,23:00,1,0,1
29/04/2012,23:15,1,0,1
29/04/2012,23:30,0,0,0
29/04/2012,23:45,1,1,0
30/04/2012,00:00,1,1,0
30/04/2012,00:15,0,0,0
30/04/2012,00:30,0,0,0
30/04/2012,00:45,0,0,0
30/04/2012,01:00,0,0,0
30/04/2012,01:15,0,0,0
30/04/2012,01:30,0,0,0
30/04/2012,01:45,0,0,0
30/04/2012,02:00,1,0,1
30/04/2012,02:15,0,0,0
30/04/2012,02:30,0,0,0
30/04/2012,02:45,0,0,0
30/04/2012,03:00,0,0,0
30/04/2012,03:15,0,0,0
30/04/2012,03:30,1,1,0
30/04/2012,03:45,4,2,2
30/04/2012,04:00,142,20,122
30/04/2012,04:15,37,7,30
30/04/2012,04:30,0,0,0
30/04/2012,04:45,1,0,1
30/04/2012,05:00,2,1,1
30/04/2012,05:15,1,0,1
30/04/2012,05:30,9,5,4
30/04/2012,05:45,7,4,3
30/04/2012,06:00,6,4,2
30/04/2012,06:15,8,6,2
30/04/2012,06:30,20,9,11
30/04/2012,06:45,19,5,14
30/04/2012,07:00,21,9,12
30/04/2012,07:15,25,13,12
30/04/2012,07:30,35,12,23
30/04/2012,07:45,24,9,15
30/04/2012,08:00,18,4,14
30/04/2012,08:15,24,7,17
30/04/2012,08:30,15,4,11
30/04/2012,08:45,11,2,9
30/04/2012,09:00,17,8,9
30/04/2012,09:15,10,2,8
30/04/2012,09:30,7,3,4
30/04/2012,09:45,7,3,4
30/04/2012,10:00,3,2,1
30/04/2012,10:15,6,6,0
30/04/2012,10:30,7,2,5
30/04/2012,10:45,6,3,3
30/04/2012,11:00,13,7,6
30/04/2012,11:15,11,3,8
30/04/2012,11:30,8,2,6
30/04/2012,11:45,9,3,6
30/04/2012,12:00,6,5,1
30/04/2012,12:15,2,1,1
30/04/2012,12:30,8,4,4
30/04/2012,12:45,8,3,5
30/04/2012,13:00,5,1,4
30/04/2012,13:15,11,7,4
30/04/2012,13:30,6,4,2
30/04/2012,13:45,8,4,4
30/04/2012,14:00,6,5,1
30/04/2012,14:15,13,6,7
30/04/2012,14:30,12,8,4
30/04/2012,14:45,9,3,6
30/04/2012,15:00,8,3,5
30/04/2012,15:15,17,10,7
30/04/2012,15:30,9,3,6
30/04/2012,15:45,10,2,8
30/04/2012,16:00,17,9,8
30/04/2012,16:15,22,8,14
30/04/2012,16:30,29,14,15
30/04/2012,16:45,27,13,14
30/04/2012,17:00,36,18,18
30/04/2012,17:15,28,15,13
30/04/2012,17:30,29,13,16
30/04/2012,17:45,28,14,14
30/04/2012,18:00,42,21,21
30/04/2012,18:15,46,21,25
30/04/2012,18:30,41,24,17
30/04/2012,18:45,32,17,15
30/04/2012,19:00,27,11,16
30/04/2012,19:15,28,17,11
30/04/2012,19:30,16,8,8
30/04/2012,19:45,16,10,6
30/04/2012,20:00,8,6,2
30/04/2012,20:15,10,6,4
30/04/2012,20:30,4,3,1
30/04/2012,20:45,3,2,1
30/04/2012,21:00,2,2,0
30/04/2012,21:15,2,1,1
30/04/2012,21:30,2,0,2
30/04/2012,21:45,1,0,1
30/04/2012,22:00,0,0,0
30/04/2012,22:15,3,2,1
30/04/2012,22:30,2,0,2
30/04/2012,22:45,0,0,0
30/04/2012,23:00,2,0,2
30/04/2012,23:15,1,0,1
30/04/2012,23:30,1,0,1
30/04/2012,23:45,0,0,0
01/05/2012,00:00,1,1,0
01/05/2012,00:15,0,0,0
01/05/2012,00:30,0,0,0
01/05/2012,00:45,3,3,0
01/05/2012,01:00,0,0,0
01/05/2012,01:15,0,0,0
01/05/2012,01:30,0,0,0
01/05/2012,01:45,0,0,0
01/05/2012,02:00,0,0,0
01/05/2012,02:15,1,1,0
01/05/2012,02:30,2,1,1
01/05/2012,02:45,0,0,0
01/05/2012,03:00,0,0,0
01/05/2012,03:15,0,0,0
01/05/2012,03:30,0,0,0
01/05/2012,03:45,2,1,1
01/05/2012,04:00,1,1,0
01/05/2012,04:15,2,2,0
01/05/2012,04:30,0,0,0
01/05/2012,04:45,2,0,2
01/05/2012,05:00,1,1,0
01/05/2012,05:15,4,4,0
01/05/2012,05:30,4,2,2
01/05/2012,05:45,7,3,4
01/05/2012,06:00,8,6,2
01/05/2012,06:15,7,3,4
01/05/2012,06:30,11,5,6
01/05/2012,06:45,5,0,5
01/05/2012,07:00,7,4,3
01/05/2012,07:15,6,3,3
01/05/2012,07:30,11,3,8
01/05/2012,07:45,13,2,11
01/05/2012,08:00,17,6,11
01/05/2012,08:15,22,8,14
01/05/2012,08:30,14,6,8
01/05/2012,08:45,10,2,8
01/05/2012,09:00,12,6,6
01/05/2012,09:15,13,6,7
01/05/2012,09:30,11,4,7
01/05/2012,09:45,6,1,5
01/05/2012,10:00,18,13,5
01/05/2012,10:15,8,3,5
01/05/2012,10:30,6,1,5
01/05/2012,10:45,5,1,4
01/05/2012,11:00,12,2,10
01/05/2012,11:15,8,4,4
01/05/2012,11:30,10,2,8
01/05/2012,11:45,9,3,6
01/05/2012,12:00,6,3,3
01/05/2012,12:15,14,7,7
01/05/2012,12:30,9,4,5
01/05/2012,12:45,15,7,8
01/05/2012,13:00,2,0,2
01/05/2012,13:15,10,7,3
01/05/2012,13:30,18,6,12
01/05/2012,13:45,44,24,20
01/05/2012,14:00,24,8,16
01/05/2012,14:15,8,6,2
01/05/2012,14:30,7,2,5
01/05/2012,14:45,12,4,8
01/05/2012,15:00,9,4,5
01/05/2012,15:15,8,7,1
01/05/2012,15:30,9,2,7
01/05/2012,15:45,19,9,10
01/05/2012,16:00,17,8,9
01/05/2012,16:15,21,10,11
01/05/2012,16:30,16,6,10
01/05/2012,16:45,39,17,22
01/05/2012,17:00,22,8,14
01/05/2012,17:15,29,12,17
01/05/2012,17:30,40,20,20
01/05/2012,17:45,42,22,20
01/05/2012,18:00,43,16,27
01/05/2012,18:15,45,21,24
01/05/2012,18:30,65,34,31
01/05/2012,18:45,41,21,20
01/05/2012,19:00,42,31,11
01/05/2012,19:15,36,17,19
01/05/2012,19:30,27,15,12
01/05/2012,19:45,30,15,15
01/05/2012,20:00,24,13,11
01/05/2012,20:15,13,5,8
01/05/2012,20:30,12,6,6
01/05/2012,20:45,8,6,2
01/05/2012,21:00,9,5,4
01/05/2012,21:15,4,1,3
01/05/2012,21:30,3,2,1
01/05/2012,21:45,4,0,4
01/05/2012,22:00,3,1,2
01/05/2012,22:15,1,1,0
01/05/2012,22:30,3,1,2
01/05/2012,22:45,3,0,3
01/05/2012,23:00,0,0,0
01/05/2012,23:15,0,0,0
01/05/2012,23:30,1,0,1
01/05/2012,23:45,2,2,0
02/05/2012,00:00,1,1,0
02/05/2012,00:15,1,1,0
02/05/2012,00:30,4,1,3
02/05/2012,00:45,0,0,0
02/05/2012,01:00,0,0,0
02/05/2012,01:15,0,0,0
02/05/2012,01:30,0,0,0
02/05/2012,01:45,0,0,0
02/05/2012,02:00,1,0,1
02/05/2012,02:15,0,0,0
02/05/2012,02:30,0,0,0
02/05/2012,02:45,4,3,1
02/05/2012,03:00,0,0,0
02/05/2012,03:15,0,0,0
02/05/2012,03:30,0,0,0
02/05/2012,03:45,1,1,0
02/05/2012,04:00,0,0,0
02/05/2012,04:15,2,1,1
02/05/2012,04:30,0,0,0
02/05/2012,04:45,5,4,1
02/05/2012,05:00,1,0,1
02/05/2012,05:15,2,1,1
02/05/2012,05:30,7,3,4
02/05/2012,05:45,9,4,5
02/05/2012,06:00,7,6,1
02/05/2012,06:15,10,4,6
02/05/2012,06:30,12,5,7
02/05/2012,06:45,34,22,12
02/05/2012,07:00,48,21,27
02/05/2012,07:15,28,13,15
02/05/2012,07:30,21,6,15
02/05/2012,07:45,26,13,13
02/05/2012,08:00,20,7,13
02/05/2012,08:15,21,3,18
02/05/2012,08:30,16,7,9
02/05/2012,08:45,15,4,11
02/05/2012,09:00,17,5,12
02/05/2012,09:15,12,8,4
02/05/2012,09:30,11,4,7
02/05/2012,09:45,14,6,8
02/05/2012,10:00,12,9,3
02/05/2012,10:15,15,8,7
02/05/2012,10:30,7,2,5
02/05/2012,10:45,10,2,8
02/05/2012,11:00,7,3,4
02/05/2012,11:15,7,6,1
02/05/2012,11:30,6,4,2
02/05/2012,11:45,4,3,1
02/05/2012,12:00,12,8,4
02/05/2012,12:15,9,5,4
02/05/2012,12:30,18,10,8
02/05/2012,12:45,12,6,6
02/05/2012,13:00,16,10,6
02/05/2012,13:15,10,3,7
02/05/2012,13:30,10,4,6
02/05/2012,13:45,8,5,3
02/05/2012,14:00,9,4,5
02/05/2012,14:15,15,4,11
02/05/2012,14:30,7,4,3
02/05/2012,14:45,15,6,9
02/05/2012,15:00,6,0,6
02/05/2012,15:15,5,1,4
02/05/2012,15:30,12,8,4
02/05/2012,15:45,13,6,7
02/05/2012,16:00,16,2,14
02/05/2012,16:15,17,8,9
02/05/2012,16:30,19,11,8
02/05/2012,16:45,41,22,19
02/05/2012,17:00,28,14,14
02/05/2012,17:15,19,10,9
02/05/2012,17:30,22,13,9
02/05/2012,17:45,27,16,11
02/05/2012,18:00,25,13,12
02/05/2012,18:15,42,24,18
02/05/2012,18:30,41,23,18
02/05/2012,18:45,38,21,17
02/05/2012,19:00,27,14,13
02/05/2012,19:15,21,14,7
02/05/2012,19:30,21,12,9
02/05/2012,19:45,22,15,7
02/05/2012,20:00,10,7,3
02/05/2012,20:15,8,1,7
02/05/2012,20:30,3,2,1
02/05/2012,20:45,4,2,2
02/05/2012,21:00,4,1,3
02/05/2012,21:15,1,0,1
02/05/2012,21:30,3,2,1
02/05/2012,21:45,4,1,3
02/05/2012,22:00,5,2,3
02/05/2012,22:15,5,0,5
02/05/2012,22:30,3,1,2
02/05/2012,22:45,3,2,1
02/05/2012,23:00,1,0,1
02/05/2012,23:15,0,0,0
02/05/2012,23:30,1,0,1
02/05/2012,23:45,0,0,0
03/05/2012,00:00,1,1,0
03/05/2012,00:15,1,1,0
03/05/2012,00:30,0,0,0
03/05/2012,00:45,2,0,2
03/05/2012,01:00,1,1,0
03/05/2012,01:15,2,2,0
03/05/2012,01:30,0,0,0
03/05/2012,01:45,0,0,0
03/05/2012,02:00,1,0,1
03/05/2012,02:15,1,1,0
03/05/2012,02:30,0,0,0
03/05/2012,02:45,1,1,0
03/05/2012,03:00,0,0,0
03/05/2012,03:15,0,0,0
03/05/2012,03:30,0,0,0
03/05/2012,03:45,0,0,0
03/05/2012,04:00,2,1,1
03/05/2012,04:15,0,0,0
03/05/2012,04:30,2,1,1
03/05/2012,04:45,2,1,1
03/05/2012,05:00,1,0,1
03/05/2012,05:15,3,3,0
03/05/2012,05:30,4,2,2
03/05/2012,05:45,7,1,6
03/05/2012,06:00,9,5,4
03/05/2012,06:15,16,10,6
03/05/2012,06:30,26,11,15
03/05/2012,06:45,37,11,26
03/05/2012,07:00,20,5,15
03/05/2012,07:15,22,7,15
03/05/2012,07:30,24,7,17
03/05/2012,07:45,18,5,13
03/05/2012,08:00,20,6,14
03/05/2012,08:15,21,6,15
03/05/2012,08:30,21,8,13
03/05/2012,08:45,19,6,13
03/05/2012,09:00,13,5,8
03/05/2012,09:15,11,4,7
03/05/2012,09:30,14,4,10
03/05/2012,09:45,7,3,4
03/05/2012,10:00,8,1,7
03/05/2012,10:15,6,2,4
03/05/2012,10:30,9,3,6
03/05/2012,10:45,9,4,5
03/05/2012,11:00,6,3,3
03/05/2012,11:15,16,5,11
03/05/2012,11:30,5,3,2
03/05/2012,11:45,13,4,9
03/05/2012,12:00,11,6,5
03/05/2012,12:15,15,4,11
03/05/2012,12:30,16,9,7
03/05/2012,12:45,16,7,9
03/05/2012,13:00,31,21,10
03/05/2012,13:15,30,25,5
03/05/2012,13:30,32,25,7
03/05/2012,13:45,24,16,8
03/05/2012,14:00,31,15,16
03/05/2012,14:15,25,13,12
03/05/2012,14:30,17,9,8
03/05/2012,14:45,10,7,3
03/05/2012,15:00,10,6,4
03/05/2012,15:15,11,5,6
03/05/2012,15:30,14,7,7
03/05/2012,15:45,19,4,15
03/05/2012,16:00,32,16,16
03/05/2012,16:15,38,18,20
03/05/2012,16:30,34,16,18
03/05/2012,16:45,36,12,24
03/05/2012,17:00,38,16,22
03/05/2012,17:15,50,19,31
03/05/2012,17:30,47,27,20
03/05/2012,17:45,56,18,38
03/05/2012,18:00,51,18,33
03/05/2012,18:15,60,22,38
03/05/2012,18:30,57,29,28
03/05/2012,18:45,46,26,20
03/05/2012,19:00,53,31,22
03/05/2012,19:15,52,28,24
03/05/2012,19:30,40,17,23
03/05/2012,19:45,31,21,10
03/05/2012,20:00,24,8,16
03/05/2012,20:15,18,10,8
03/05/2012,20:30,20,8,12
03/05/2012,20:45,6,5,1
03/05/2012,21:00,6,3,3
03/05/2012,21:15,9,3,6
03/05/2012,21:30,12,6,6
03/05/2012,21:45,4,2,2
03/05/2012,22:00,3,2,1
03/05/2012,22:15,5,3,2
03/05/2012,22:30,2,2,0
03/05/2012,22:45,1,1,0
03/05/2012,23:00,0,0,0
03/05/2012,23:15,1,0,1
03/05/2012,23:30,5,3,2
03/05/2012,23:45,4,1,3
04/05/2012,00:00,0,0,0
04/05/2012,00:15,0,0,0
04/05/2012,00:30,2,0,2
04/05/2012,00:45,0,0,0
04/05/2012,01:00,2,2,0
04/05/2012,01:15,0,0,0
04/05/2012,01:30,0,0,0
04/05/2012,01:45,2,2,0
04/05/2012,02:00,0,0,0
04/05/2012,02:15,0,0,0
04/05/2012,02:30,0,0,0
04/05/2012,02:45,0,0,0
04/05/2012,03:00,0,0,0
04/05/2012,03:15,0,0,0
04/05/2012,03:30,0,0,0
04/05/2012,03:45,2,1,1
04/05/2012,04:00,1,1,0
04/05/2012,04:15,1,1,0
04/05/2012,04:30,0,0,0
04/05/2012,04:45,2,0,2
04/05/2012,05:00,1,0,1
04/05/2012,05:15,3,0,3
04/05/2012,05:30,11,3,8
04/05/2012,05:45,7,2,5
04/05/2012,06:00,13,7,6
04/05/2012,06:15,8,5,3
04/05/2012,06:30,14,4,10
04/05/2012,06:45,21,7,14
04/05/2012,07:00,14,5,9
04/05/2012,07:15,29,4,25
04/05/2012,07:30,23,8,15
04/05/2012,07:45,19,6,13
04/05/2012,08:00,21,12,9
04/05/2012,08:15,28,12,16
04/05/2012,08:30,24,7,17
04/05/2012,08:45,21,7,14
04/05/2012,09:00,16,6,10
04/05/2012,09:15,15,7,8
04/05/2012,09:30,10,6,4
04/05/2012,09:45,19,14,5
04/05/2012,10:00,14,8,6
04/05/2012,10:15,21,12,9
04/05/2012,10:30,11,5,6
04/05/2012,10:45,40,25,15
04/05/2012,11:00,19,10,9
04/05/2012,11:15,16,14,2
04/05/2012,11:30,25,7,18
04/05/2012,11:45,19,13,6
04/05/2012,12:00,17,14,3
04/05/2012,12:15,18,11,7
04/05/2012,12:30,11,5,6
04/05/2012,12:45,9,2,7
04/05/2012,13:00,8,2,6
04/05/2012,13:15,7,6,1
04/05/2012,13:30,5,2,3
04/05/2012,13:45,7,4,3
04/05/2012,14:00,9,2,7
04/05/2012,14:15,7,2,5
04/05/2012,14:30,15,4,11
04/05/2012,14:45,18,5,13
04/05/2012,15:00,10,6,4
04/05/2012,15:15,11,6,5
04/05/2012,15:30,10,4,6
04/05/2012,15:45,13,4,9
04/05/2012,16:00,17,7,10
04/05/2012,16:15,18,11,7
04/05/2012,16:30,26,9,17
04/05/2012,16:45,28,15,13
04/05/2012,17:00,28,14,14
04/05/2012,17:15,38,17,21
04/05/2012,17:30,30,13,17
04/05/2012,17:45,27,17,10
04/05/2012,18:00,20,9,11
04/05/2012,18:15,33,10,23
04/05/2012,18:30,26,13,13
04/05/2012,18:45,20,13,7
04/05/2012,19:00,20,9,11
04/05/2012,19:15,19,10,9
04/05/2012,19:30,20,14,6
04/05/2012,19:45,16,12,4
04/05/2012,20:00,13,6,7
04/05/2012,20:15,12,7,5
04/05/2012,20:30,5,4,1
04/05/2012,20:45,10,3,7
04/05/2012,21:00,5,1,4
04/05/2012,21:15,2,1,1
04/05/2012,21:30,1,0,1
04/05/2012,21:45,3,1,2
04/05/2012,22:00,4,1,3
04/05/2012,22:15,2,2,0
04/05/2012,22:30,2,1,1
04/05/2012,22:45,0,0,0
04/05/2012,23:00,0,0,0
04/05/2012,23:15,1,1,0
04/05/2012,23:30,0,0,0
04/05/2012,23:45,1,1,0
05/05/2012,00:00,1,1,0
05/05/2012,00:15,5,3,2
05/05/2012,00:30,4,0,4
05/05/2012,00:45,2,0,2
05/05/2012,01:00,4,3,1
05/05/2012,01:15,5,0,5
05/05/2012,01:30,0,0,0
05/05/2012,01:45,0,0,0
05/05/2012,02:00,0,0,0
05/05/2012,02:15,0,0,0
05/05/2012,02:30,1,1,0
05/05/2012,02:45,0,0,0
05/05/2012,03:00,4,2,2
05/05/2012,03:15,1,1,0
05/05/2012,03:30,1,0,1
05/05/2012,03:45,1,1,0
05/05/2012,04:00,0,0,0
05/05/2012,04:15,1,1,0
05/05/2012,04:30,0,0,0
05/05/2012,04:45,1,1,0
05/05/2012,05:00,1,0,1
05/05/2012,05:15,0,0,0
05/05/2012,05:30,0,0,0
05/05/2012,05:45,4,3,1
05/05/2012,06:00,4,3,1
05/05/2012,06:15,5,2,3
05/05/2012,06:30,6,4,2
05/05/2012,06:45,10,7,3
05/05/2012,07:00,18,14,4
05/05/2012,07:15,7,5,2
05/05/2012,07:30,23,12,11
05/05/2012,07:45,15,7,8
05/05/2012,08:00,24,13,11
05/05/2012,08:15,48,26,22
05/05/2012,08:30,48,17,31
05/05/2012,08:45,24,12,12
05/05/2012,09:00,40,18,22
05/05/2012,09:15,55,27,28
05/05/2012,09:30,45,23,22
05/05/2012,09:45,45,12,33
05/05/2012,10:00,47,21,26
05/05/2012,10:15,72,39,33
05/05/2012,10:30,55,30,25
05/05/2012,10:45,74,34,40
05/05/2012,11:00,49,31,18
05/05/2012,11:15,61,31,30
05/05/2012,11:30,50,29,21
05/05/2012,11:45,70,51,19
05/05/2012,12:00,77,50,27
05/05/2012,12:15,49,32,17
05/05/2012,12:30,49,27,22
05/05/2012,12:45,51,29,22
05/05/2012,13:00,63,38,25
05/05/2012,13:15,50,26,24
05/05/2012,13:30,43,18,25
05/05/2012,13:45,21,12,9
05/05/2012,14:00,21,10,11
05/05/2012,14:15,18,10,8
05/05/2012,14:30,13,8,5
05/05/2012,14:45,19,6,13
05/05/2012,15:00,15,8,7
05/05/2012,15:15,21,11,10
05/05/2012,15:30,19,9,10
05/05/2012,15:45,19,12,7
05/05/2012,16:00,13,7,6
05/05/2012,16:15,4,2,2
05/05/2012,16:30,14,3,11
05/05/2012,16:45,15,6,9
05/05/2012,17:00,14,3,11
05/05/2012,17:15,21,8,13
05/05/2012,17:30,13,3,10
05/05/2012,17:45,19,5,14
05/05/2012,18:00,15,8,7
05/05/2012,18:15,12,8,4
05/05/2012,18:30,14,9,5
05/05/2012,18:45,21,12,9
05/05/2012,19:00,13,9,4
05/05/2012,19:15,16,9,7
05/05/2012,19:30,13,6,7
05/05/2012,19:45,9,4,5
05/05/2012,20:00,2,2,0
05/05/2012,20:15,2,1,1
05/05/2012,20:30,2,0,2
05/05/2012,20:45,2,1,1
05/05/2012,21:00,4,4,0
05/05/2012,21:15,6,3,3
05/05/2012,21:30,1,1,0
05/05/2012,21:45,2,0,2
05/05/2012,22:00,0,0,0
05/05/2012,22:15,0,0,0
05/05/2012,22:30,1,0,1
05/05/2012,22:45,1,0,1
05/05/2012,23:00,0,0,0
05/05/2012,23:15,0,0,0
05/05/2012,23:30,1,1,0
05/05/2012,23:45,2,1,1
06/05/2012,00:00,1,0,1
06/05/2012,00:15,0,0,0
06/05/2012,00:30,0,0,0
06/05/2012,00:45,0,0,0
06/05/2012,01:00,0,0,0
06/05/2012,01:15,2,2,0
06/05/2012,01:30,2,0,2
06/05/2012,01:45,0,0,0
06/05/2012,02:00,3,1,2
06/05/2012,02:15,0,0,0
06/05/2012,02:30,0,0,0
06/05/2012,02:45,0,0,0
06/05/2012,03:00,0,0,0
06/05/2012,03:15,0,0,0
06/05/2012,03:30,0,0,0
06/05/2012,03:45,1,1,0
06/05/2012,04:00,1,1,0
06/05/2012,04:15,0,0,0
06/05/2012,04:30,1,0,1
06/05/2012,04:45,0,0,0
06/05/2012,05:00,1,0,1
06/05/2012,05:15,0,0,0
06/05/2012,05:30,3,3,0
06/05/2012,05:45,1,1,0
06/05/2012,06:00,1,0,1
06/05/2012,06:15,1,0,1
06/05/2012,06:30,2,0,2
06/05/2012,06:45,6,2,4
06/05/2012,07:00,4,3,1
06/05/2012,07:15,6,4,2
06/05/2012,07:30,6,2,4
06/05/2012,07:45,16,8,8
06/05/2012,08:00,11,5,6
06/05/2012,08:15,6,5,1
06/05/2012,08:30,14,8,6
06/05/2012,08:45,15,9,6
06/05/2012,09:00,12,5,7
06/05/2012,09:15,18,8,10
06/05/2012,09:30,18,9,9
06/05/2012,09:45,26,17,9
06/05/2012,10:00,32,13,19
06/05/2012,10:15,23,9,14
06/05/2012,10:30,45,25,20
06/05/2012,10:45,40,29,11
06/05/2012,11:00,28,11,17
06/05/2012,11:15,29,11,18
06/05/2012,11:30,41,25,16
06/05/2012,11:45,39,17,22
06/05/2012,12:00,41,19,22
06/05/2012,12:15,49,22,27
06/05/2012,12:30,48,16,32
06/05/2012,12:45,39,24,15
06/05/2012,13:00,45,19,26
06/05/2012,13:15,31,12,19
06/05/2012,13:30,43,19,24
06/05/2012,13:45,45,21,24
06/05/2012,14:00,37,25,12
06/05/2012,14:15,46,19,27
06/05/2012,14:30,39,16,23
06/05/2012,14:45,57,27,30
06/05/2012,15:00,38,18,20
06/05/2012,15:15,46,23,23
06/05/2012,15:30,35,17,18
06/05/2012,15:45,50,21,29
06/05/2012,16:00,42,21,21
06/05/2012,16:15,42,15,27
06/05/2012,16:30,25,16,9
06/05/2012,16:45,35,16,19
06/05/2012,17:00,46,23,23
06/05/2012,17:15,36,17,19
06/05/2012,17:30,38,18,20
06/05/2012,17:45,28,8,20
06/05/2012,18:00,38,10,28
06/05/2012,18:15,17,7,10
06/05/2012,18:30,30,20,10
06/05/2012,18:45,30,12,18
06/05/2012,19:00,22,9,13
06/05/2012,19:15,25,11,14
06/05/2012,19:30,17,11,6
06/05/2012,19:45,9,2,7
06/05/2012,20:00,10,6,4
06/05/2012,20:15,11,5,6
06/05/2012,20:30,2,1,1
06/05/2012,20:45,3,2,1
06/05/2012,21:00,1,0,1
06/05/2012,21:15,3,2,1
06/05/2012,21:30,1,0,1
06/05/2012,21:45,3,1,2
06/05/2012,22:00,1,0,1
06/05/2012,22:15,2,1,1
06/05/2012,22:30,1,0,1
06/05/2012,22:45,1,1,0
06/05/2012,23:00,2,2,0
06/05/2012,23:15,1,0,1
06/05/2012,23:30,0,0,0
06/05/2012,23:45,0,0,0
07/05/2012,00:00,1,0,1
07/05/2012,00:15,1,1,0
07/05/2012,00:30,1,1,0
07/05/2012,00:45,0,0,0
07/05/2012,01:00,1,0,1
07/05/2012,01:15,1,0,1
07/05/2012,01:30,0,0,0
07/05/2012,01:45,1,1,0
07/05/2012,02:00,0,0,0
07/05/2012,02:15,0,0,0
07/05/2012,02:30,0,0,0
07/05/2012,02:45,0,0,0
07/05/2012,03:00,2,2,0
07/05/2012,03:15,1,0,1
07/05/2012,03:30,0,0,0
07/05/2012,03:45,3,2,1
07/05/2012,04:00,1,0,1
07/05/2012,04:15,0,0,0
07/05/2012,04:30,2,1,1
07/05/2012,04:45,0,0,0
07/05/2012,05:00,3,2,1
07/05/2012,05:15,1,0,1
07/05/2012,05:30,9,6,3
07/05/2012,05:45,9,4,5
07/05/2012,06:00,9,4,5
07/05/2012,06:15,14,7,7
07/05/2012,06:30,24,9,15
07/05/2012,06:45,19,11,8
07/05/2012,07:00,21,10,11
07/05/2012,07:15,28,8,20
07/05/2012,07:30,34,5,29
07/05/2012,07:45,33,9,24
07/05/2012,08:00,36,11,25
07/05/2012,08:15,22,7,15
07/05/2012,08:30,16,5,11
07/05/2012,08:45,19,4,15
07/05/2012,09:00,11,4,7
07/05/2012,09:15,16,4,12
07/05/2012,09:30,18,6,12
07/05/2012,09:45,15,8,7
07/05/2012,10:00,8,5,3
07/05/2012,10:15,7,6,1
07/05/2012,10:30,6,2,4
07/05/2012,10:45,13,8,5
07/05/2012,11:00,12,4,8
07/05/2012,11:15,6,1,5
07/05/2012,11:30,12,5,7
07/05/2012,11:45,11,3,8
07/05/2012,12:00,12,9,3
07/05/2012,12:15,8,2,6
07/05/2012,12:30,18,11,7
07/05/2012,12:45,8,2,6
07/05/2012,13:00,6,2,4
07/05/2012,13:15,8,4,4
07/05/2012,13:30,25,16,9
07/05/2012,13:45,13,9,4
07/05/2012,14:00,13,7,6
07/05/2012,14:15,11,6,5
07/05/2012,14:30,9,4,5
07/05/2012,14:45,15,4,11
07/05/2012,15:00,22,9,13
07/05/2012,15:15,9,4,5
07/05/2012,15:30,10,4,6
07/05/2012,15:45,18,9,9
07/05/2012,16:00,17,5,12
07/05/2012,16:15,18,11,7
07/05/2012,16:30,25,17,8
07/05/2012,16:45,24,10,14
07/05/2012,17:00,30,15,15
07/05/2012,17:15,33,19,14
07/05/2012,17:30,32,23,9
07/05/2012,17:45,44,31,13
07/05/2012,18:00,40,18,22
07/05/2012,18:15,42,26,16
07/05/2012,18:30,24,9,15
07/05/2012,18:45,43,21,22
07/05/2012,19:00,41,12,29
07/05/2012,19:15,34,24,10
07/05/2012,19:30,25,14,11
07/05/2012,19:45,19,9,10
07/05/2012,20:00,19,12,7
07/05/2012,20:15,6,0,6
07/05/2012,20:30,4,4,0
07/05/2012,20:45,3,0,3
07/05/2012,21:00,4,2,2
07/05/2012,21:15,1,0,1
07/05/2012,21:30,2,1,1
07/05/2012,21:45,0,0,0
07/05/2012,22:00,2,1,1
07/05/2012,22:15,0,0,0
07/05/2012,22:30,4,2,2
07/05/2012,22:45,0,0,0
07/05/2012,23:00,0,0,0
07/05/2012,23:15,4,1,3
07/05/2012,23:30,2,1,1
07/05/2012,23:45,0,0,0
08/05/2012,00:00,0,0,0
08/05/2012,00:15,0,0,0
08/05/2012,00:30,0,0,0
08/05/2012,00:45,0,0,0
08/05/2012,01:00,0,0,0
08/05/2012,01:15,0,0,0
08/05/2012,01:30,2,1,1
08/05/2012,01:45,0,0,0
08/05/2012,02:00,1,1,0
08/05/2012,02:15,0,0,0
08/05/2012,02:30,0,0,0
08/05/2012,02:45,0,0,0
08/05/2012,03:00,0,0,0
08/05/2012,03:15,0,0,0
08/05/2012,03:30,0,0,0
08/05/2012,03:45,5,4,1
08/05/2012,04:00,2,2,0
08/05/2012,04:15,0,0,0
08/05/2012,04:30,0,0,0
08/05/2012,04:45,1,0,1
08/05/2012,05:00,5,2,3
08/05/2012,05:15,2,2,0
08/05/2012,05:30,4,0,4
08/05/2012,05:45,13,7,6
08/05/2012,06:00,8,4,4
08/05/2012,06:15,12,4,8
08/05/2012,06:30,20,9,11
08/05/2012,06:45,25,8,17
08/05/2012,07:00,27,15,12
08/05/2012,07:15,26,8,18
08/05/2012,07:30,23,3,20
08/05/2012,07:45,22,6,16
08/05/2012,08:00,26,8,18
08/05/2012,08:15,19,8,11
08/05/2012,08:30,28,9,19
08/05/2012,08:45,20,6,14
08/05/2012,09:00,20,11,9
08/05/2012,09:15,12,7,5
08/05/2012,09:30,11,5,6
08/05/2012,09:45,14,5,9
08/05/2012,10:00,15,11,4
08/05/2012,10:15,14,4,10
08/05/2012,10:30,11,8,3
08/05/2012,10:45,14,5,9
08/05/2012,11:00,8,4,4
08/05/2012,11:15,8,4,4
08/05/2012,11:30,11,4,7
08/05/2012,11:45,13,5,8
08/05/2012,12:00,6,0,6
08/05/2012,12:15,9,3,6
08/05/2012,12:30,11,5,6
08/05/2012,12:45,14,7,7
08/05/2012,13:00,8,4,4
08/05/2012,13:15,9,5,4
08/05/2012,13:30,7,3,4
08/05/2012,13:45,9,6,3
08/05/2012,14:00,3,0,3
08/05/2012,14:15,8,4,4
08/05/2012,14:30,7,4,3
08/05/2012,14:45,5,1,4
08/05/2012,15:00,8,4,4
08/05/2012,15:15,4,4,0
08/05/2012,15:30,6,1,5
08/05/2012,15:45,11,5,6
08/05/2012,16:00,9,3,6
08/05/2012,16:15,15,7,8
08/05/2012,16:30,15,9,6
08/05/2012,16:45,19,10,9
08/05/2012,17:00,20,11,9
08/05/2012,17:15,18,8,10
08/05/2012,17:30,30,12,18
08/05/2012,17:45,33,17,16
08/05/2012,18:00,22,11,11
08/05/2012,18:15,29,16,13
08/05/2012,18:30,29,20,9
08/05/2012,18:45,23,10,13
08/05/2012,19:00,17,9,8
08/05/2012,19:15,22,10,12
08/05/2012,19:30,15,11,4
08/05/2012,19:45,15,3,12
08/05/2012,20:00,12,5,7
08/05/2012,20:15,5,4,1
08/05/2012,20:30,9,5,4
08/05/2012,20:45,6,2,4
08/05/2012,21:00,2,1,1
08/05/2012,21:15,3,0,3
08/05/2012,21:30,1,0,1
08/05/2012,21:45,2,1,1
08/05/2012,22:00,5,1,4
08/05/2012,22:15,2,0,2
08/05/2012,22:30,1,1,0
08/05/2012,22:45,1,1,0
08/05/2012,23:00,2,1,1
08/05/2012,23:15,1,0,1
08/05/2012,23:30,0,0,0
08/05/2012,23:45,1,0,1
09/05/2012,00:00,0,0,0
09/05/2012,00:15,1,1,0
09/05/2012,00:30,0,0,0
09/05/2012,00:45,0,0,0
09/05/2012,01:00,0,0,0
09/05/2012,01:15,2,0,2
09/05/2012,01:30,0,0,0
09/05/2012,01:45,0,0,0
09/05/2012,02:00,0,0,0
09/05/2012,02:15,1,0,1
09/05/2012,02:30,0,0,0
09/05/2012,02:45,0,0,0
09/05/2012,03:00,0,0,0
09/05/2012,03:15,0,0,0
09/05/2012,03:30,1,1,0
09/05/2012,03:45,5,5,0
09/05/2012,04:00,2,1,1
09/05/2012,04:15,0,0,0
09/05/2012,04:30,1,0,1
09/05/2012,04:45,0,0,0
09/05/2012,05:00,1,1,0
09/05/2012,05:15,1,1,0
09/05/2012,05:30,5,2,3
09/05/2012,05:45,8,1,7
09/05/2012,06:00,11,8,3
09/05/2012,06:15,9,2,7
09/05/2012,06:30,13,5,8
09/05/2012,06:45,19,11,8
09/05/2012,07:00,18,9,9
09/05/2012,07:15,22,9,13
09/05/2012,07:30,11,2,9
09/05/2012,07:45,24,7,17
09/05/2012,08:00,21,6,15
09/05/2012,08:15,17,4,13
09/05/2012,08:30,15,4,11
09/05/2012,08:45,18,6,12
09/05/2012,09:00,14,7,7
09/05/2012,09:15,9,4,5
09/05/2012,09:30,9,3,6
09/05/2012,09:45,6,3,3
09/05/2012,10:00,7,1,6
09/05/2012,10:15,15,6,9
09/05/2012,10:30,7,5,2
09/05/2012,10:45,11,6,5
09/05/2012,11:00,9,5,4
09/05/2012,11:15,9,5,4
09/05/2012,11:30,6,3,3
09/05/2012,11:45,11,7,4
09/05/2012,12:00,9,3,6
09/05/2012,12:15,7,1,6
09/05/2012,12:30,9,4,5
09/05/2012,12:45,7,2,5
09/05/2012,13:00,9,3,6
09/05/2012,13:15,9,3,6
09/05/2012,13:30,7,2,5
09/05/2012,13:45,7,1,6
09/05/2012,14:00,9,6,3
09/05/2012,14:15,12,2,10
09/05/2012,14:30,8,2,6
09/05/2012,14:45,15,8,7
09/05/2012,15:00,10,3,7
09/05/2012,15:15,3,1,2
09/05/2012,15:30,21,7,14
09/05/2012,15:45,7,1,6
09/05/2012,16:00,12,7,5
09/05/2012,16:15,19,7,12
09/05/2012,16:30,21,7,14
09/05/2012,16:45,15,8,7
09/05/2012,17:00,28,9,19
09/05/2012,17:15,27,10,17
09/05/2012,17:30,23,11,12
09/05/2012,17:45,22,13,9
09/05/2012,18:00,21,12,9
09/05/2012,18:15,21,10,11
09/05/2012,18:30,16,5,11
09/05/2012,18:45,10,3,7
09/05/2012,19:00,8,4,4
09/05/2012,19:15,5,1,4
09/05/2012,19:30,11,2,9
09/05/2012,19:45,5,2,3
09/05/2012,20:00,5,2,3
09/05/2012,20:15,0,0,0
09/05/2012,20:30,1,1,0
09/05/2012,20:45,1,1,0
09/05/2012,21:00,0,0,0
09/05/2012,21:15,0,0,0
09/05/2012,21:30,2,0,2
09/05/2012,21:45,0,0,0
09/05/2012,22:00,0,0,0
09/05/2012,22:15,1,1,0
09/05/2012,22:30,0,0,0
09/05/2012,22:45,1,1,0
09/05/2012,23:00,0,0,0
09/05/2012,23:15,1,0,1
09/05/2012,23:30,1,0,1
09/05/2012,23:45,0,0,0
10/05/2012,00:00,0,0,0
10/05/2012,00:15,0,0,0
10/05/2012,00:30,0,0,0
10/05/2012,00:45,0,0,0
10/05/2012,01:00,0,0,0
10/05/2012,01:15,0,0,0
10/05/2012,01:30,0,0,0
10/05/2012,01:45,0,0,0
10/05/2012,02:00,0,0,0
10/05/2012,02:15,0,0,0
10/05/2012,02:30,0,0,0
10/05/2012,02:45,3,3,0
10/05/2012,03:00,1,1,0
10/05/2012,03:15,0,0,0
10/05/2012,03:30,0,0,0
10/05/2012,03:45,2,1,1
10/05/2012,04:00,1,1,0
10/05/2012,04:15,0,0,0
10/05/2012,04:30,1,0,1
10/05/2012,04:45,0,0,0
10/05/2012,05:00,0,0,0
10/05/2012,05:15,0,0,0
10/05/2012,05:30,7,1,6
10/05/2012,05:45,11,7,4
10/05/2012,06:00,12,5,7
10/05/2012,06:15,10,5,5
10/05/2012,06:30,25,11,14
10/05/2012,06:45,26,12,14
10/05/2012,07:00,20,9,11
10/05/2012,07:15,22,7,15
10/05/2012,07:30,25,9,16
10/05/2012,07:45,26,8,18
10/05/2012,08:00,23,9,14
10/05/2012,08:15,17,7,10
10/05/2012,08:30,24,6,18
10/05/2012,08:45,23,11,12
10/05/2012,09:00,13,3,10
10/05/2012,09:15,11,4,7
10/05/2012,09:30,12,5,7
10/05/2012,09:45,11,7,4
10/05/2012,10:00,9,5,4
10/05/2012,10:15,8,4,4
10/05/2012,10:30,8,4,4
10/05/2012,10:45,13,6,7
10/05/2012,11:00,11,7,4
10/05/2012,11:15,16,11,5
10/05/2012,11:30,11,4,7
10/05/2012,11:45,10,6,4
10/05/2012,12:00,6,1,5
10/05/2012,12:15,7,2,5
10/05/2012,12:30,9,3,6
10/05/2012,12:45,20,10,10
10/05/2012,13:00,9,5,4
10/05/2012,13:15,6,4,2
10/05/2012,13:30,21,10,11
10/05/2012,13:45,4,2,2
10/05/2012,14:00,7,5,2
10/05/2012,14:15,7,4,3
10/05/2012,14:30,9,2,7
10/05/2012,14:45,11,7,4
10/05/2012,15:00,12,7,5
10/05/2012,15:15,10,3,7
10/05/2012,15:30,17,6,11
10/05/2012,15:45,12,7,5
10/05/2012,16:00,15,9,6
10/05/2012,16:15,23,10,13
10/05/2012,16:30,26,15,11
10/05/2012,16:45,34,20,14
10/05/2012,17:00,34,18,16
10/05/2012,17:15,36,22,14
10/05/2012,17:30,34,15,19
10/05/2012,17:45,35,18,17
10/05/2012,18:00,38,24,14
10/05/2012,18:15,55,23,32
10/05/2012,18:30,44,20,24
10/05/2012,18:45,43,22,21
10/05/2012,19:00,39,19,20
10/05/2012,19:15,43,22,21
10/05/2012,19:30,29,20,9
10/05/2012,19:45,27,15,12
10/05/2012,20:00,16,6,10
10/05/2012,20:15,18,9,9
10/05/2012,20:30,9,5,4
10/05/2012,20:45,8,4,4
10/05/2012,21:00,4,2,2
10/05/2012,21:15,5,2,3
10/05/2012,21:30,4,1,3
10/05/2012,21:45,1,1,0
10/05/2012,22:00,3,2,1
10/05/2012,22:15,4,1,3
10/05/2012,22:30,3,2,1
10/05/2012,22:45,5,3,2
10/05/2012,23:00,4,2,2
10/05/2012,23:15,4,1,3
10/05/2012,23:30,0,0,0
10/05/2012,23:45,0,0,0
11/05/2012,00:00,1,0,1
11/05/2012,00:15,0,0,0
11/05/2012,00:30,0,0,0
11/05/2012,00:45,0,0,0
11/05/2012,01:00,0,0,0
11/05/2012,01:15,0,0,0
11/05/2012,01:30,0,0,0
11/05/2012,01:45,1,0,1
11/05/2012,02:00,1,0,1
11/05/2012,02:15,0,0,0
11/05/2012,02:30,0,0,0
11/05/2012,02:45,2,2,0
11/05/2012,03:00,0,0,0
11/05/2012,03:15,2,2,0
11/05/2012,03:30,0,0,0
11/05/2012,03:45,0,0,0
11/05/2012,04:00,1,1,0
11/05/2012,04:15,0,0,0
11/05/2012,04:30,0,0,0
11/05/2012,04:45,3,1,2
11/05/2012,05:00,2,1,1
11/05/2012,05:15,3,1,2
11/05/2012,05:30,6,1,5
11/05/2012,05:45,4,2,2
11/05/2012,06:00,8,5,3
11/05/2012,06:15,14,9,5
11/05/2012,06:30,19,8,11
11/05/2012,06:45,24,13,11
11/05/2012,07:00,21,8,13
11/05/2012,07:15,23,4,19
11/05/2012,07:30,17,8,9
11/05/2012,07:45,36,12,24
11/05/2012,08:00,20,8,12
11/05/2012,08:15,22,9,13
11/05/2012,08:30,12,4,8
11/05/2012,08:45,18,4,14
11/05/2012,09:00,21,7,14
11/05/2012,09:15,18,8,10
11/05/2012,09:30,12,9,3
11/05/2012,09:45,13,2,11
11/05/2012,10:00,9,3,6
11/05/2012,10:15,22,14,8
11/05/2012,10:30,11,7,4
11/05/2012,10:45,17,10,7
11/05/2012,11:00,13,6,7
11/05/2012,11:15,19,6,13
11/05/2012,11:30,12,7,5
11/05/2012,11:45,10,5,5
11/05/2012,12:00,24,16,8
11/05/2012,12:15,27,16,11
11/05/2012,12:30,25,16,9
11/05/2012,12:45,17,10,7
11/05/2012,13:00,24,10,14
11/05/2012,13:15,30,24,6
11/05/2012,13:30,30,19,11
11/05/2012,13:45,16,9,7
11/05/2012,14:00,27,18,9
11/05/2012,14:15,12,7,5
11/05/2012,14:30,29,16,13
11/05/2012,14:45,16,8,8
11/05/2012,15:00,25,10,15
11/05/2012,15:15,22,10,12
11/05/2012,15:30,16,2,14
11/05/2012,15:45,28,9,19
11/05/2012,16:00,28,16,12
11/05/2012,16:15,34,16,18
11/05/2012,16:30,21,10,11
11/05/2012,16:45,38,21,17
11/05/2012,17:00,41,22,19
11/05/2012,17:15,35,16,19
11/05/2012,17:30,51,24,27
11/05/2012,17:45,34,10,24
11/05/2012,18:00,28,11,17
11/05/2012,18:15,47,18,29
11/05/2012,18:30,41,22,19
11/05/2012,18:45,39,15,24
11/05/2012,19:00,34,13,21
11/05/2012,19:15,34,19,15
11/05/2012,19:30,24,11,13
11/05/2012,19:45,23,4,19
11/05/2012,20:00,18,9,9
11/05/2012,20:15,15,7,8
11/05/2012,20:30,17,8,9
11/05/2012,20:45,4,3,1
11/05/2012,21:00,7,4,3
11/05/2012,21:15,7,3,4
11/05/2012,21:30,3,3,0
11/05/2012,21:45,1,1,0
11/05/2012,22:00,4,1,3
11/05/2012,22:15,5,4,1
11/05/2012,22:30,0,0,0
11/05/2012,22:45,3,1,2
11/05/2012,23:00,1,0,1
11/05/2012,23:15,0,0,0
11/05/2012,23:30,1,0,1
11/05/2012,23:45,1,0,1
12/05/2012,00:00,5,2,3
12/05/2012,00:15,3,2,1
12/05/2012,00:30,1,1,0
12/05/2012,00:45,0,0,0
12/05/2012,01:00,5,1,4
12/05/2012,01:15,0,0,0
12/05/2012,01:30,0,0,0
12/05/2012,01:45,1,1,0
12/05/2012,02:00,1,1,0
12/05/2012,02:15,1,1,0
12/05/2012,02:30,0,0,0
12/05/2012,02:45,0,0,0
12/05/2012,03:00,1,1,0
12/05/2012,03:15,0,0,0
12/05/2012,03:30,0,0,0
12/05/2012,03:45,1,0,1
12/05/2012,04:00,1,0,1
12/05/2012,04:15,0,0,0
12/05/2012,04:30,0,0,0
12/05/2012,04:45,1,1,0
12/05/2012,05:00,1,0,1
12/05/2012,05:15,1,1,0
12/05/2012,05:30,1,1,0
12/05/2012,05:45,4,3,1
12/05/2012,06:00,4,3,1
12/05/2012,06:15,3,1,2
12/05/2012,06:30,9,5,4
12/05/2012,06:45,9,8,1
12/05/2012,07:00,15,9,6
12/05/2012,07:15,6,3,3
12/05/2012,07:30,23,8,15
12/05/2012,07:45,21,13,8
12/05/2012,08:00,19,9,10
12/05/2012,08:15,31,14,17
12/05/2012,08:30,30,18,12
12/05/2012,08:45,35,25,10
12/05/2012,09:00,37,18,19
12/05/2012,09:15,25,11,14
12/05/2012,09:30,50,32,18
12/05/2012,09:45,58,35,23
12/05/2012,10:00,48,26,22
12/05/2012,10:15,48,24,24
12/05/2012,10:30,45,18,27
12/05/2012,10:45,66,28,38
12/05/2012,11:00,58,26,32
12/05/2012,11:15,66,32,34
12/05/2012,11:30,53,25,28
12/05/2012,11:45,66,36,30
12/05/2012,12:00,55,35,20
12/05/2012,12:15,61,36,25
12/05/2012,12:30,85,41,44
12/05/2012,12:45,54,33,21
12/05/2012,13:00,70,47,23
12/05/2012,13:15,54,28,26
12/05/2012,13:30,74,37,37
12/05/2012,13:45,65,38,27
12/05/2012,14:00,59,23,36
12/05/2012,14:15,37,16,21
12/05/2012,14:30,46,23,23
12/05/2012,14:45,54,26,28
12/05/2012,15:00,41,7,34
12/05/2012,15:15,34,11,23
12/05/2012,15:30,59,29,30
12/05/2012,15:45,51,24,27
12/05/2012,16:00,43,18,25
12/05/2012,16:15,46,26,20
12/05/2012,16:30,37,14,23
12/05/2012,16:45,24,10,14
12/05/2012,17:00,46,16,30
12/05/2012,17:15,37,11,26
12/05/2012,17:30,31,20,11
12/05/2012,17:45,36,19,17
12/05/2012,18:00,37,17,20
12/05/2012,18:15,25,7,18
12/05/2012,18:30,18,7,11
12/05/2012,18:45,25,10,15
12/05/2012,19:00,21,12,9
12/05/2012,19:15,16,7,9
12/05/2012,19:30,21,9,12
12/05/2012,19:45,10,7,3
12/05/2012,20:00,25,12,13
12/05/2012,20:15,11,1,10
12/05/2012,20:30,3,1,2
12/05/2012,20:45,4,2,2
12/05/2012,21:00,4,1,3
12/05/2012,21:15,7,0,7
12/05/2012,21:30,9,3,6
12/05/2012,21:45,2,2,0
12/05/2012,22:00,0,0,0
12/05/2012,22:15,4,0,4
12/05/2012,22:30,5,0,5
12/05/2012,22:45,0,0,0
12/05/2012,23:00,3,3,0
12/05/2012,23:15,2,0,2
12/05/2012,23:30,2,1,1
12/05/2012,23:45,4,2,2
13/05/2012,00:00,0,0,0
13/05/2012,00:15,0,0,0
13/05/2012,00:30,0,0,0
13/05/2012,00:45,0,0,0
13/05/2012,01:00,1,0,1
13/05/2012,01:15,0,0,0
13/05/2012,01:30,1,1,0
13/05/2012,01:45,2,1,1
13/05/2012,02:00,1,1,0
13/05/2012,02:15,0,0,0
13/05/2012,02:30,2,1,1
13/05/2012,02:45,2,2,0
13/05/2012,03:00,0,0,0
13/05/2012,03:15,0,0,0
13/05/2012,03:30,0,0,0
13/05/2012,03:45,0,0,0
13/05/2012,04:00,0,0,0
13/05/2012,04:15,0,0,0
13/05/2012,04:30,0,0,0
13/05/2012,04:45,1,0,1
13/05/2012,05:00,1,1,0
13/05/2012,05:15,0,0,0
13/05/2012,05:30,1,1,0
13/05/2012,05:45,3,2,1
13/05/2012,06:00,2,1,1
13/05/2012,06:15,5,0,5
13/05/2012,06:30,12,3,9
13/05/2012,06:45,11,6,5
13/05/2012,07:00,7,0,7
13/05/2012,07:15,11,6,5
13/05/2012,07:30,13,6,7
13/05/2012,07:45,12,5,7
13/05/2012,08:00,17,5,12
13/05/2012,08:15,24,9,15
13/05/2012,08:30,21,14,7
13/05/2012,08:45,18,7,11
13/05/2012,09:00,34,11,23
13/05/2012,09:15,26,14,12
13/05/2012,09:30,28,10,18
13/05/2012,09:45,39,20,19
13/05/2012,10:00,52,31,21
13/05/2012,10:15,42,30,12
13/05/2012,10:30,34,21,13
13/05/2012,10:45,33,18,15
13/05/2012,11:00,46,21,25
13/05/2012,11:15,55,26,29
13/05/2012,11:30,61,43,18
13/05/2012,11:45,49,26,23
13/05/2012,12:00,60,37,23
13/05/2012,12:15,63,34,29
13/05/2012,12:30,42,22,20
13/05/2012,12:45,41,13,28
13/05/2012,13:00,50,28,22
13/05/2012,13:15,44,24,20
13/05/2012,13:30,54,31,23
13/05/2012,13:45,46,24,22
13/05/2012,14:00,54,26,28
13/05/2012,14:15,59,23,36
13/05/2012,14:30,49,20,29
13/05/2012,14:45,57,23,34
13/05/2012,15:00,54,18,36
13/05/2012,15:15,67,32,35
13/05/2012,15:30,50,28,22
13/05/2012,15:45,49,25,24
13/05/2012,16:00,44,15,29
13/05/2012,16:15,43,10,33
13/05/2012,16:30,37,19,18
13/05/2012,16:45,54,33,21
13/05/2012,17:00,45,20,25
13/05/2012,17:15,33,21,12
13/05/2012,17:30,41,15,26
13/05/2012,17:45,29,11,18
13/05/2012,18:00,38,18,20
13/05/2012,18:15,23,13,10
13/05/2012,18:30,26,9,17
13/05/2012,18:45,25,15,10
13/05/2012,19:00,17,8,9
13/05/2012,19:15,19,7,12
13/05/2012,19:30,12,4,8
13/05/2012,19:45,13,8,5
13/05/2012,20:00,6,2,4
13/05/2012,20:15,6,2,4
13/05/2012,20:30,6,3,3
13/05/2012,20:45,1,0,1
13/05/2012,21:00,3,2,1
13/05/2012,21:15,1,1,0
13/05/2012,21:30,4,1,3
13/05/2012,21:45,1,0,1
13/05/2012,22:00,2,0,2
13/05/2012,22:15,0,0,0
13/05/2012,22:30,0,0,0
13/05/2012,22:45,1,0,1
13/05/2012,23:00,1,0,1
13/05/2012,23:15,1,1,0
13/05/2012,23:30,1,0,1
13/05/2012,23:45,2,1,1
14/05/2012,00:00,0,0,0
14/05/2012,00:15,0,0,0
14/05/2012,00:30,1,1,0
14/05/2012,00:45,0,0,0
14/05/2012,01:00,0,0,0
14/05/2012,01:15,0,0,0
14/05/2012,01:30,0,0,0
14/05/2012,01:45,0,0,0
14/05/2012,02:00,0,0,0
14/05/2012,02:15,0,0,0
14/05/2012,02:30,0,0,0
14/05/2012,02:45,0,0,0
14/05/2012,03:00,3,2,1
14/05/2012,03:15,0,0,0
14/05/2012,03:30,0,0,0
14/05/2012,03:45,2,2,0
14/05/2012,04:00,2,2,0
14/05/2012,04:15,0,0,0
14/05/2012,04:30,0,0,0
14/05/2012,04:45,0,0,0
14/05/2012,05:00,1,0,1
14/05/2012,05:15,3,2,1
14/05/2012,05:30,6,3,3
14/05/2012,05:45,7,0,7
14/05/2012,06:00,6,4,2
14/05/2012,06:15,4,3,1
14/05/2012,06:30,10,4,6
14/05/2012,06:45,15,3,12
14/05/2012,07:00,10,5,5
14/05/2012,07:15,7,3,4
14/05/2012,07:30,5,0,5
14/05/2012,07:45,5,2,3
14/05/2012,08:00,6,4,2
14/05/2012,08:15,2,0,2
14/05/2012,08:30,6,5,1
14/05/2012,08:45,11,4,7
14/05/2012,09:00,3,2,1
14/05/2012,09:15,3,2,1
14/05/2012,09:30,1,1,0
14/05/2012,09:45,2,2,0
14/05/2012,10:00,1,1,0
14/05/2012,10:15,6,2,4
14/05/2012,10:30,2,0,2
14/05/2012,10:45,2,1,1
14/05/2012,11:00,1,0,1
14/05/2012,11:15,0,0,0
14/05/2012,11:30,2,1,1
14/05/2012,11:45,2,1,1
14/05/2012,12:00,4,0,4
14/05/2012,12:15,5,2,3
14/05/2012,12:30,1,1,0
14/05/2012,12:45,7,2,5
14/05/2012,13:00,8,2,6
14/05/2012,13:15,5,3,2
14/05/2012,13:30,4,1,3
14/05/2012,13:45,5,0,5
14/05/2012,14:00,7,3,4
14/05/2012,14:15,1,1,0
14/05/2012,14:30,7,3,4
14/05/2012,14:45,8,3,5
14/05/2012,15:00,8,4,4
14/05/2012,15:15,11,6,5
14/05/2012,15:30,6,1,5
14/05/2012,15:45,6,3,3
14/05/2012,16:00,8,6,2
14/05/2012,16:15,15,8,7
14/05/2012,16:30,13,3,10
14/05/2012,16:45,11,5,6
14/05/2012,17:00,5,3,2
14/05/2012,17:15,2,1,1
14/05/2012,17:30,5,3,2
14/05/2012,17:45,6,4,2
14/05/2012,18:00,18,3,15
14/05/2012,18:15,10,4,6
14/05/2012,18:30,10,4,6
14/05/2012,18:45,8,3,5
14/05/2012,19:00,5,2,3
14/05/2012,19:15,2,0,2
14/05/2012,19:30,3,1,2
14/05/2012,19:45,4,2,2
14/05/2012,20:00,10,7,3
14/05/2012,20:15,9,3,6
14/05/2012,20:30,4,2,2
14/05/2012,20:45,2,1,1
14/05/2012,21:00,2,1,1
14/05/2012,21:15,1,0,1
14/05/2012,21:30,3,2,1
14/05/2012,21:45,0,0,0
14/05/2012,22:00,1,0,1
14/05/2012,22:15,1,0,1
14/05/2012,22:30,0,0,0
14/05/2012,22:45,1,0,1
14/05/2012,23:00,0,0,0
14/05/2012,23:15,1,0,1
14/05/2012,23:30,0,0,0
14/05/2012,23:45,0,0,0
15/05/2012,00:00,0,0,0
15/05/2012,00:15,0,0,0
15/05/2012,00:30,0,0,0
15/05/2012,00:45,2,1,1
15/05/2012,01:00,1,1,0
15/05/2012,01:15,1,1,0
15/05/2012,01:30,0,0,0
15/05/2012,01:45,0,0,0
15/05/2012,02:00,0,0,0
15/05/2012,02:15,0,0,0
15/05/2012,02:30,0,0,0
15/05/2012,02:45,2,0,2
15/05/2012,03:00,0,0,0
15/05/2012,03:15,0,0,0
15/05/2012,03:30,0,0,0
15/05/2012,03:45,2,2,0
15/05/2012,04:00,0,0,0
15/05/2012,04:15,1,1,0
15/05/2012,04:30,0,0,0
15/05/2012,04:45,0,0,0
15/05/2012,05:00,2,0,2
15/05/2012,05:15,0,0,0
15/05/2012,05:30,1,1,0
15/05/2012,05:45,4,2,2
15/05/2012,06:00,1,0,1
15/05/2012,06:15,3,2,1
15/05/2012,06:30,3,1,2
15/05/2012,06:45,3,1,2
15/05/2012,07:00,9,4,5
15/05/2012,07:15,8,3,5
15/05/2012,07:30,8,5,3
15/05/2012,07:45,7,3,4
15/05/2012,08:00,10,5,5
15/05/2012,08:15,17,2,15
15/05/2012,08:30,8,2,6
15/05/2012,08:45,3,1,2
15/05/2012,09:00,5,2,3
15/05/2012,09:15,8,3,5
15/05/2012,09:30,7,2,5
15/05/2012,09:45,8,2,6
15/05/2012,10:00,6,3,3
15/05/2012,10:15,6,5,1
15/05/2012,10:30,7,3,4
15/05/2012,10:45,7,4,3
15/05/2012,11:00,7,4,3
15/05/2012,11:15,8,3,5
15/05/2012,11:30,10,4,6
15/05/2012,11:45,9,1,8
15/05/2012,12:00,10,3,7
15/05/2012,12:15,7,3,4
15/05/2012,12:30,8,3,5
15/05/2012,12:45,13,4,9
15/05/2012,13:00,13,2,11
15/05/2012,13:15,4,1,3
15/05/2012,13:30,16,6,10
15/05/2012,13:45,7,4,3
15/05/2012,14:00,7,2,5
15/05/2012,14:15,6,1,5
15/05/2012,14:30,7,3,4
15/05/2012,14:45,8,3,5
15/05/2012,15:00,7,4,3
15/05/2012,15:15,6,3,3
15/05/2012,15:30,13,3,10
15/05/2012,15:45,8,2,6
15/05/2012,16:00,11,6,5
15/05/2012,16:15,12,3,9
15/05/2012,16:30,15,4,11
15/05/2012,16:45,22,14,8
15/05/2012,17:00,22,7,15
15/05/2012,17:15,23,7,16
15/05/2012,17:30,25,13,12
15/05/2012,17:45,22,11,11
15/05/2012,18:00,23,10,13
15/05/2012,18:15,26,12,14
15/05/2012,18:30,33,13,20
15/05/2012,18:45,41,18,23
15/05/2012,19:00,23,13,10
15/05/2012,19:15,25,14,11
15/05/2012,19:30,13,8,5
15/05/2012,19:45,13,4,9
15/05/2012,20:00,12,5,7
15/05/2012,20:15,5,0,5
15/05/2012,20:30,4,1,3
15/05/2012,20:45,6,1,5
15/05/2012,21:00,5,0,5
15/05/2012,21:15,4,1,3
15/05/2012,21:30,1,0,1
15/05/2012,21:45,1,0,1
15/05/2012,22:00,0,0,0
15/05/2012,22:15,2,1,1
15/05/2012,22:30,0,0,0
15/05/2012,22:45,0,0,0
15/05/2012,23:00,0,0,0
15/05/2012,23:15,0,0,0
15/05/2012,23:30,0,0,0
15/05/2012,23:45,0,0,0
16/05/2012,00:00,1,1,0
16/05/2012,00:15,0,0,0
16/05/2012,00:30,1,1,0
16/05/2012,00:45,0,0,0
16/05/2012,01:00,0,0,0
16/05/2012,01:15,0,0,0
16/05/2012,01:30,1,1,0
16/05/2012,01:45,0,0,0
16/05/2012,02:00,1,0,1
16/05/2012,02:15,0,0,0
16/05/2012,02:30,0,0,0
16/05/2012,02:45,3,1,2
16/05/2012,03:00,1,1,0
16/05/2012,03:15,0,0,0
16/05/2012,03:30,0,0,0
16/05/2012,03:45,1,1,0
16/05/2012,04:00,2,0,2
16/05/2012,04:15,0,0,0
16/05/2012,04:30,0,0,0
16/05/2012,04:45,0,0,0
16/05/2012,05:00,1,1,0
16/05/2012,05:15,2,2,0
16/05/2012,05:30,10,5,5
16/05/2012,05:45,14,5,9
16/05/2012,06:00,13,5,8
16/05/2012,06:15,16,6,10
16/05/2012,06:30,24,7,17
16/05/2012,06:45,20,5,15
16/05/2012,07:00,16,5,11
16/05/2012,07:15,29,9,20
16/05/2012,07:30,37,10,27
16/05/2012,07:45,30,8,22
16/05/2012,08:00,33,10,23
16/05/2012,08:15,22,11,11
16/05/2012,08:30,24,7,17
16/05/2012,08:45,28,9,19
16/05/2012,09:00,20,9,11
16/05/2012,09:15,7,2,5
16/05/2012,09:30,13,3,10
16/05/2012,09:45,12,6,6
16/05/2012,10:00,13,7,6
16/05/2012,10:15,14,5,9
16/05/2012,10:30,19,5,14
16/05/2012,10:45,11,5,6
16/05/2012,11:00,13,5,8
16/05/2012,11:15,11,5,6
16/05/2012,11:30,12,7,5
16/05/2012,11:45,16,8,8
16/05/2012,12:00,17,6,11
16/05/2012,12:15,14,8,6
16/05/2012,12:30,28,13,15
16/05/2012,12:45,15,6,9
16/05/2012,13:00,18,10,8
16/05/2012,13:15,14,9,5
16/05/2012,13:30,10,7,3
16/05/2012,13:45,13,5,8
16/05/2012,14:00,13,7,6
16/05/2012,14:15,13,6,7
16/05/2012,14:30,12,4,8
16/05/2012,14:45,18,11,7
16/05/2012,15:00,21,10,11
16/05/2012,15:15,12,5,7
16/05/2012,15:30,9,2,7
16/05/2012,15:45,18,10,8
16/05/2012,16:00,28,5,23
16/05/2012,16:15,34,11,23
16/05/2012,16:30,22,9,13
16/05/2012,16:45,36,9,27
16/05/2012,17:00,29,13,16
16/05/2012,17:15,50,18,32
16/05/2012,17:30,51,23,28
16/05/2012,17:45,54,27,27
16/05/2012,18:00,55,32,23
16/05/2012,18:15,50,27,23
16/05/2012,18:30,58,23,35
16/05/2012,18:45,49,26,23
16/05/2012,19:00,55,25,30
16/05/2012,19:15,33,17,16
16/05/2012,19:30,40,16,24
16/05/2012,19:45,46,21,25
16/05/2012,20:00,24,10,14
16/05/2012,20:15,20,9,11
16/05/2012,20:30,22,6,16
16/05/2012,20:45,8,6,2
16/05/2012,21:00,7,4,3
16/05/2012,21:15,2,1,1
16/05/2012,21:30,4,2,2
16/05/2012,21:45,10,4,6
16/05/2012,22:00,2,1,1
16/05/2012,22:15,6,4,2
16/05/2012,22:30,0,0,0
16/05/2012,22:45,3,0,3
16/05/2012,23:00,4,2,2
16/05/2012,23:15,3,3,0
16/05/2012,23:30,1,1,0
16/05/2012,23:45,1,0,1
17/05/2012,00:00,0,0,0
17/05/2012,00:15,3,1,2
17/05/2012,00:30,1,0,1
17/05/2012,00:45,2,0,2
17/05/2012,01:00,0,0,0
17/05/2012,01:15,0,0,0
17/05/2012,01:30,1,0,1
17/05/2012,01:45,0,0,0
17/05/2012,02:00,0,0,0
17/05/2012,02:15,1,0,1
17/05/2012,02:30,0,0,0
17/05/2012,02:45,1,0,1
17/05/2012,03:00,1,1,0
17/05/2012,03:15,0,0,0
17/05/2012,03:30,0,0,0
17/05/2012,03:45,0,0,0
17/05/2012,04:00,2,0,2
17/05/2012,04:15,0,0,0
17/05/2012,04:30,1,0,1
17/05/2012,04:45,0,0,0
17/05/2012,05:00,3,1,2
17/05/2012,05:15,4,2,2
17/05/2012,05:30,7,4,3
17/05/2012,05:45,13,6,7
17/05/2012,06:00,19,5,14
17/05/2012,06:15,20,10,10
17/05/2012,06:30,29,5,24
17/05/2012,06:45,31,15,16
17/05/2012,07:00,35,14,21
17/05/2012,07:15,23,5,18
17/05/2012,07:30,35,11,24
17/05/2012,07:45,27,9,18
17/05/2012,08:00,30,7,23
17/05/2012,08:15,32,8,24
17/05/2012,08:30,23,8,15
17/05/2012,08:45,20,8,12
17/05/2012,09:00,26,14,12
17/05/2012,09:15,13,5,8
17/05/2012,09:30,20,12,8
17/05/2012,09:45,12,4,8
17/05/2012,10:00,23,21,2
17/05/2012,10:15,34,28,6
17/05/2012,10:30,20,13,7
17/05/2012,10:45,34,30,4
17/05/2012,11:00,28,20,8
17/05/2012,11:15,22,20,2
17/05/2012,11:30,25,17,8
17/05/2012,11:45,21,10,11
17/05/2012,12:00,26,14,12
17/05/2012,12:15,33,23,10
17/05/2012,12:30,49,38,11
17/05/2012,12:45,21,18,3
17/05/2012,13:00,17,15,2
17/05/2012,13:15,22,15,7
17/05/2012,13:30,27,20,7
17/05/2012,13:45,19,9,10
17/05/2012,14:00,24,13,11
17/05/2012,14:15,15,7,8
17/05/2012,14:30,22,10,12
17/05/2012,14:45,16,7,9
17/05/2012,15:00,10,5,5
17/05/2012,15:15,18,9,9
17/05/2012,15:30,16,9,7
17/05/2012,15:45,19,7,12
17/05/2012,16:00,22,7,15
17/05/2012,16:15,19,11,8
17/05/2012,16:30,35,12,23
17/05/2012,16:45,31,17,14
17/05/2012,17:00,43,18,25
17/05/2012,17:15,48,20,28
17/05/2012,17:30,38,19,19
17/05/2012,17:45,53,22,31
17/05/2012,18:00,58,30,28
17/05/2012,18:15,68,30,38
17/05/2012,18:30,53,22,31
17/05/2012,18:45,53,22,31
17/05/2012,19:00,44,19,25
17/05/2012,19:15,42,21,21
17/05/2012,19:30,39,24,15
17/05/2012,19:45,21,8,13
17/05/2012,20:00,22,12,10
17/05/2012,20:15,19,12,7
17/05/2012,20:30,20,10,10
17/05/2012,20:45,15,5,10
17/05/2012,21:00,7,2,5
17/05/2012,21:15,3,3,0
17/05/2012,21:30,6,1,5
17/05/2012,21:45,9,4,5
17/05/2012,22:00,1,1,0
17/05/2012,22:15,0,0,0
17/05/2012,22:30,1,0,1
17/05/2012,22:45,4,3,1
17/05/2012,23:00,0,0,0
17/05/2012,23:15,0,0,0
17/05/2012,23:30,5,2,3
17/05/2012,23:45,1,1,0
18/05/2012,00:00,2,2,0
18/05/2012,00:15,4,2,2
18/05/2012,00:30,0,0,0
18/05/2012,00:45,0,0,0
18/05/2012,01:00,3,2,1
18/05/2012,01:15,0,0,0
18/05/2012,01:30,0,0,0
18/05/2012,01:45,0,0,0
18/05/2012,02:00,0,0,0
18/05/2012,02:15,4,2,2
18/05/2012,02:30,0,0,0
18/05/2012,02:45,0,0,0
18/05/2012,03:00,0,0,0
18/05/2012,03:15,0,0,0
18/05/2012,03:30,2,2,0
18/05/2012,03:45,2,2,0
18/05/2012,04:00,1,1,0
18/05/2012,04:15,1,1,0
18/05/2012,04:30,0,0,0
18/05/2012,04:45,1,0,1
18/05/2012,05:00,3,3,0
18/05/2012,05:15,4,2,2
18/05/2012,05:30,9,4,5
18/05/2012,05:45,14,8,6
18/05/2012,06:00,25,11,14
18/05/2012,06:15,20,8,12
18/05/2012,06:30,26,7,19
18/05/2012,06:45,38,13,25
18/05/2012,07:00,46,11,35
18/05/2012,07:15,57,15,42
18/05/2012,07:30,43,15,28
18/05/2012,07:45,42,12,30
18/05/2012,08:00,44,18,26
18/05/2012,08:15,42,19,23
18/05/2012,08:30,37,14,23
18/05/2012,08:45,26,8,18
18/05/2012,09:00,26,10,16
18/05/2012,09:15,26,16,10
18/05/2012,09:30,36,24,12
18/05/2012,09:45,23,15,8
18/05/2012,10:00,44,39,5
18/05/2012,10:15,40,29,11
18/05/2012,10:30,23,18,5
18/05/2012,10:45,20,16,4
18/05/2012,11:00,35,25,10
18/05/2012,11:15,40,30,10
18/05/2012,11:30,13,8,5
18/05/2012,11:45,18,13,5
18/05/2012,12:00,33,28,5
18/05/2012,12:15,18,11,7
18/05/2012,12:30,21,12,9
18/05/2012,12:45,25,14,11
18/05/2012,13:00,12,7,5
18/05/2012,13:15,28,17,11
18/05/2012,13:30,26,19,7
18/05/2012,13:45,25,9,16
18/05/2012,14:00,22,11,11
18/05/2012,14:15,26,12,14
18/05/2012,14:30,29,19,10
18/05/2012,14:45,20,14,6
18/05/2012,15:00,30,13,17
18/05/2012,15:15,26,12,14
18/05/2012,15:30,25,8,17
18/05/2012,15:45,30,16,14
18/05/2012,16:00,31,14,17
18/05/2012,16:15,31,17,14
18/05/2012,16:30,42,22,20
18/05/2012,16:45,64,34,30
18/05/2012,17:00,85,39,46
18/05/2012,17:15,57,26,31
18/05/2012,17:30,46,20,26
18/05/2012,17:45,58,35,23
18/05/2012,18:00,55,26,29
18/05/2012,18:15,41,22,19
18/05/2012,18:30,50,24,26
18/05/2012,18:45,37,20,17
18/05/2012,19:00,36,15,21
18/05/2012,19:15,29,15,14
18/05/2012,19:30,33,18,15
18/05/2012,19:45,17,5,12
18/05/2012,20:00,19,9,10
18/05/2012,20:15,9,6,3
18/05/2012,20:30,7,4,3
18/05/2012,20:45,11,6,5
18/05/2012,21:00,13,7,6
18/05/2012,21:15,6,3,3
18/05/2012,21:30,4,2,2
18/05/2012,21:45,6,3,3
18/05/2012,22:00,2,1,1
18/05/2012,22:15,1,1,0
18/05/2012,22:30,3,0,3
18/05/2012,22:45,0,0,0
18/05/2012,23:00,0,0,0
18/05/2012,23:15,2,1,1
18/05/2012,23:30,0,0,0
18/05/2012,23:45,1,1,0
19/05/2012,00:00,1,1,0
19/05/2012,00:15,0,0,0
19/05/2012,00:30,0,0,0
19/05/2012,00:45,1,1,0
19/05/2012,01:00,0,0,0
19/05/2012,01:15,2,1,1
19/05/2012,01:30,0,0,0
19/05/2012,01:45,5,1,4
19/05/2012,02:00,1,0,1
19/05/2012,02:15,0,0,0
19/05/2012,02:30,0,0,0
19/05/2012,02:45,2,2,0
19/05/2012,03:00,1,1,0
19/05/2012,03:15,0,0,0
19/05/2012,03:30,0,0,0
19/05/2012,03:45,1,0,1
19/05/2012,04:00,0,0,0
19/05/2012,04:15,0,0,0
19/05/2012,04:30,1,1,0
19/05/2012,04:45,2,2,0
19/05/2012,05:00,1,1,0
19/05/2012,05:15,0,0,0
19/05/2012,05:30,0,0,0
19/05/2012,05:45,6,2,4
19/05/2012,06:00,4,2,2
19/05/2012,06:15,0,0,0
19/05/2012,06:30,11,8,3
19/05/2012,06:45,3,3,0
19/05/2012,07:00,5,4,1
19/05/2012,07:15,18,11,7
19/05/2012,07:30,16,8,8
19/05/2012,07:45,16,8,8
19/05/2012,08:00,21,17,4
19/05/2012,08:15,33,18,15
19/05/2012,08:30,35,14,21
19/05/2012,08:45,28,19,9
19/05/2012,09:00,32,13,19
19/05/2012,09:15,32,20,12
19/05/2012,09:30,35,22,13
19/05/2012,09:45,22,7,15
19/05/2012,10:00,49,33,16
19/05/2012,10:15,46,29,17
19/05/2012,10:30,72,42,30
19/05/2012,10:45,59,33,26
19/05/2012,11:00,62,31,31
19/05/2012,11:15,48,22,26
19/05/2012,11:30,75,48,27
19/05/2012,11:45,65,33,32
19/05/2012,12:00,53,23,30
19/05/2012,12:15,46,28,18
19/05/2012,12:30,65,33,32
19/05/2012,12:45,64,37,27
19/05/2012,13:00,47,21,26
19/05/2012,13:15,59,26,33
19/05/2012,13:30,37,19,18
19/05/2012,13:45,54,29,25
19/05/2012,14:00,67,29,38
19/05/2012,14:15,57,27,30
19/05/2012,14:30,43,16,27
19/05/2012,14:45,36,20,16
19/05/2012,15:00,38,13,25
19/05/2012,15:15,38,14,24
19/05/2012,15:30,45,17,28
19/05/2012,15:45,32,13,19
19/05/2012,16:00,45,20,25
19/05/2012,16:15,48,12,36
19/05/2012,16:30,41,16,25
19/05/2012,16:45,26,8,18
19/05/2012,17:00,36,14,22
19/05/2012,17:15,38,18,20
19/05/2012,17:30,26,11,15
19/05/2012,17:45,33,15,18
19/05/2012,18:00,19,5,14
19/05/2012,18:15,39,17,22
19/05/2012,18:30,25,10,15
19/05/2012,18:45,22,11,11
19/05/2012,19:00,28,12,16
19/05/2012,19:15,19,10,9
19/05/2012,19:30,28,16,12
19/05/2012,19:45,18,7,11
19/05/2012,20:00,15,7,8
19/05/2012,20:15,19,5,14
19/05/2012,20:30,7,4,3
19/05/2012,20:45,2,1,1
19/05/2012,21:00,6,4,2
19/05/2012,21:15,8,5,3
19/05/2012,21:30,4,3,1
19/05/2012,21:45,2,0,2
19/05/2012,22:00,2,2,0
19/05/2012,22:15,4,0,4
19/05/2012,22:30,5,1,4
19/05/2012,22:45,4,2,2
19/05/2012,23:00,1,1,0
19/05/2012,23:15,1,0,1
19/05/2012,23:30,0,0,0
19/05/2012,23:45,0,0,0
20/05/2012,00:00,1,1,0
20/05/2012,00:15,0,0,0
20/05/2012,00:30,4,2,2
20/05/2012,00:45,2,2,0
20/05/2012,01:00,2,2,0
20/05/2012,01:15,7,5,2
20/05/2012,01:30,4,3,1
20/05/2012,01:45,5,0,5
20/05/2012,02:00,13,5,8
20/05/2012,02:15,0,0,0
20/05/2012,02:30,0,0,0
20/05/2012,02:45,2,2,0
20/05/2012,03:00,0,0,0
20/05/2012,03:15,0,0,0
20/05/2012,03:30,0,0,0
20/05/2012,03:45,0,0,0
20/05/2012,04:00,0,0,0
20/05/2012,04:15,0,0,0
20/05/2012,04:30,0,0,0
20/05/2012,04:45,0,0,0
20/05/2012,05:00,0,0,0
20/05/2012,05:15,1,1,0
20/05/2012,05:30,3,2,1
20/05/2012,05:45,1,1,0
20/05/2012,06:00,1,0,1
20/05/2012,06:15,0,0,0
20/05/2012,06:30,7,4,3
20/05/2012,06:45,8,2,6
20/05/2012,07:00,6,3,3
20/05/2012,07:15,9,7,2
20/05/2012,07:30,12,9,3
20/05/2012,07:45,22,18,4
20/05/2012,08:00,24,13,11
20/05/2012,08:15,21,12,9
20/05/2012,08:30,28,17,11
20/05/2012,08:45,27,13,14
20/05/2012,09:00,29,18,11
20/05/2012,09:15,43,20,23
20/05/2012,09:30,49,32,17
20/05/2012,09:45,47,23,24
20/05/2012,10:00,62,38,24
20/05/2012,10:15,53,31,22
20/05/2012,10:30,67,41,26
20/05/2012,10:45,82,43,39
20/05/2012,11:00,56,21,35
20/05/2012,11:15,77,37,40
20/05/2012,11:30,35,16,19
20/05/2012,11:45,66,26,40
20/05/2012,12:00,51,31,20
20/05/2012,12:15,53,22,31
20/05/2012,12:30,51,25,26
20/05/2012,12:45,41,18,23
20/05/2012,13:00,45,26,19
20/05/2012,13:15,46,23,23
20/05/2012,13:30,56,28,28
20/05/2012,13:45,47,25,22
20/05/2012,14:00,42,20,22
20/05/2012,14:15,43,21,22
20/05/2012,14:30,61,28,33
20/05/2012,14:45,28,14,14
20/05/2012,15:00,44,13,31
20/05/2012,15:15,39,15,24
20/05/2012,15:30,40,14,26
20/05/2012,15:45,28,7,21
20/05/2012,16:00,45,24,21
20/05/2012,16:15,40,19,21
20/05/2012,16:30,40,23,17
20/05/2012,16:45,46,22,24
20/05/2012,17:00,35,20,15
20/05/2012,17:15,38,18,20
20/05/2012,17:30,45,24,21
20/05/2012,17:45,37,17,20
20/05/2012,18:00,21,11,10
20/05/2012,18:15,26,11,15
20/05/2012,18:30,27,8,19
20/05/2012,18:45,24,10,14
20/05/2012,19:00,21,9,12
20/05/2012,19:15,17,11,6
20/05/2012,19:30,56,31,25
20/05/2012,19:45,28,14,14
20/05/2012,20:00,14,11,3
20/05/2012,20:15,11,4,7
20/05/2012,20:30,8,6,2
20/05/2012,20:45,7,5,2
20/05/2012,21:00,2,1,1
20/05/2012,21:15,4,2,2
20/05/2012,21:30,3,1,2
20/05/2012,21:45,1,1,0
20/05/2012,22:00,0,0,0
20/05/2012,22:15,6,4,2
20/05/2012,22:30,2,1,1
20/05/2012,22:45,2,1,1
20/05/2012,23:00,1,0,1
20/05/2012,23:15,1,0,1
20/05/2012,23:30,0,0,0
20/05/2012,23:45,2,0,2
21/05/2012,00:00,0,0,0
21/05/2012,00:15,0,0,0
21/05/2012,00:30,0,0,0
21/05/2012,00:45,1,1,0
21/05/2012,01:00,1,0,1
21/05/2012,01:15,1,1,0
21/05/2012,01:30,0,0,0
21/05/2012,01:45,0,0,0
21/05/2012,02:00,0,0,0
21/05/2012,02:15,0,0,0
21/05/2012,02:30,0,0,0
21/05/2012,02:45,0,0,0
21/05/2012,03:00,3,3,0
21/05/2012,03:15,0,0,0
21/05/2012,03:30,1,1,0
21/05/2012,03:45,1,1,0
21/05/2012,04:00,1,1,0
21/05/2012,04:15,1,1,0
21/05/2012,04:30,0,0,0
21/05/2012,04:45,2,1,1
21/05/2012,05:00,3,1,2
21/05/2012,05:15,0,0,0
21/05/2012,05:30,5,3,2
21/05/2012,05:45,5,1,4
21/05/2012,06:00,7,5,2
21/05/2012,06:15,2,2,0
21/05/2012,06:30,6,3,3
21/05/2012,06:45,7,3,4
21/05/2012,07:00,13,6,7
21/05/2012,07:15,10,2,8
21/05/2012,07:30,17,8,9
21/05/2012,07:45,10,7,3
21/05/2012,08:00,12,5,7
21/05/2012,08:15,14,9,5
21/05/2012,08:30,7,5,2
21/05/2012,08:45,11,6,5
21/05/2012,09:00,3,3,0
21/05/2012,09:15,6,4,2
21/05/2012,09:30,5,2,3
21/05/2012,09:45,4,3,1
21/05/2012,10:00,2,1,1
21/05/2012,10:15,2,2,0
21/05/2012,10:30,4,1,3
21/05/2012,10:45,6,3,3
21/05/2012,11:00,2,1,1
21/05/2012,11:15,4,0,4
21/05/2012,11:30,6,3,3
21/05/2012,11:45,3,1,2
21/05/2012,12:00,4,0,4
21/05/2012,12:15,14,4,10
21/05/2012,12:30,7,3,4
21/05/2012,12:45,4,1,3
21/05/2012,13:00,3,1,2
21/05/2012,13:15,3,1,2
21/05/2012,13:30,4,1,3
21/05/2012,13:45,5,2,3
21/05/2012,14:00,13,6,7
21/05/2012,14:15,3,1,2
21/05/2012,14:30,7,3,4
21/05/2012,14:45,9,2,7
21/05/2012,15:00,5,2,3
21/05/2012,15:15,7,5,2
21/05/2012,15:30,11,1,10
21/05/2012,15:45,8,4,4
21/05/2012,16:00,8,4,4
21/05/2012,16:15,13,6,7
21/05/2012,16:30,8,2,6
21/05/2012,16:45,18,7,11
21/05/2012,17:00,20,8,12
21/05/2012,17:15,19,9,10
21/05/2012,17:30,11,5,6
21/05/2012,17:45,16,8,8
21/05/2012,18:00,21,11,10
21/05/2012,18:15,19,6,13
21/05/2012,18:30,11,5,6
21/05/2012,18:45,19,5,14
21/05/2012,19:00,10,1,9
21/05/2012,19:15,16,8,8
21/05/2012,19:30,14,9,5
21/05/2012,19:45,13,7,6
21/05/2012,20:00,12,6,6
21/05/2012,20:15,9,4,5
21/05/2012,20:30,16,9,7
21/05/2012,20:45,9,3,6
21/05/2012,21:00,4,2,2
21/05/2012,21:15,2,0,2
21/05/2012,21:30,2,0,2
21/05/2012,21:45,2,1,1
21/05/2012,22:00,1,1,0
21/05/2012,22:15,0,0,0
21/05/2012,22:30,1,1,0
21/05/2012,22:45,3,2,1
21/05/2012,23:00,2,1,1
21/05/2012,23:15,0,0,0
21/05/2012,23:30,0,0,0
21/05/2012,23:45,0,0,0
22/05/2012,00:00,1,1,0
22/05/2012,00:15,1,0,1
22/05/2012,00:30,1,1,0
22/05/2012,00:45,0,0,0
22/05/2012,01:00,0,0,0
22/05/2012,01:15,0,0,0
22/05/2012,01:30,1,0,1
22/05/2012,01:45,1,1,0
22/05/2012,02:00,0,0,0
22/05/2012,02:15,0,0,0
22/05/2012,02:30,0,0,0
22/05/2012,02:45,2,0,2
22/05/2012,03:00,1,1,0
22/05/2012,03:15,0,0,0
22/05/2012,03:30,1,1,0
22/05/2012,03:45,0,0,0
22/05/2012,04:00,0,0,0
22/05/2012,04:15,0,0,0
22/05/2012,04:30,1,1,0
22/05/2012,04:45,1,0,1
22/05/2012,05:00,5,1,4
22/05/2012,05:15,3,2,1
22/05/2012,05:30,4,2,2
22/05/2012,05:45,12,3,9
22/05/2012,06:00,9,6,3
22/05/2012,06:15,7,3,4
22/05/2012,06:30,13,7,6
22/05/2012,06:45,9,5,4
22/05/2012,07:00,21,7,14
22/05/2012,07:15,22,7,15
22/05/2012,07:30,15,6,9
22/05/2012,07:45,19,9,10
22/05/2012,08:00,16,3,13
22/05/2012,08:15,15,8,7
22/05/2012,08:30,14,5,9
22/05/2012,08:45,13,4,9
22/05/2012,09:00,10,4,6
22/05/2012,09:15,4,1,3
22/05/2012,09:30,11,6,5
22/05/2012,09:45,18,8,10
22/05/2012,10:00,10,8,2
22/05/2012,10:15,12,7,5
22/05/2012,10:30,8,3,5
22/05/2012,10:45,10,6,4
22/05/2012,11:00,7,2,5
22/05/2012,11:15,3,0,3
22/05/2012,11:30,11,3,8
22/05/2012,11:45,8,3,5
22/05/2012,12:00,3,2,1
22/05/2012,12:15,6,2,4
22/05/2012,12:30,9,5,4
22/05/2012,12:45,4,2,2
22/05/2012,13:00,8,3,5
22/05/2012,13:15,12,6,6
22/05/2012,13:30,7,5,2
22/05/2012,13:45,8,3,5
22/05/2012,14:00,7,3,4
22/05/2012,14:15,16,11,5
22/05/2012,14:30,10,3,7
22/05/2012,14:45,12,3,9
22/05/2012,15:00,12,8,4
22/05/2012,15:15,22,3,19
22/05/2012,15:30,16,7,9
22/05/2012,15:45,15,7,8
22/05/2012,16:00,21,14,7
22/05/2012,16:15,12,6,6
22/05/2012,16:30,11,4,7
22/05/2012,16:45,30,13,17
22/05/2012,17:00,33,14,19
22/05/2012,17:15,32,14,18
22/05/2012,17:30,43,20,23
22/05/2012,17:45,35,11,24
22/05/2012,18:00,54,28,26
22/05/2012,18:15,56,26,30
22/05/2012,18:30,42,15,27
22/05/2012,18:45,46,12,34
22/05/2012,19:00,45,17,28
22/05/2012,19:15,36,22,14
22/05/2012,19:30,37,12,25
22/05/2012,19:45,23,12,11
22/05/2012,20:00,24,12,12
22/05/2012,20:15,17,6,11
22/05/2012,20:30,13,6,7
22/05/2012,20:45,12,5,7
22/05/2012,21:00,6,3,3
22/05/2012,21:15,3,1,2
22/05/2012,21:30,2,1,1
22/05/2012,21:45,4,0,4
22/05/2012,22:00,5,3,2
22/05/2012,22:15,1,1,0
22/05/2012,22:30,2,0,2
22/05/2012,22:45,2,2,0
22/05/2012,23:00,1,1,0
22/05/2012,23:15,1,1,0
22/05/2012,23:30,1,1,0
22/05/2012,23:45,4,0,4
23/05/2012,00:00,1,0,1
23/05/2012,00:15,0,0,0
23/05/2012,00:30,0,0,0
23/05/2012,00:45,0,0,0
23/05/2012,01:00,1,1,0
23/05/2012,01:15,0,0,0
23/05/2012,01:30,0,0,0
23/05/2012,01:45,0,0,0
23/05/2012,02:00,1,0,1
23/05/2012,02:15,0,0,0
23/05/2012,02:30,0,0,0
23/05/2012,02:45,2,1,1
23/05/2012,03:00,1,0,1
23/05/2012,03:15,0,0,0
23/05/2012,03:30,0,0,0
23/05/2012,03:45,1,1,0
23/05/2012,04:00,1,0,1
23/05/2012,04:15,0,0,0
23/05/2012,04:30,1,1,0
23/05/2012,04:45,0,0,0
23/05/2012,05:00,1,1,0
23/05/2012,05:15,2,1,1
23/05/2012,05:30,6,4,2
23/05/2012,05:45,6,3,3
23/05/2012,06:00,7,4,3
23/05/2012,06:15,14,5,9
23/05/2012,06:30,13,3,10
23/05/2012,06:45,12,4,8
23/05/2012,07:00,26,12,14
23/05/2012,07:15,20,4,16
23/05/2012,07:30,23,11,12
23/05/2012,07:45,29,12,17
23/05/2012,08:00,29,10,19
23/05/2012,08:15,21,6,15
23/05/2012,08:30,24,8,16
23/05/2012,08:45,20,7,13
23/05/2012,09:00,18,8,10
23/05/2012,09:15,12,6,6
23/05/2012,09:30,11,2,9
23/05/2012,09:45,11,2,9
23/05/2012,10:00,10,3,7
23/05/2012,10:15,10,7,3
23/05/2012,10:30,13,6,7
23/05/2012,10:45,15,11,4
23/05/2012,11:00,13,7,6
23/05/2012,11:15,9,3,6
23/05/2012,11:30,10,7,3
23/05/2012,11:45,14,7,7
23/05/2012,12:00,14,5,9
23/05/2012,12:15,13,6,7
23/05/2012,12:30,15,6,9
23/05/2012,12:45,12,7,5
23/05/2012,13:00,9,6,3
23/05/2012,13:15,13,6,7
23/05/2012,13:30,10,5,5
23/05/2012,13:45,11,7,4
23/05/2012,14:00,5,2,3
23/05/2012,14:15,9,5,4
23/05/2012,14:30,7,3,4
23/05/2012,14:45,10,6,4
23/05/2012,15:00,10,4,6
23/05/2012,15:15,7,3,4
23/05/2012,15:30,11,3,8
23/05/2012,15:45,10,6,4
23/05/2012,16:00,9,2,7
23/05/2012,16:15,26,12,14
23/05/2012,16:30,18,4,14
23/05/2012,16:45,29,17,12
23/05/2012,17:00,40,21,19
23/05/2012,17:15,27,23,4
23/05/2012,17:30,24,19,5
23/05/2012,17:45,25,14,11
23/05/2012,18:00,11,6,5
23/05/2012,18:15,17,7,10
23/05/2012,18:30,19,9,10
23/05/2012,18:45,18,5,13
23/05/2012,19:00,11,5,6
23/05/2012,19:15,17,9,8
23/05/2012,19:30,17,11,6
23/05/2012,19:45,16,10,6
23/05/2012,20:00,8,1,7
23/05/2012,20:15,6,5,1
23/05/2012,20:30,6,3,3
23/05/2012,20:45,6,2,4
23/05/2012,21:00,8,7,1
23/05/2012,21:15,5,1,4
23/05/2012,21:30,6,5,1
23/05/2012,21:45,5,3,2
23/05/2012,22:00,2,1,1
23/05/2012,22:15,2,2,0
23/05/2012,22:30,4,2,2
23/05/2012,22:45,3,0,3
23/05/2012,23:00,0,0,0
23/05/2012,23:15,0,0,0
23/05/2012,23:30,0,0,0
23/05/2012,23:45,0,0,0
24/05/2012,00:00,1,0,1
24/05/2012,00:15,0,0,0
24/05/2012,00:30,0,0,0
24/05/2012,00:45,1,0,1
24/05/2012,01:00,0,0,0
24/05/2012,01:15,0,0,0
24/05/2012,01:30,0,0,0
24/05/2012,01:45,0,0,0
24/05/2012,02:00,0,0,0
24/05/2012,02:15,2,2,0
24/05/2012,02:30,1,1,0
24/05/2012,02:45,0,0,0
24/05/2012,03:00,0,0,0
24/05/2012,03:15,0,0,0
24/05/2012,03:30,1,0,1
24/05/2012,03:45,0,0,0
24/05/2012,04:00,1,1,0
24/05/2012,04:15,0,0,0
24/05/2012,04:30,1,0,1
24/05/2012,04:45,0,0,0
24/05/2012,05:00,2,1,1
24/05/2012,05:15,4,1,3
24/05/2012,05:30,11,4,7
24/05/2012,05:45,10,2,8
24/05/2012,06:00,6,3,3
24/05/2012,06:15,14,7,7
24/05/2012,06:30,15,7,8
24/05/2012,06:45,12,7,5
24/05/2012,07:00,21,11,10
24/05/2012,07:15,27,10,17
24/05/2012,07:30,23,9,14
24/05/2012,07:45,29,12,17
24/05/2012,08:00,33,10,23
24/05/2012,08:15,25,10,15
24/05/2012,08:30,21,7,14
24/05/2012,08:45,23,9,14
24/05/2012,09:00,19,5,14
24/05/2012,09:15,14,7,7
24/05/2012,09:30,15,8,7
24/05/2012,09:45,8,2,6
24/05/2012,10:00,17,12,5
24/05/2012,10:15,13,6,7
24/05/2012,10:30,10,4,6
24/05/2012,10:45,18,12,6
24/05/2012,11:00,20,15,5
24/05/2012,11:15,23,14,9
24/05/2012,11:30,30,20,10
24/05/2012,11:45,24,17,7
24/05/2012,12:00,24,18,6
24/05/2012,12:15,30,17,13
24/05/2012,12:30,26,18,8
24/05/2012,12:45,21,13,8
24/05/2012,13:00,26,15,11
24/05/2012,13:15,19,17,2
24/05/2012,13:30,26,17,9
24/05/2012,13:45,22,13,9
24/05/2012,14:00,24,17,7
24/05/2012,14:15,18,9,9
24/05/2012,14:30,16,6,10
24/05/2012,14:45,12,6,6
24/05/2012,15:00,27,13,14
24/05/2012,15:15,19,9,10
24/05/2012,15:30,12,7,5
24/05/2012,15:45,10,4,6
24/05/2012,16:00,33,13,20
24/05/2012,16:15,21,8,13
24/05/2012,16:30,29,17,12
24/05/2012,16:45,29,14,15
24/05/2012,17:00,23,8,15
24/05/2012,17:15,37,21,16
24/05/2012,17:30,35,16,19
24/05/2012,17:45,46,21,25
24/05/2012,18:00,56,29,27
24/05/2012,18:15,50,23,27
24/05/2012,18:30,45,23,22
24/05/2012,18:45,35,16,19
24/05/2012,19:00,22,9,13
24/05/2012,19:15,29,20,9
24/05/2012,19:30,16,10,6
24/05/2012,19:45,14,7,7
24/05/2012,20:00,10,4,6
24/05/2012,20:15,11,6,5
24/05/2012,20:30,3,1,2
24/05/2012,20:45,5,1,4
24/05/2012,21:00,5,2,3
24/05/2012,21:15,3,1,2
24/05/2012,21:30,3,0,3
24/05/2012,21:45,0,0,0
24/05/2012,22:00,2,0,2
24/05/2012,22:15,2,1,1
24/05/2012,22:30,4,3,1
24/05/2012,22:45,2,1,1
24/05/2012,23:00,1,0,1
24/05/2012,23:15,2,0,2
24/05/2012,23:30,0,0,0
24/05/2012,23:45,0,0,0
25/05/2012,00:00,0,0,0
25/05/2012,00:15,1,1,0
25/05/2012,00:30,1,0,1
25/05/2012,00:45,2,1,1
25/05/2012,01:00,1,0,1
25/05/2012,01:15,0,0,0
25/05/2012,01:30,0,0,0
25/05/2012,01:45,0,0,0
25/05/2012,02:00,1,1,0
25/05/2012,02:15,0,0,0
25/05/2012,02:30,0,0,0
25/05/2012,02:45,0,0,0
25/05/2012,03:00,0,0,0
25/05/2012,03:15,1,1,0
25/05/2012,03:30,0,0,0
25/05/2012,03:45,0,0,0
25/05/2012,04:00,3,1,2
25/05/2012,04:15,1,0,1
25/05/2012,04:30,0,0,0
25/05/2012,04:45,1,0,1
25/05/2012,05:00,1,0,1
25/05/2012,05:15,3,1,2
25/05/2012,05:30,9,5,4
25/05/2012,05:45,7,1,6
25/05/2012,06:00,11,5,6
25/05/2012,06:15,13,7,6
25/05/2012,06:30,17,6,11
25/05/2012,06:45,22,11,11
25/05/2012,07:00,18,9,9
25/05/2012,07:15,27,11,16
25/05/2012,07:30,24,7,17
25/05/2012,07:45,33,15,18
25/05/2012,08:00,34,28,6
25/05/2012,08:15,24,18,6
25/05/2012,08:30,24,17,7
25/05/2012,08:45,18,12,6
25/05/2012,09:00,17,8,9
25/05/2012,09:15,20,11,9
25/05/2012,09:30,18,5,13
25/05/2012,09:45,19,11,8
25/05/2012,10:00,16,6,10
25/05/2012,10:15,13,6,7
25/05/2012,10:30,27,15,12
25/05/2012,10:45,15,6,9
25/05/2012,11:00,15,9,6
25/05/2012,11:15,24,7,17
25/05/2012,11:30,15,7,8
25/05/2012,11:45,12,7,5
25/05/2012,12:00,15,4,11
25/05/2012,12:15,27,20,7
25/05/2012,12:30,24,12,12
25/05/2012,12:45,14,9,5
25/05/2012,13:00,17,14,3
25/05/2012,13:15,23,16,7
25/05/2012,13:30,17,6,11
25/05/2012,13:45,23,14,9
25/05/2012,14:00,22,11,11
25/05/2012,14:15,22,15,7
25/05/2012,14:30,17,6,11
25/05/2012,14:45,25,11,14
25/05/2012,15:00,24,15,9
25/05/2012,15:15,30,19,11
25/05/2012,15:30,28,11,17
25/05/2012,15:45,18,10,8
25/05/2012,16:00,44,17,27
25/05/2012,16:15,36,14,22
25/05/2012,16:30,28,12,16
25/05/2012,16:45,48,21,27
25/05/2012,17:00,47,22,25
25/05/2012,17:15,29,11,18
25/05/2012,17:30,27,12,15
25/05/2012,17:45,42,18,24
25/05/2012,18:00,32,13,19
25/05/2012,18:15,33,13,20
25/05/2012,18:30,34,11,23
25/05/2012,18:45,25,16,9
25/05/2012,19:00,28,15,13
25/05/2012,19:15,25,11,14
25/05/2012,19:30,24,15,9
25/05/2012,19:45,26,8,18
25/05/2012,20:00,42,22,20
25/05/2012,20:15,35,17,18
25/05/2012,20:30,18,7,11
25/05/2012,20:45,12,8,4
25/05/2012,21:00,4,2,2
25/05/2012,21:15,11,1,10
25/05/2012,21:30,5,2,3
25/05/2012,21:45,3,2,1
25/05/2012,22:00,3,2,1
25/05/2012,22:15,7,2,5
25/05/2012,22:30,6,4,2
25/05/2012,22:45,1,0,1
25/05/2012,23:00,2,1,1
25/05/2012,23:15,11,8,3
25/05/2012,23:30,1,1,0
25/05/2012,23:45,0,0,0
26/05/2012,00:00,0,0,0
26/05/2012,00:15,0,0,0
26/05/2012,00:30,3,1,2
26/05/2012,00:45,0,0,0
26/05/2012,01:00,0,0,0
26/05/2012,01:15,2,2,0
26/05/2012,01:30,12,7,5
26/05/2012,01:45,1,1,0
26/05/2012,02:00,4,0,4
26/05/2012,02:15,2,0,2
26/05/2012,02:30,0,0,0
26/05/2012,02:45,0,0,0
26/05/2012,03:00,4,0,4
26/05/2012,03:15,1,1,0
26/05/2012,03:30,0,0,0
26/05/2012,03:45,0,0,0
26/05/2012,04:00,0,0,0
26/05/2012,04:15,0,0,0
26/05/2012,04:30,0,0,0
26/05/2012,04:45,1,1,0
26/05/2012,05:00,1,1,0
26/05/2012,05:15,1,1,0
26/05/2012,05:30,1,1,0
26/05/2012,05:45,7,4,3
26/05/2012,06:00,8,3,5
26/05/2012,06:15,7,4,3
26/05/2012,06:30,9,4,5
26/05/2012,06:45,16,7,9
26/05/2012,07:00,11,5,6
26/05/2012,07:15,16,10,6
26/05/2012,07:30,22,13,9
26/05/2012,07:45,26,13,13
26/05/2012,08:00,38,26,12
26/05/2012,08:15,33,13,20
26/05/2012,08:30,24,9,15
26/05/2012,08:45,42,22,20
26/05/2012,09:00,32,13,19
26/05/2012,09:15,29,8,21
26/05/2012,09:30,54,28,26
26/05/2012,09:45,40,15,25
26/05/2012,10:00,51,28,23
26/05/2012,10:15,45,18,27
26/05/2012,10:30,66,35,31
26/05/2012,10:45,45,25,20
26/05/2012,11:00,48,25,23
26/05/2012,11:15,71,33,38
26/05/2012,11:30,39,21,18
26/05/2012,11:45,53,24,29
26/05/2012,12:00,46,30,16
26/05/2012,12:15,45,23,22
26/05/2012,12:30,48,30,18
26/05/2012,12:45,45,28,17
26/05/2012,13:00,56,21,35
26/05/2012,13:15,32,13,19
26/05/2012,13:30,37,18,19
26/05/2012,13:45,59,37,22
26/05/2012,14:00,39,18,21
26/05/2012,14:15,33,22,11
26/05/2012,14:30,24,8,16
26/05/2012,14:45,20,9,11
26/05/2012,15:00,45,27,18
26/05/2012,15:15,31,19,12
26/05/2012,15:30,19,12,7
26/05/2012,15:45,36,12,24
26/05/2012,16:00,27,11,16
26/05/2012,16:15,21,9,12
26/05/2012,16:30,35,12,23
26/05/2012,16:45,19,5,14
26/05/2012,17:00,19,8,11
26/05/2012,17:15,24,13,11
26/05/2012,17:30,17,6,11
26/05/2012,17:45,17,5,12
26/05/2012,18:00,15,6,9
26/05/2012,18:15,25,12,13
26/05/2012,18:30,16,8,8
26/05/2012,18:45,25,13,12
26/05/2012,19:00,22,10,12
26/05/2012,19:15,15,5,10
26/05/2012,19:30,10,5,5
26/05/2012,19:45,27,9,18
26/05/2012,20:00,14,7,7
26/05/2012,20:15,11,5,6
26/05/2012,20:30,23,6,17
26/05/2012,20:45,7,4,3
26/05/2012,21:00,6,0,6
26/05/2012,21:15,3,2,1
26/05/2012,21:30,5,4,1
26/05/2012,21:45,4,2,2
26/05/2012,22:00,1,1,0
26/05/2012,22:15,5,4,1
26/05/2012,22:30,2,1,1
26/05/2012,22:45,5,4,1
26/05/2012,23:00,1,1,0
26/05/2012,23:15,0,0,0
26/05/2012,23:30,4,0,4
26/05/2012,23:45,0,0,0
27/05/2012,00:00,2,1,1
27/05/2012,00:15,6,2,4
27/05/2012,00:30,2,1,1
27/05/2012,00:45,2,0,2
27/05/2012,01:00,0,0,0
27/05/2012,01:15,1,0,1
27/05/2012,01:30,0,0,0
27/05/2012,01:45,2,0,2
27/05/2012,02:00,2,0,2
27/05/2012,02:15,2,2,0
27/05/2012,02:30,0,0,0
27/05/2012,02:45,0,0,0
27/05/2012,03:00,1,0,1
27/05/2012,03:15,0,0,0
27/05/2012,03:30,0,0,0
27/05/2012,03:45,0,0,0
27/05/2012,04:00,0,0,0
27/05/2012,04:15,0,0,0
27/05/2012,04:30,0,0,0
27/05/2012,04:45,0,0,0
27/05/2012,05:00,0,0,0
27/05/2012,05:15,2,1,1
27/05/2012,05:30,1,1,0
27/05/2012,05:45,1,0,1
27/05/2012,06:00,3,3,0
27/05/2012,06:15,4,2,2
27/05/2012,06:30,10,4,6
27/05/2012,06:45,9,5,4
27/05/2012,07:00,11,7,4
27/05/2012,07:15,16,9,7
27/05/2012,07:30,24,8,16
27/05/2012,07:45,19,12,7
27/05/2012,08:00,18,6,12
27/05/2012,08:15,26,14,12
27/05/2012,08:30,19,11,8
27/05/2012,08:45,34,14,20
27/05/2012,09:00,44,25,19
27/05/2012,09:15,46,18,28
27/05/2012,09:30,50,25,25
27/05/2012,09:45,46,27,19
27/05/2012,10:00,47,20,27
27/05/2012,10:15,39,12,27
27/05/2012,10:30,43,15,28
27/05/2012,10:45,67,23,44
27/05/2012,11:00,64,27,37
27/05/2012,11:15,43,27,16
27/05/2012,11:30,62,31,31
27/05/2012,11:45,59,35,24
27/05/2012,12:00,40,18,22
27/05/2012,12:15,57,29,28
27/05/2012,12:30,49,25,24
27/05/2012,12:45,52,26,26
27/05/2012,13:00,34,16,18
27/05/2012,13:15,57,37,20
27/05/2012,13:30,39,30,9
27/05/2012,13:45,38,24,14
27/05/2012,14:00,48,22,26
27/05/2012,14:15,29,12,17
27/05/2012,14:30,33,13,20
27/05/2012,14:45,36,16,20
27/05/2012,15:00,34,10,24
27/05/2012,15:15,31,13,18
27/05/2012,15:30,21,9,12
27/05/2012,15:45,28,14,14
27/05/2012,16:00,36,22,14
27/05/2012,16:15,34,13,21
27/05/2012,16:30,44,24,20
27/05/2012,16:45,20,12,8
27/05/2012,17:00,20,10,10
27/05/2012,17:15,39,14,25
27/05/2012,17:30,17,5,12
27/05/2012,17:45,32,16,16
27/05/2012,18:00,18,8,10
27/05/2012,18:15,23,11,12
27/05/2012,18:30,31,16,15
27/05/2012,18:45,21,12,9
27/05/2012,19:00,25,10,15
27/05/2012,19:15,17,10,7
27/05/2012,19:30,20,8,12
27/05/2012,19:45,21,10,11
27/05/2012,20:00,32,12,20
27/05/2012,20:15,18,8,10
27/05/2012,20:30,15,10,5
27/05/2012,20:45,13,8,5
27/05/2012,21:00,7,5,2
27/05/2012,21:15,2,2,0
27/05/2012,21:30,1,1,0
27/05/2012,21:45,4,2,2
27/05/2012,22:00,6,4,2
27/05/2012,22:15,0,0,0
27/05/2012,22:30,0,0,0
27/05/2012,22:45,2,1,1
27/05/2012,23:00,0,0,0
27/05/2012,23:15,2,0,2
27/05/2012,23:30,1,0,1
27/05/2012,23:45,0,0,0
28/05/2012,00:00,1,0,1
28/05/2012,00:15,0,0,0
28/05/2012,00:30,0,0,0
28/05/2012,00:45,0,0,0
28/05/2012,01:00,1,0,1
28/05/2012,01:15,2,2,0
28/05/2012,01:30,2,0,2
28/05/2012,01:45,2,2,0
28/05/2012,02:00,4,0,4
28/05/2012,02:15,0,0,0
28/05/2012,02:30,0,0,0
28/05/2012,02:45,0,0,0
28/05/2012,03:00,0,0,0
28/05/2012,03:15,0,0,0
28/05/2012,03:30,0,0,0
28/05/2012,03:45,3,0,3
28/05/2012,04:00,3,3,0
28/05/2012,04:15,0,0,0
28/05/2012,04:30,0,0,0
28/05/2012,04:45,0,0,0
28/05/2012,05:00,2,0,2
28/05/2012,05:15,0,0,0
28/05/2012,05:30,3,1,2
28/05/2012,05:45,1,0,1
28/05/2012,06:00,3,1,2
28/05/2012,06:15,2,0,2
28/05/2012,06:30,3,1,2
28/05/2012,06:45,11,6,5
28/05/2012,07:00,8,4,4
28/05/2012,07:15,22,10,12
28/05/2012,07:30,17,5,12
28/05/2012,07:45,37,20,17
28/05/2012,08:00,44,23,21
28/05/2012,08:15,42,19,23
28/05/2012,08:30,38,16,22
28/05/2012,08:45,39,13,26
28/05/2012,09:00,46,19,27
28/05/2012,09:15,52,17,35
28/05/2012,09:30,57,32,25
28/05/2012,09:45,43,20,23
28/05/2012,10:00,58,27,31
28/05/2012,10:15,62,29,33
28/05/2012,10:30,89,36,53
28/05/2012,10:45,56,20,36
28/05/2012,11:00,49,23,26
28/05/2012,11:15,57,31,26
28/05/2012,11:30,71,36,35
28/05/2012,11:45,54,32,22
28/05/2012,12:00,61,32,29
28/05/2012,12:15,63,29,34
28/05/2012,12:30,52,34,18
28/05/2012,12:45,36,20,16
28/05/2012,13:00,44,28,16
28/05/2012,13:15,37,21,16
28/05/2012,13:30,35,18,17
28/05/2012,13:45,43,26,17
28/05/2012,14:00,24,19,5
28/05/2012,14:15,33,20,13
28/05/2012,14:30,33,22,11
28/05/2012,14:45,25,15,10
28/05/2012,15:00,26,18,8
28/05/2012,15:15,26,15,11
28/05/2012,15:30,25,15,10
28/05/2012,15:45,37,16,21
28/05/2012,16:00,23,9,14
28/05/2012,16:15,19,11,8
28/05/2012,16:30,34,16,18
28/05/2012,16:45,23,14,9
28/05/2012,17:00,20,14,6
28/05/2012,17:15,32,11,21
28/05/2012,17:30,21,12,9
28/05/2012,17:45,20,15,5
28/05/2012,18:00,26,15,11
28/05/2012,18:15,18,13,5
28/05/2012,18:30,19,11,8
28/05/2012,18:45,19,9,10
28/05/2012,19:00,23,16,7
28/05/2012,19:15,26,18,8
28/05/2012,19:30,19,13,6
28/05/2012,19:45,14,8,6
28/05/2012,20:00,23,15,8
28/05/2012,20:15,30,24,6
28/05/2012,20:30,37,18,19
28/05/2012,20:45,9,6,3
28/05/2012,21:00,6,3,3
28/05/2012,21:15,8,3,5
28/05/2012,21:30,4,1,3
28/05/2012,21:45,3,2,1
28/05/2012,22:00,7,3,4
28/05/2012,22:15,2,1,1
28/05/2012,22:30,1,0,1
28/05/2012,22:45,1,0,1
28/05/2012,23:00,0,0,0
28/05/2012,23:15,1,0,1
28/05/2012,23:30,1,1,0
28/05/2012,23:45,0,0,0
29/05/2012,00:00,1,0,1
29/05/2012,00:15,0,0,0
29/05/2012,00:30,0,0,0
29/05/2012,00:45,0,0,0
29/05/2012,01:00,0,0,0
29/05/2012,01:15,1,1,0
29/05/2012,01:30,0,0,0
29/05/2012,01:45,0,0,0
29/05/2012,02:00,0,0,0
29/05/2012,02:15,0,0,0
29/05/2012,02:30,0,0,0
29/05/2012,02:45,0,0,0
29/05/2012,03:00,0,0,0
29/05/2012,03:15,0,0,0
29/05/2012,03:30,0,0,0
29/05/2012,03:45,1,0,1
29/05/2012,04:00,0,0,0
29/05/2012,04:15,0,0,0
29/05/2012,04:30,2,2,0
29/05/2012,04:45,2,0,2
29/05/2012,05:00,5,3,2
29/05/2012,05:15,5,2,3
29/05/2012,05:30,10,5,5
29/05/2012,05:45,14,5,9
29/05/2012,06:00,11,7,4
29/05/2012,06:15,14,6,8
29/05/2012,06:30,27,11,16
29/05/2012,06:45,21,8,13
29/05/2012,07:00,22,8,14
29/05/2012,07:15,31,11,20
29/05/2012,07:30,35,13,22
29/05/2012,07:45,28,13,15
29/05/2012,08:00,34,15,19
29/05/2012,08:15,28,11,17
29/05/2012,08:30,19,10,9
29/05/2012,08:45,18,6,12
29/05/2012,09:00,13,8,5
29/05/2012,09:15,25,12,13
29/05/2012,09:30,15,10,5
29/05/2012,09:45,18,11,7
29/05/2012,10:00,30,18,12
29/05/2012,10:15,20,12,8
29/05/2012,10:30,19,14,5
29/05/2012,10:45,29,19,10
29/05/2012,11:00,12,12,0
29/05/2012,11:15,15,12,3
29/05/2012,11:30,19,15,4
29/05/2012,11:45,18,14,4
29/05/2012,12:00,23,19,4
29/05/2012,12:15,28,25,3
29/05/2012,12:30,16,13,3
29/05/2012,12:45,18,15,3
29/05/2012,13:00,23,14,9
29/05/2012,13:15,18,14,4
29/05/2012,13:30,13,6,7
29/05/2012,13:45,26,19,7
29/05/2012,14:00,20,17,3
29/05/2012,14:15,18,11,7
29/05/2012,14:30,9,6,3
29/05/2012,14:45,15,10,5
29/05/2012,15:00,3,3,0
29/05/2012,15:15,19,13,6
29/05/2012,15:30,11,8,3
29/05/2012,15:45,20,13,7
29/05/2012,16:00,15,6,9
29/05/2012,16:15,29,16,13
29/05/2012,16:30,23,9,14
29/05/2012,16:45,46,26,20
29/05/2012,17:00,28,16,12
29/05/2012,17:15,23,14,9
29/05/2012,17:30,39,18,21
29/05/2012,17:45,31,24,7
29/05/2012,18:00,40,27,13
29/05/2012,18:15,37,18,19
29/05/2012,18:30,29,20,9
29/05/2012,18:45,47,31,16
29/05/2012,19:00,34,22,12
29/05/2012,19:15,32,16,16
29/05/2012,19:30,27,16,11
29/05/2012,19:45,20,12,8
29/05/2012,20:00,16,11,5
29/05/2012,20:15,18,11,7
29/05/2012,20:30,9,3,6
29/05/2012,20:45,4,3,1
29/05/2012,21:00,0,0,0
29/05/2012,21:15,1,0,1
29/05/2012,21:30,1,0,1
29/05/2012,21:45,3,2,1
29/05/2012,22:00,0,0,0
29/05/2012,22:15,2,0,2
29/05/2012,22:30,0,0,0
29/05/2012,22:45,0,0,0
29/05/2012,23:00,0,0,0
29/05/2012,23:15,3,1,2
29/05/2012,23:30,2,2,0
29/05/2012,23:45,1,0,1
30/05/2012,00:00,0,0,0
30/05/2012,00:15,0,0,0
30/05/2012,00:30,0,0,0
30/05/2012,00:45,0,0,0
30/05/2012,01:00,0,0,0
30/05/2012,01:15,0,0,0
30/05/2012,01:30,0,0,0
30/05/2012,01:45,0,0,0
30/05/2012,02:00,0,0,0
30/05/2012,02:15,0,0,0
30/05/2012,02:30,0,0,0
30/05/2012,02:45,0,0,0
30/05/2012,03:00,0,0,0
30/05/2012,03:15,0,0,0
30/05/2012,03:30,0,0,0
30/05/2012,03:45,0,0,0
30/05/2012,04:00,2,1,1
30/05/2012,04:15,1,1,0
30/05/2012,04:30,0,0,0
30/05/2012,04:45,1,1,0
30/05/2012,05:00,0,0,0
30/05/2012,05:15,1,0,1
30/05/2012,05:30,11,5,6
30/05/2012,05:45,10,5,5
30/05/2012,06:00,10,5,5
30/05/2012,06:15,15,3,12
30/05/2012,06:30,17,7,10
30/05/2012,06:45,27,12,15
30/05/2012,07:00,20,7,13
30/05/2012,07:15,23,6,17
30/05/2012,07:30,27,10,17
30/05/2012,07:45,26,10,16
30/05/2012,08:00,24,5,19
30/05/2012,08:15,21,6,15
30/05/2012,08:30,26,7,19
30/05/2012,08:45,24,5,19
30/05/2012,09:00,19,4,15
30/05/2012,09:15,23,7,16
30/05/2012,09:30,8,4,4
30/05/2012,09:45,14,5,9
30/05/2012,10:00,13,4,9
30/05/2012,10:15,5,1,4
30/05/2012,10:30,9,5,4
30/05/2012,10:45,4,2,2
30/05/2012,11:00,9,4,5
30/05/2012,11:15,11,2,9
30/05/2012,11:30,23,10,13
30/05/2012,11:45,11,8,3
30/05/2012,12:00,7,2,5
30/05/2012,12:15,14,7,7
30/05/2012,12:30,16,4,12
30/05/2012,12:45,12,4,8
30/05/2012,13:00,14,9,5
30/05/2012,13:15,9,5,4
30/05/2012,13:30,6,3,3
30/05/2012,13:45,10,2,8
30/05/2012,14:00,11,6,5
30/05/2012,14:15,18,8,10
30/05/2012,14:30,15,7,8
30/05/2012,14:45,12,5,7
30/05/2012,15:00,8,5,3
30/05/2012,15:15,16,6,10
30/05/2012,15:30,21,11,10
30/05/2012,15:45,24,12,12
30/05/2012,16:00,22,8,14
30/05/2012,16:15,18,6,12
30/05/2012,16:30,24,9,15
30/05/2012,16:45,38,13,25
30/05/2012,17:00,36,16,20
30/05/2012,17:15,35,16,19
30/05/2012,17:30,36,14,22
30/05/2012,17:45,50,22,28
30/05/2012,18:00,48,26,22
30/05/2012,18:15,45,15,30
30/05/2012,18:30,50,20,30
30/05/2012,18:45,46,20,26
30/05/2012,19:00,32,13,19
30/05/2012,19:15,33,15,18
30/05/2012,19:30,45,17,28
30/05/2012,19:45,46,25,21
30/05/2012,20:00,29,14,15
30/05/2012,20:15,13,5,8
30/05/2012,20:30,18,11,7
30/05/2012,20:45,20,8,12
30/05/2012,21:00,10,5,5
30/05/2012,21:15,7,5,2
30/05/2012,21:30,6,2,4
30/05/2012,21:45,6,3,3
30/05/2012,22:00,3,2,1
30/05/2012,22:15,1,0,1
30/05/2012,22:30,3,0,3
30/05/2012,22:45,4,4,0
30/05/2012,23:00,3,1,2
30/05/2012,23:15,1,0,1
30/05/2012,23:30,5,2,3
30/05/2012,23:45,0,0,0
31/05/2012,00:00,1,0,1
31/05/2012,00:15,3,0,3
31/05/2012,00:30,0,0,0
31/05/2012,00:45,0,0,0
31/05/2012,01:00,1,0,1
31/05/2012,01:15,0,0,0
31/05/2012,01:30,1,1,0
31/05/2012,01:45,0,0,0
31/05/2012,02:00,0,0,0
31/05/2012,02:15,0,0,0
31/05/2012,02:30,0,0,0
31/05/2012,02:45,0,0,0
31/05/2012,03:00,0,0,0
31/05/2012,03:15,0,0,0
31/05/2012,03:30,1,0,1
31/05/2012,03:45,0,0,0
31/05/2012,04:00,2,1,1
31/05/2012,04:15,1,0,1
31/05/2012,04:30,2,1,1
31/05/2012,04:45,1,0,1
31/05/2012,05:00,1,0,1
31/05/2012,05:15,4,3,1
31/05/2012,05:30,11,5,6
31/05/2012,05:45,12,5,7
31/05/2012,06:00,16,6,10
31/05/2012,06:15,18,7,11
31/05/2012,06:30,37,12,25
31/05/2012,06:45,29,10,19
31/05/2012,07:00,25,10,15
31/05/2012,07:15,34,14,20
31/05/2012,07:30,40,10,30
31/05/2012,07:45,36,8,28
31/05/2012,08:00,32,10,22
31/05/2012,08:15,28,9,19
31/05/2012,08:30,25,7,18
31/05/2012,08:45,24,5,19
31/05/2012,09:00,27,15,12
31/05/2012,09:15,17,8,9
31/05/2012,09:30,14,6,8
31/05/2012,09:45,18,9,9
31/05/2012,10:00,20,12,8
31/05/2012,10:15,24,16,8
31/05/2012,10:30,31,23,8
31/05/2012,10:45,16,13,3
31/05/2012,11:00,10,5,5
31/05/2012,11:15,26,16,10
31/05/2012,11:30,19,17,2
31/05/2012,11:45,23,16,7
31/05/2012,12:00,40,34,6
31/05/2012,12:15,31,25,6
31/05/2012,12:30,13,7,6
31/05/2012,12:45,21,8,13
31/05/2012,13:00,26,23,3
31/05/2012,13:15,19,9,10
31/05/2012,13:30,18,12,6
31/05/2012,13:45,27,25,2
31/05/2012,14:00,19,10,9
31/05/2012,14:15,14,2,12
31/05/2012,14:30,26,13,13
31/05/2012,14:45,9,3,6
31/05/2012,15:00,18,6,12
31/05/2012,15:15,23,12,11
31/05/2012,15:30,17,8,9
31/05/2012,15:45,26,11,15
31/05/2012,16:00,19,7,12
31/05/2012,16:15,36,12,24
31/05/2012,16:30,40,13,27
31/05/2012,16:45,39,15,24
31/05/2012,17:00,47,18,29
31/05/2012,17:15,51,19,32
31/05/2012,17:30,55,25,30
31/05/2012,17:45,43,16,27
31/05/2012,18:00,74,27,47
31/05/2012,18:15,58,26,32
31/05/2012,18:30,63,25,38
31/05/2012,18:45,53,29,24
31/05/2012,19:00,40,21,19
31/05/2012,19:15,55,18,37
31/05/2012,19:30,45,17,28
31/05/2012,19:45,50,25,25
31/05/2012,20:00,40,18,22
31/05/2012,20:15,18,6,12
31/05/2012,20:30,23,13,10
31/05/2012,20:45,16,8,8
31/05/2012,21:00,11,7,4
31/05/2012,21:15,8,6,2
31/05/2012,21:30,3,1,2
31/05/2012,21:45,7,4,3
31/05/2012,22:00,8,3,5
31/05/2012,22:15,5,2,3
31/05/2012,22:30,2,1,1
31/05/2012,22:45,5,1,4
31/05/2012,23:00,4,3,1
31/05/2012,23:15,4,1,3
31/05/2012,23:30,0,0,0
31/05/2012,23:45,2,0,2
01/06/2012,00:00,4,2,2
01/06/2012,00:15,3,2,1
01/06/2012,00:30,3,0,3
01/06/2012,00:45,0,0,0
01/06/2012,01:00,1,0,1
01/06/2012,01:15,0,0,0
01/06/2012,01:30,0,0,0
01/06/2012,01:45,0,0,0
01/06/2012,02:00,0,0,0
01/06/2012,02:15,1,0,1
01/06/2012,02:30,0,0,0
01/06/2012,02:45,0,0,0
01/06/2012,03:00,0,0,0
01/06/2012,03:15,0,0,0
01/06/2012,03:30,0,0,0
01/06/2012,03:45,0,0,0
01/06/2012,04:00,0,0,0
01/06/2012,04:15,2,1,1
01/06/2012,04:30,0,0,0
01/06/2012,04:45,0,0,0
01/06/2012,05:00,0,0,0
01/06/2012,05:15,6,3,3
01/06/2012,05:30,7,7,0
01/06/2012,05:45,11,6,5
01/06/2012,06:00,10,4,6
01/06/2012,06:15,15,8,7
01/06/2012,06:30,13,6,7
01/06/2012,06:45,20,10,10
01/06/2012,07:00,16,5,11
01/06/2012,07:15,24,6,18
01/06/2012,07:30,27,12,15
01/06/2012,07:45,22,10,12
01/06/2012,08:00,15,7,8
01/06/2012,08:15,18,5,13
01/06/2012,08:30,14,8,6
01/06/2012,08:45,11,6,5
01/06/2012,09:00,12,7,5
01/06/2012,09:15,13,7,6
01/06/2012,09:30,7,2,5
01/06/2012,09:45,7,3,4
01/06/2012,10:00,11,4,7
01/06/2012,10:15,12,2,10
01/06/2012,10:30,9,5,4
01/06/2012,10:45,12,4,8
01/06/2012,11:00,12,6,6
01/06/2012,11:15,13,5,8
01/06/2012,11:30,10,3,7
01/06/2012,11:45,9,4,5
01/06/2012,12:00,11,4,7
01/06/2012,12:15,5,2,3
01/06/2012,12:30,19,8,11
01/06/2012,12:45,11,2,9
01/06/2012,13:00,8,2,6
01/06/2012,13:15,6,5,1
01/06/2012,13:30,8,6,2
01/06/2012,13:45,7,6,1
01/06/2012,14:00,8,4,4
01/06/2012,14:15,12,4,8
01/06/2012,14:30,7,0,7
01/06/2012,14:45,6,2,4
01/06/2012,15:00,17,10,7
01/06/2012,15:15,18,8,10
01/06/2012,15:30,11,7,4
01/06/2012,15:45,14,5,9
01/06/2012,16:00,7,3,4
01/06/2012,16:15,14,4,10
01/06/2012,16:30,8,7,1
01/06/2012,16:45,9,6,3
01/06/2012,17:00,9,3,6
01/06/2012,17:15,9,2,7
01/06/2012,17:30,9,2,7
01/06/2012,17:45,7,3,4
01/06/2012,18:00,8,1,7
01/06/2012,18:15,7,3,4
01/06/2012,18:30,5,3,2
01/06/2012,18:45,6,6,0
01/06/2012,19:00,3,2,1
01/06/2012,19:15,1,1,0
01/06/2012,19:30,1,0,1
01/06/2012,19:45,2,0,2
01/06/2012,20:00,3,3,0
01/06/2012,20:15,0,0,0
01/06/2012,20:30,1,0,1
01/06/2012,20:45,0,0,0
01/06/2012,21:00,5,1,4
01/06/2012,21:15,1,0,1
01/06/2012,21:30,3,1,2
01/06/2012,21:45,1,1,0
01/06/2012,22:00,0,0,0
01/06/2012,22:15,0,0,0
01/06/2012,22:30,0,0,0
01/06/2012,22:45,1,1,0
01/06/2012,23:00,1,0,1
01/06/2012,23:15,0,0,0
01/06/2012,23:30,1,0,1
01/06/2012,23:45,0,0,0
02/06/2012,00:00,0,0,0
02/06/2012,00:15,0,0,0
02/06/2012,00:30,1,0,1
02/06/2012,00:45,0,0,0
02/06/2012,01:00,2,1,1
02/06/2012,01:15,0,0,0
02/06/2012,01:30,1,1,0
02/06/2012,01:45,0,0,0
02/06/2012,02:00,1,0,1
02/06/2012,02:15,2,2,0
02/06/2012,02:30,1,1,0
02/06/2012,02:45,0,0,0
02/06/2012,03:00,1,1,0
02/06/2012,03:15,1,1,0
02/06/2012,03:30,0,0,0
02/06/2012,03:45,1,0,1
02/06/2012,04:00,0,0,0
02/06/2012,04:15,0,0,0
02/06/2012,04:30,0,0,0
02/06/2012,04:45,1,1,0
02/06/2012,05:00,0,0,0
02/06/2012,05:15,2,1,1
02/06/2012,05:30,3,3,0
02/06/2012,05:45,4,4,0
02/06/2012,06:00,4,3,1
02/06/2012,06:15,3,2,1
02/06/2012,06:30,5,3,2
02/06/2012,06:45,10,9,1
02/06/2012,07:00,13,3,10
02/06/2012,07:15,17,10,7
02/06/2012,07:30,16,11,5
02/06/2012,07:45,23,18,5
02/06/2012,08:00,22,13,9
02/06/2012,08:15,28,18,10
02/06/2012,08:30,25,15,10
02/06/2012,08:45,24,13,11
02/06/2012,09:00,32,17,15
02/06/2012,09:15,59,20,39
02/06/2012,09:30,39,17,22
02/06/2012,09:45,50,15,35
02/06/2012,10:00,36,17,19
02/06/2012,10:15,45,17,28
02/06/2012,10:30,44,23,21
02/06/2012,10:45,58,33,25
02/06/2012,11:00,62,28,34
02/06/2012,11:15,50,22,28
02/06/2012,11:30,44,23,21
02/06/2012,11:45,50,21,29
02/06/2012,12:00,58,29,29
02/06/2012,12:15,64,24,40
02/06/2012,12:30,57,32,25
02/06/2012,12:45,44,25,19
02/06/2012,13:00,50,22,28
02/06/2012,13:15,46,12,34
02/06/2012,13:30,51,10,41
02/06/2012,13:45,35,20,15
02/06/2012,14:00,50,15,35
02/06/2012,14:15,43,19,24
02/06/2012,14:30,43,17,26
02/06/2012,14:45,43,22,21
02/06/2012,15:00,54,27,27
02/06/2012,15:15,59,18,41
02/06/2012,15:30,34,11,23
02/06/2012,15:45,37,19,18
02/06/2012,16:00,52,18,34
02/06/2012,16:15,38,15,23
02/06/2012,16:30,44,21,23
02/06/2012,16:45,41,18,23
02/06/2012,17:00,44,24,20
02/06/2012,17:15,50,15,35
02/06/2012,17:30,39,14,25
02/06/2012,17:45,31,10,21
02/06/2012,18:00,37,12,25
02/06/2012,18:15,28,12,16
02/06/2012,18:30,27,12,15
02/06/2012,18:45,20,14,6
02/06/2012,19:00,12,4,8
02/06/2012,19:15,18,8,10
02/06/2012,19:30,25,6,19
02/06/2012,19:45,19,5,14
02/06/2012,20:00,26,14,12
02/06/2012,20:15,14,6,8
02/06/2012,20:30,19,12,7
02/06/2012,20:45,7,2,5
02/06/2012,21:00,8,5,3
02/06/2012,21:15,2,0,2
02/06/2012,21:30,9,4,5
02/06/2012,21:45,5,3,2
02/06/2012,22:00,5,1,4
02/06/2012,22:15,6,6,0
02/06/2012,22:30,0,0,0
02/06/2012,22:45,1,1,0
02/06/2012,23:00,3,1,2
02/06/2012,23:15,1,1,0
02/06/2012,23:30,3,2,1
02/06/2012,23:45,3,1,2
03/06/2012,00:00,1,1,0
03/06/2012,00:15,0,0,0
03/06/2012,00:30,1,0,1
03/06/2012,00:45,3,1,2
03/06/2012,01:00,1,0,1
03/06/2012,01:15,0,0,0
03/06/2012,01:30,0,0,0
03/06/2012,01:45,0,0,0
03/06/2012,02:00,2,0,2
03/06/2012,02:15,0,0,0
03/06/2012,02:30,0,0,0
03/06/2012,02:45,0,0,0
03/06/2012,03:00,0,0,0
03/06/2012,03:15,1,0,1
03/06/2012,03:30,5,2,3
03/06/2012,03:45,0,0,0
03/06/2012,04:00,2,1,1
03/06/2012,04:15,0,0,0
03/06/2012,04:30,1,1,0
03/06/2012,04:45,0,0,0
03/06/2012,05:00,1,0,1
03/06/2012,05:15,1,0,1
03/06/2012,05:30,3,1,2
03/06/2012,05:45,6,5,1
03/06/2012,06:00,2,2,0
03/06/2012,06:15,3,1,2
03/06/2012,06:30,8,1,7
03/06/2012,06:45,5,2,3
03/06/2012,07:00,10,8,2
03/06/2012,07:15,11,4,7
03/06/2012,07:30,19,5,14
03/06/2012,07:45,15,7,8
03/06/2012,08:00,19,11,8
03/06/2012,08:15,25,17,8
03/06/2012,08:30,35,14,21
03/06/2012,08:45,27,14,13
03/06/2012,09:00,44,21,23
03/06/2012,09:15,40,17,23
03/06/2012,09:30,42,28,14
03/06/2012,09:45,66,32,34
03/06/2012,10:00,49,23,26
03/06/2012,10:15,68,27,41
03/06/2012,10:30,52,22,30
03/06/2012,10:45,59,35,24
03/06/2012,11:00,63,26,37
03/06/2012,11:15,58,27,31
03/06/2012,11:30,57,32,25
03/06/2012,11:45,73,33,40
03/06/2012,12:00,63,26,37
03/06/2012,12:15,64,26,38
03/06/2012,12:30,60,26,34
03/06/2012,12:45,68,22,46
03/06/2012,13:00,42,14,28
03/06/2012,13:15,76,45,31
03/06/2012,13:30,58,20,38
03/06/2012,13:45,57,26,31
03/06/2012,14:00,45,15,30
03/06/2012,14:15,44,16,28
03/06/2012,14:30,39,18,21
03/06/2012,14:45,45,26,19
03/06/2012,15:00,60,20,40
03/06/2012,15:15,37,23,14
03/06/2012,15:30,60,28,32
03/06/2012,15:45,44,21,23
03/06/2012,16:00,46,24,22
03/06/2012,16:15,38,16,22
03/06/2012,16:30,39,11,28
03/06/2012,16:45,42,26,16
03/06/2012,17:00,20,9,11
03/06/2012,17:15,39,14,25
03/06/2012,17:30,34,12,22
03/06/2012,17:45,28,16,12
03/06/2012,18:00,28,10,18
03/06/2012,18:15,32,10,22
03/06/2012,18:30,35,9,26
03/06/2012,18:45,28,10,18
03/06/2012,19:00,29,12,17
03/06/2012,19:15,29,13,16
03/06/2012,19:30,16,8,8
03/06/2012,19:45,22,7,15
03/06/2012,20:00,28,15,13
03/06/2012,20:15,25,13,12
03/06/2012,20:30,12,6,6
03/06/2012,20:45,9,5,4
03/06/2012,21:00,6,4,2
03/06/2012,21:15,6,4,2
03/06/2012,21:30,5,3,2
03/06/2012,21:45,3,2,1
03/06/2012,22:00,4,1,3
03/06/2012,22:15,1,1,0
03/06/2012,22:30,1,0,1
03/06/2012,22:45,1,0,1
03/06/2012,23:00,0,0,0
03/06/2012,23:15,0,0,0
03/06/2012,23:30,1,0,1
03/06/2012,23:45,1,1,0
04/06/2012,00:00,0,0,0
04/06/2012,00:15,1,0,1
04/06/2012,00:30,0,0,0
04/06/2012,00:45,0,0,0
04/06/2012,01:00,0,0,0
04/06/2012,01:15,0,0,0
04/06/2012,01:30,0,0,0
04/06/2012,01:45,0,0,0
04/06/2012,02:00,0,0,0
04/06/2012,02:15,0,0,0
04/06/2012,02:30,0,0,0
04/06/2012,02:45,0,0,0
04/06/2012,03:00,0,0,0
04/06/2012,03:15,0,0,0
04/06/2012,03:30,0,0,0
04/06/2012,03:45,2,1,1
04/06/2012,04:00,3,3,0
04/06/2012,04:15,1,0,1
04/06/2012,04:30,1,1,0
04/06/2012,04:45,1,1,0
04/06/2012,05:00,1,0,1
04/06/2012,05:15,6,3,3
04/06/2012,05:30,11,6,5
04/06/2012,05:45,10,2,8
04/06/2012,06:00,7,2,5
04/06/2012,06:15,11,4,7
04/06/2012,06:30,24,9,15
04/06/2012,06:45,21,5,16
04/06/2012,07:00,27,6,21
04/06/2012,07:15,28,7,21
04/06/2012,07:30,44,13,31
04/06/2012,07:45,34,11,23
04/06/2012,08:00,29,10,19
04/06/2012,08:15,29,8,21
04/06/2012,08:30,21,4,17
04/06/2012,08:45,21,4,17
04/06/2012,09:00,16,7,9
04/06/2012,09:15,15,5,10
04/06/2012,09:30,13,3,10
04/06/2012,09:45,17,7,10
04/06/2012,10:00,16,9,7
04/06/2012,10:15,14,10,4
04/06/2012,10:30,16,13,3
04/06/2012,10:45,16,11,5
04/06/2012,11:00,12,4,8
04/06/2012,11:15,19,16,3
04/06/2012,11:30,19,12,7
04/06/2012,11:45,20,14,6
04/06/2012,12:00,27,19,8
04/06/2012,12:15,20,7,13
04/06/2012,12:30,21,14,7
04/06/2012,12:45,15,10,5
04/06/2012,13:00,8,6,2
04/06/2012,13:15,18,8,10
04/06/2012,13:30,15,10,5
04/06/2012,13:45,10,4,6
04/06/2012,14:00,5,4,1
04/06/2012,14:15,15,4,11
04/06/2012,14:30,16,8,8
04/06/2012,14:45,12,2,10
04/06/2012,15:00,21,9,12
04/06/2012,15:15,18,10,8
04/06/2012,15:30,15,3,12
04/06/2012,15:45,20,10,10
04/06/2012,16:00,19,9,10
04/06/2012,16:15,21,14,7
04/06/2012,16:30,26,12,14
04/06/2012,16:45,42,26,16
04/06/2012,17:00,38,20,18
04/06/2012,17:15,49,23,26
04/06/2012,17:30,37,22,15
04/06/2012,17:45,28,12,16
04/06/2012,18:00,42,19,23
04/06/2012,18:15,50,23,27
04/06/2012,18:30,53,21,32
04/06/2012,18:45,50,26,24
04/06/2012,19:00,42,19,23
04/06/2012,19:15,51,25,26
04/06/2012,19:30,39,15,24
04/06/2012,19:45,33,17,16
04/06/2012,20:00,21,7,14
04/06/2012,20:15,31,14,17
04/06/2012,20:30,30,21,9
04/06/2012,20:45,15,4,11
04/06/2012,21:00,9,5,4
04/06/2012,21:15,5,2,3
04/06/2012,21:30,2,1,1
04/06/2012,21:45,2,2,0
04/06/2012,22:00,2,1,1
04/06/2012,22:15,1,1,0
04/06/2012,22:30,7,2,5
04/06/2012,22:45,1,1,0
04/06/2012,23:00,1,0,1
04/06/2012,23:15,0,0,0
04/06/2012,23:30,0,0,0
04/06/2012,23:45,2,1,1
05/06/2012,00:00,9,2,7
05/06/2012,00:15,0,0,0
05/06/2012,00:30,0,0,0
05/06/2012,00:45,0,0,0
05/06/2012,01:00,0,0,0
05/06/2012,01:15,1,1,0
05/06/2012,01:30,0,0,0
05/06/2012,01:45,0,0,0
05/06/2012,02:00,0,0,0
05/06/2012,02:15,1,1,0
05/06/2012,02:30,0,0,0
05/06/2012,02:45,0,0,0
05/06/2012,03:00,0,0,0
05/06/2012,03:15,1,0,1
05/06/2012,03:30,2,1,1
05/06/2012,03:45,2,2,0
05/06/2012,04:00,0,0,0
05/06/2012,04:15,0,0,0
05/06/2012,04:30,1,0,1
05/06/2012,04:45,4,2,2
05/06/2012,05:00,1,0,1
05/06/2012,05:15,2,1,1
05/06/2012,05:30,11,6,5
05/06/2012,05:45,9,1,8
05/06/2012,06:00,13,5,8
05/06/2012,06:15,28,9,19
05/06/2012,06:30,26,12,14
05/06/2012,06:45,26,6,20
05/06/2012,07:00,30,11,19
05/06/2012,07:15,30,7,23
05/06/2012,07:30,35,16,19
05/06/2012,07:45,29,12,17
05/06/2012,08:00,27,9,18
05/06/2012,08:15,24,8,16
05/06/2012,08:30,20,6,14
05/06/2012,08:45,20,8,12
05/06/2012,09:00,21,5,16
05/06/2012,09:15,10,4,6
05/06/2012,09:30,5,2,3
05/06/2012,09:45,8,4,4
05/06/2012,10:00,7,2,5
05/06/2012,10:15,8,2,6
05/06/2012,10:30,6,1,5
05/06/2012,10:45,7,2,5
05/06/2012,11:00,4,1,3
05/06/2012,11:15,15,9,6
05/06/2012,11:30,14,10,4
05/06/2012,11:45,19,14,5
05/06/2012,12:00,11,7,4
05/06/2012,12:15,6,4,2
05/06/2012,12:30,17,9,8
05/06/2012,12:45,12,8,4
05/06/2012,13:00,10,4,6
05/06/2012,13:15,19,13,6
05/06/2012,13:30,12,4,8
05/06/2012,13:45,11,4,7
05/06/2012,14:00,7,4,3
05/06/2012,14:15,11,5,6
05/06/2012,14:30,11,5,6
05/06/2012,14:45,10,4,6
05/06/2012,15:00,12,7,5
05/06/2012,15:15,6,1,5
05/06/2012,15:30,16,8,8
05/06/2012,15:45,25,8,17
05/06/2012,16:00,17,8,9
05/06/2012,16:15,19,7,12
05/06/2012,16:30,30,16,14
05/06/2012,16:45,31,18,13
05/06/2012,17:00,40,19,21
05/06/2012,17:15,41,21,20
05/06/2012,17:30,35,16,19
05/06/2012,17:45,60,35,25
05/06/2012,18:00,44,21,23
05/06/2012,18:15,46,23,23
05/06/2012,18:30,45,22,23
05/06/2012,18:45,32,19,13
05/06/2012,19:00,52,23,29
05/06/2012,19:15,45,29,16
05/06/2012,19:30,27,16,11
05/06/2012,19:45,34,14,20
05/06/2012,20:00,30,14,16
05/06/2012,20:15,25,10,15
05/06/2012,20:30,25,10,15
05/06/2012,20:45,8,4,4
05/06/2012,21:00,14,5,9
05/06/2012,21:15,10,3,7
05/06/2012,21:30,7,5,2
05/06/2012,21:45,4,0,4
05/06/2012,22:00,4,4,0
05/06/2012,22:15,3,1,2
05/06/2012,22:30,6,2,4
05/06/2012,22:45,2,1,1
05/06/2012,23:00,1,0,1
05/06/2012,23:15,0,0,0
05/06/2012,23:30,0,0,0
05/06/2012,23:45,2,1,1
06/06/2012,00:00,2,1,1
06/06/2012,00:15,1,0,1
06/06/2012,00:30,1,1,0
06/06/2012,00:45,3,1,2
06/06/2012,01:00,0,0,0
06/06/2012,01:15,1,0,1
06/06/2012,01:30,1,1,0
06/06/2012,01:45,0,0,0
06/06/2012,02:00,0,0,0
06/06/2012,02:15,1,1,0
06/06/2012,02:30,0,0,0
06/06/2012,02:45,0,0,0
06/06/2012,03:00,0,0,0
06/06/2012,03:15,2,1,1
06/06/2012,03:30,0,0,0
06/06/2012,03:45,3,2,1
06/06/2012,04:00,2,2,0
06/06/2012,04:15,1,0,1
06/06/2012,04:30,0,0,0
06/06/2012,04:45,1,1,0
06/06/2012,05:00,1,0,1
06/06/2012,05:15,4,1,3
06/06/2012,05:30,4,1,3
06/06/2012,05:45,12,5,7
06/06/2012,06:00,14,5,9
06/06/2012,06:15,17,9,8
06/06/2012,06:30,28,16,12
06/06/2012,06:45,39,14,25
06/06/2012,07:00,22,8,14
06/06/2012,07:15,34,11,23
06/06/2012,07:30,31,15,16
06/06/2012,07:45,30,8,22
06/06/2012,08:00,25,8,17
06/06/2012,08:15,24,5,19
06/06/2012,08:30,23,10,13
06/06/2012,08:45,16,4,12
06/06/2012,09:00,24,8,16
06/06/2012,09:15,14,5,9
06/06/2012,09:30,10,6,4
06/06/2012,09:45,19,9,10
06/06/2012,10:00,17,12,5
06/06/2012,10:15,14,8,6
06/06/2012,10:30,16,8,8
06/06/2012,10:45,19,7,12
06/06/2012,11:00,11,7,4
06/06/2012,11:15,14,9,5
06/06/2012,11:30,11,6,5
06/06/2012,11:45,11,5,6
06/06/2012,12:00,4,3,1
06/06/2012,12:15,28,20,8
06/06/2012,12:30,19,12,7
06/06/2012,12:45,10,3,7
06/06/2012,13:00,7,1,6
06/06/2012,13:15,15,8,7
06/06/2012,13:30,15,6,9
06/06/2012,13:45,10,7,3
06/06/2012,14:00,17,6,11
06/06/2012,14:15,15,4,11
06/06/2012,14:30,16,8,8
06/06/2012,14:45,11,6,5
06/06/2012,15:00,13,5,8
06/06/2012,15:15,14,6,8
06/06/2012,15:30,11,6,5
06/06/2012,15:45,20,10,10
06/06/2012,16:00,17,2,15
06/06/2012,16:15,14,3,11
06/06/2012,16:30,17,11,6
06/06/2012,16:45,34,10,24
06/06/2012,17:00,42,23,19
06/06/2012,17:15,29,16,13
06/06/2012,17:30,42,25,17
06/06/2012,17:45,25,17,8
06/06/2012,18:00,11,5,6
06/06/2012,18:15,20,12,8
06/06/2012,18:30,21,13,8
06/06/2012,18:45,30,10,20
06/06/2012,19:00,13,7,6
06/06/2012,19:15,25,13,12
06/06/2012,19:30,13,6,7
06/06/2012,19:45,22,6,16
06/06/2012,20:00,16,10,6
06/06/2012,20:15,7,2,5
06/06/2012,20:30,14,8,6
06/06/2012,20:45,11,8,3
06/06/2012,21:00,5,1,4
06/06/2012,21:15,7,6,1
06/06/2012,21:30,6,3,3
06/06/2012,21:45,2,1,1
06/06/2012,22:00,3,2,1
06/06/2012,22:15,1,0,1
06/06/2012,22:30,2,2,0
06/06/2012,22:45,2,0,2
06/06/2012,23:00,3,2,1
06/06/2012,23:15,2,1,1
06/06/2012,23:30,1,1,0
06/06/2012,23:45,5,3,2
07/06/2012,00:00,0,0,0
07/06/2012,00:15,1,1,0
07/06/2012,00:30,0,0,0
07/06/2012,00:45,0,0,0
07/06/2012,01:00,1,0,1
07/06/2012,01:15,0,0,0
07/06/2012,01:30,1,0,1
07/06/2012,01:45,5,3,2
07/06/2012,02:00,0,0,0
07/06/2012,02:15,1,0,1
07/06/2012,02:30,0,0,0
07/06/2012,02:45,0,0,0
07/06/2012,03:00,1,1,0
07/06/2012,03:15,2,1,1
07/06/2012,03:30,1,1,0
07/06/2012,03:45,3,2,1
07/06/2012,04:00,0,0,0
07/06/2012,04:15,1,1,0
07/06/2012,04:30,3,1,2
07/06/2012,04:45,1,0,1
07/06/2012,05:00,1,0,1
07/06/2012,05:15,5,2,3
07/06/2012,05:30,10,5,5
07/06/2012,05:45,14,5,9
07/06/2012,06:00,8,6,2
07/06/2012,06:15,9,5,4
07/06/2012,06:30,21,10,11
07/06/2012,06:45,25,11,14
07/06/2012,07:00,25,5,20
07/06/2012,07:15,29,12,17
07/06/2012,07:30,20,9,11
07/06/2012,07:45,22,7,15
07/06/2012,08:00,30,12,18
07/06/2012,08:15,19,4,15
07/06/2012,08:30,21,5,16
07/06/2012,08:45,21,6,15
07/06/2012,09:00,21,7,14
07/06/2012,09:15,23,9,14
07/06/2012,09:30,22,7,15
07/06/2012,09:45,7,2,5
07/06/2012,10:00,23,13,10
07/06/2012,10:15,10,3,7
07/06/2012,10:30,17,8,9
07/06/2012,10:45,9,5,4
07/06/2012,11:00,15,7,8
07/06/2012,11:15,18,12,6
07/06/2012,11:30,17,9,8
07/06/2012,11:45,13,10,3
07/06/2012,12:00,15,10,5
07/06/2012,12:15,21,12,9
07/06/2012,12:30,14,7,7
07/06/2012,12:45,10,7,3
07/06/2012,13:00,19,8,11
07/06/2012,13:15,22,8,14
07/06/2012,13:30,14,6,8
07/06/2012,13:45,17,7,10
07/06/2012,14:00,15,5,10
07/06/2012,14:15,11,6,5
07/06/2012,14:30,14,8,6
07/06/2012,14:45,19,12,7
07/06/2012,15:00,12,4,8
07/06/2012,15:15,18,4,14
07/06/2012,15:30,10,4,6
07/06/2012,15:45,19,7,12
07/06/2012,16:00,17,7,10
07/06/2012,16:15,22,9,13
07/06/2012,16:30,26,11,15
07/06/2012,16:45,26,9,17
07/06/2012,17:00,23,13,10
07/06/2012,17:15,37,13,24
07/06/2012,17:30,37,18,19
07/06/2012,17:45,47,21,26
07/06/2012,18:00,39,12,27
07/06/2012,18:15,49,11,38
07/06/2012,18:30,51,22,29
07/06/2012,18:45,42,13,29
07/06/2012,19:00,52,23,29
07/06/2012,19:15,42,19,23
07/06/2012,19:30,36,23,13
07/06/2012,19:45,47,25,22
07/06/2012,20:00,34,20,14
07/06/2012,20:15,19,8,11
07/06/2012,20:30,21,10,11
07/06/2012,20:45,24,12,12
07/06/2012,21:00,10,3,7
07/06/2012,21:15,1,1,0
07/06/2012,21:30,1,0,1
07/06/2012,21:45,4,3,1
07/06/2012,22:00,3,2,1
07/06/2012,22:15,3,0,3
07/06/2012,22:30,5,3,2
07/06/2012,22:45,1,0,1
07/06/2012,23:00,0,0,0
07/06/2012,23:15,1,1,0
07/06/2012,23:30,4,1,3
07/06/2012,23:45,0,0,0
08/06/2012,00:00,2,1,1
08/06/2012,00:15,0,0,0
08/06/2012,00:30,1,0,1
08/06/2012,00:45,1,1,0
08/06/2012,01:00,0,0,0
08/06/2012,01:15,1,0,1
08/06/2012,01:30,2,0,2
08/06/2012,01:45,0,0,0
08/06/2012,02:00,1,0,1
08/06/2012,02:15,0,0,0
08/06/2012,02:30,1,0,1
08/06/2012,02:45,0,0,0
08/06/2012,03:00,0,0,0
08/06/2012,03:15,1,0,1
08/06/2012,03:30,1,1,0
08/06/2012,03:45,3,1,2
08/06/2012,04:00,1,1,0
08/06/2012,04:15,0,0,0
08/06/2012,04:30,1,1,0
08/06/2012,04:45,1,0,1
08/06/2012,05:00,1,0,1
08/06/2012,05:15,5,3,2
08/06/2012,05:30,9,4,5
08/06/2012,05:45,14,6,8
08/06/2012,06:00,7,3,4
08/06/2012,06:15,14,7,7
08/06/2012,06:30,16,9,7
08/06/2012,06:45,28,11,17
08/06/2012,07:00,25,13,12
08/06/2012,07:15,44,17,27
08/06/2012,07:30,33,14,19
08/06/2012,07:45,35,12,23
08/06/2012,08:00,35,8,27
08/06/2012,08:15,29,9,20
08/06/2012,08:30,24,7,17
08/06/2012,08:45,22,6,16
08/06/2012,09:00,17,6,11
08/06/2012,09:15,11,5,6
08/06/2012,09:30,6,1,5
08/06/2012,09:45,14,8,6
08/06/2012,10:00,18,9,9
08/06/2012,10:15,19,6,13
08/06/2012,10:30,23,12,11
08/06/2012,10:45,17,7,10
08/06/2012,11:00,23,8,15
08/06/2012,11:15,44,23,21
08/06/2012,11:30,24,13,11
08/06/2012,11:45,34,24,10
08/06/2012,12:00,20,16,4
08/06/2012,12:15,19,16,3
08/06/2012,12:30,15,8,7
08/06/2012,12:45,25,13,12
08/06/2012,13:00,20,13,7
08/06/2012,13:15,23,12,11
08/06/2012,13:30,17,11,6
08/06/2012,13:45,16,10,6
08/06/2012,14:00,27,20,7
08/06/2012,14:15,15,13,2
08/06/2012,14:30,26,14,12
08/06/2012,14:45,16,9,7
08/06/2012,15:00,20,9,11
08/06/2012,15:15,38,16,22
08/06/2012,15:30,28,10,18
08/06/2012,15:45,26,15,11
08/06/2012,16:00,32,16,16
08/06/2012,16:15,36,12,24
08/06/2012,16:30,14,5,9
08/06/2012,16:45,51,19,32
08/06/2012,17:00,37,16,21
08/06/2012,17:15,48,12,36
08/06/2012,17:30,43,17,26
08/06/2012,17:45,45,14,31
08/06/2012,18:00,33,12,21
08/06/2012,18:15,42,15,27
08/06/2012,18:30,44,19,25
08/06/2012,18:45,34,16,18
08/06/2012,19:00,41,18,23
08/06/2012,19:15,29,15,14
08/06/2012,19:30,16,13,3
08/06/2012,19:45,47,33,14
08/06/2012,20:00,29,13,16
08/06/2012,20:15,26,17,9
08/06/2012,20:30,20,9,11
08/06/2012,20:45,20,6,14
08/06/2012,21:00,12,7,5
08/06/2012,21:15,6,5,1
08/06/2012,21:30,7,4,3
08/06/2012,21:45,6,4,2
08/06/2012,22:00,1,0,1
08/06/2012,22:15,7,4,3
08/06/2012,22:30,0,0,0
08/06/2012,22:45,3,2,1
08/06/2012,23:00,7,2,5
08/06/2012,23:15,2,1,1
08/06/2012,23:30,0,0,0
08/06/2012,23:45,0,0,0
09/06/2012,00:00,3,2,1
09/06/2012,00:15,2,0,2
09/06/2012,00:30,3,1,2
09/06/2012,00:45,2,1,1
09/06/2012,01:00,0,0,0
09/06/2012,01:15,0,0,0
09/06/2012,01:30,1,0,1
09/06/2012,01:45,1,1,0
09/06/2012,02:00,3,3,0
09/06/2012,02:15,1,1,0
09/06/2012,02:30,1,0,1
09/06/2012,02:45,0,0,0
09/06/2012,03:00,1,1,0
09/06/2012,03:15,1,0,1
09/06/2012,03:30,0,0,0
09/06/2012,03:45,0,0,0
09/06/2012,04:00,0,0,0
09/06/2012,04:15,0,0,0
09/06/2012,04:30,0,0,0
09/06/2012,04:45,2,2,0
09/06/2012,05:00,1,1,0
09/06/2012,05:15,0,0,0
09/06/2012,05:30,4,3,1
09/06/2012,05:45,3,1,2
09/06/2012,06:00,10,6,4
09/06/2012,06:15,11,6,5
09/06/2012,06:30,6,3,3
09/06/2012,06:45,19,11,8
09/06/2012,07:00,23,10,13
09/06/2012,07:15,17,10,7
09/06/2012,07:30,24,13,11
09/06/2012,07:45,24,14,10
09/06/2012,08:00,32,21,11
09/06/2012,08:15,29,14,15
09/06/2012,08:30,27,14,13
09/06/2012,08:45,46,13,33
09/06/2012,09:00,42,22,20
09/06/2012,09:15,50,17,33
09/06/2012,09:30,40,21,19
09/06/2012,09:45,35,20,15
09/06/2012,10:00,52,23,29
09/06/2012,10:15,75,41,34
09/06/2012,10:30,55,35,20
09/06/2012,10:45,70,37,33
09/06/2012,11:00,73,44,29
09/06/2012,11:15,44,16,28
09/06/2012,11:30,54,25,29
09/06/2012,11:45,47,32,15
09/06/2012,12:00,51,29,22
09/06/2012,12:15,38,21,17
09/06/2012,12:30,53,38,15
09/06/2012,12:45,46,25,21
09/06/2012,13:00,43,29,14
09/06/2012,13:15,39,16,23
09/06/2012,13:30,28,21,7
09/06/2012,13:45,42,27,15
09/06/2012,14:00,44,30,14
09/06/2012,14:15,23,12,11
09/06/2012,14:30,46,23,23
09/06/2012,14:45,40,27,13
09/06/2012,15:00,39,29,10
09/06/2012,15:15,28,16,12
09/06/2012,15:30,28,16,12
09/06/2012,15:45,24,8,16
09/06/2012,16:00,27,13,14
09/06/2012,16:15,34,18,16
09/06/2012,16:30,41,24,17
09/06/2012,16:45,28,19,9
09/06/2012,17:00,26,17,9
09/06/2012,17:15,20,13,7
09/06/2012,17:30,15,8,7
09/06/2012,17:45,23,12,11
09/06/2012,18:00,18,12,6
09/06/2012,18:15,19,11,8
09/06/2012,18:30,18,12,6
09/06/2012,18:45,16,6,10
09/06/2012,19:00,23,12,11
09/06/2012,19:15,39,17,22
09/06/2012,19:30,32,16,16
09/06/2012,19:45,45,19,26
09/06/2012,20:00,30,25,5
09/06/2012,20:15,35,24,11
09/06/2012,20:30,25,20,5
09/06/2012,20:45,21,11,10
09/06/2012,21:00,10,6,4
09/06/2012,21:15,10,6,4
09/06/2012,21:30,4,2,2
09/06/2012,21:45,5,4,1
09/06/2012,22:00,3,0,3
09/06/2012,22:15,5,2,3
09/06/2012,22:30,3,1,2
09/06/2012,22:45,0,0,0
09/06/2012,23:00,4,2,2
09/06/2012,23:15,1,0,1
09/06/2012,23:30,2,1,1
09/06/2012,23:45,0,0,0
10/06/2012,00:00,2,0,2
10/06/2012,00:15,0,0,0
10/06/2012,00:30,1,0,1
10/06/2012,00:45,3,3,0
10/06/2012,01:00,2,1,1
10/06/2012,01:15,7,4,3
10/06/2012,01:30,0,0,0
10/06/2012,01:45,0,0,0
10/06/2012,02:00,1,0,1
10/06/2012,02:15,1,0,1
10/06/2012,02:30,1,0,1
10/06/2012,02:45,1,0,1
10/06/2012,03:00,0,0,0
10/06/2012,03:15,0,0,0
10/06/2012,03:30,0,0,0
10/06/2012,03:45,1,1,0
10/06/2012,04:00,2,1,1
10/06/2012,04:15,0,0,0
10/06/2012,04:30,0,0,0
10/06/2012,04:45,2,1,1
10/06/2012,05:00,1,1,0
10/06/2012,05:15,1,0,1
10/06/2012,05:30,5,1,4
10/06/2012,05:45,2,1,1
10/06/2012,06:00,3,1,2
10/06/2012,06:15,6,3,3
10/06/2012,06:30,13,4,9
10/06/2012,06:45,27,8,19
10/06/2012,07:00,31,9,22
10/06/2012,07:15,19,6,13
10/06/2012,07:30,24,5,19
10/06/2012,07:45,25,11,14
10/06/2012,08:00,20,7,13
10/06/2012,08:15,22,12,10
10/06/2012,08:30,40,19,21
10/06/2012,08:45,39,21,18
10/06/2012,09:00,51,27,24
10/06/2012,09:15,38,22,16
10/06/2012,09:30,58,31,27
10/06/2012,09:45,66,41,25
10/06/2012,10:00,45,21,24
10/06/2012,10:15,70,40,30
10/06/2012,10:30,83,58,25
10/06/2012,10:45,53,37,16
10/06/2012,11:00,59,41,18
10/06/2012,11:15,80,54,26
10/06/2012,11:30,57,39,18
10/06/2012,11:45,57,37,20
10/06/2012,12:00,61,46,15
10/06/2012,12:15,45,34,11
10/06/2012,12:30,63,43,20
10/06/2012,12:45,64,48,16
10/06/2012,13:00,47,31,16
10/06/2012,13:15,43,33,10
10/06/2012,13:30,43,35,8
10/06/2012,13:45,50,36,14
10/06/2012,14:00,39,25,14
10/06/2012,14:15,34,24,10
10/06/2012,14:30,36,30,6
10/06/2012,14:45,29,21,8
10/06/2012,15:00,46,31,15
10/06/2012,15:15,36,16,20
10/06/2012,15:30,19,14,5
10/06/2012,15:45,31,16,15
10/06/2012,16:00,24,16,8
10/06/2012,16:15,34,17,17
10/06/2012,16:30,29,23,6
10/06/2012,16:45,31,20,11
10/06/2012,17:00,20,9,11
10/06/2012,17:15,29,19,10
10/06/2012,17:30,18,10,8
10/06/2012,17:45,29,21,8
10/06/2012,18:00,30,15,15
10/06/2012,18:15,15,9,6
10/06/2012,18:30,15,11,4
10/06/2012,18:45,17,13,4
10/06/2012,19:00,21,13,8
10/06/2012,19:15,29,18,11
10/06/2012,19:30,23,11,12
10/06/2012,19:45,19,12,7
10/06/2012,20:00,23,10,13
10/06/2012,20:15,19,10,9
10/06/2012,20:30,16,7,9
10/06/2012,20:45,16,5,11
10/06/2012,21:00,4,2,2
10/06/2012,21:15,6,4,2
10/06/2012,21:30,9,4,5
10/06/2012,21:45,4,3,1
10/06/2012,22:00,0,0,0
10/06/2012,22:15,2,1,1
10/06/2012,22:30,3,2,1
10/06/2012,22:45,1,0,1
10/06/2012,23:00,1,0,1
10/06/2012,23:15,2,0,2
10/06/2012,23:30,1,0,1
10/06/2012,23:45,0,0,0
11/06/2012,00:00,0,0,0
11/06/2012,00:15,1,1,0
11/06/2012,00:30,0,0,0
11/06/2012,00:45,0,0,0
11/06/2012,01:00,0,0,0
11/06/2012,01:15,1,0,1
11/06/2012,01:30,0,0,0
11/06/2012,01:45,1,0,1
11/06/2012,02:00,0,0,0
11/06/2012,02:15,0,0,0
11/06/2012,02:30,0,0,0
11/06/2012,02:45,0,0,0
11/06/2012,03:00,0,0,0
11/06/2012,03:15,0,0,0
11/06/2012,03:30,0,0,0
11/06/2012,03:45,2,1,1
11/06/2012,04:00,0,0,0
11/06/2012,04:15,1,0,1
11/06/2012,04:30,0,0,0
11/06/2012,04:45,1,1,0
11/06/2012,05:00,3,1,2
11/06/2012,05:15,2,1,1
11/06/2012,05:30,14,8,6
11/06/2012,05:45,12,5,7
11/06/2012,06:00,16,6,10
11/06/2012,06:15,17,5,12
11/06/2012,06:30,24,14,10
11/06/2012,06:45,34,14,20
11/06/2012,07:00,23,11,12
11/06/2012,07:15,32,16,16
11/06/2012,07:30,41,20,21
11/06/2012,07:45,32,11,21
11/06/2012,08:00,33,11,22
11/06/2012,08:15,30,10,20
11/06/2012,08:30,29,10,19
11/06/2012,08:45,19,9,10
11/06/2012,09:00,17,5,12
11/06/2012,09:15,17,9,8
11/06/2012,09:30,10,7,3
11/06/2012,09:45,19,11,8
11/06/2012,10:00,13,7,6
11/06/2012,10:15,13,10,3
11/06/2012,10:30,12,9,3
11/06/2012,10:45,19,15,4
11/06/2012,11:00,12,10,2
11/06/2012,11:15,15,8,7
11/06/2012,11:30,13,7,6
11/06/2012,11:45,22,11,11
11/06/2012,12:00,16,13,3
11/06/2012,12:15,20,19,1
11/06/2012,12:30,19,16,3
11/06/2012,12:45,15,11,4
11/06/2012,13:00,18,16,2
11/06/2012,13:15,21,15,6
11/06/2012,13:30,13,11,2
11/06/2012,13:45,10,7,3
11/06/2012,14:00,12,9,3
11/06/2012,14:15,14,11,3
11/06/2012,14:30,17,11,6
11/06/2012,14:45,18,10,8
11/06/2012,15:00,13,9,4
11/06/2012,15:15,11,6,5
11/06/2012,15:30,21,15,6
11/06/2012,15:45,15,8,7
11/06/2012,16:00,11,8,3
11/06/2012,16:15,14,6,8
11/06/2012,16:30,29,13,16
11/06/2012,16:45,36,24,12
11/06/2012,17:00,32,20,12
11/06/2012,17:15,26,18,8
11/06/2012,17:30,34,23,11
11/06/2012,17:45,49,32,17
11/06/2012,18:00,33,19,14
11/06/2012,18:15,46,20,26
11/06/2012,18:30,44,30,14
11/06/2012,18:45,32,21,11
11/06/2012,19:00,37,26,11
11/06/2012,19:15,29,20,9
11/06/2012,19:30,29,22,7
11/06/2012,19:45,25,15,10
11/06/2012,20:00,11,6,5
11/06/2012,20:15,17,10,7
11/06/2012,20:30,11,4,7
11/06/2012,20:45,4,2,2
11/06/2012,21:00,8,7,1
11/06/2012,21:15,4,2,2
11/06/2012,21:30,6,3,3
11/06/2012,21:45,6,2,4
11/06/2012,22:00,1,1,0
11/06/2012,22:15,2,2,0
11/06/2012,22:30,3,1,2
11/06/2012,22:45,4,2,2
11/06/2012,23:00,6,1,5
11/06/2012,23:15,0,0,0
11/06/2012,23:30,2,1,1
11/06/2012,23:45,2,1,1
12/06/2012,00:00,0,0,0
12/06/2012,00:15,1,1,0
12/06/2012,00:30,0,0,0
12/06/2012,00:45,0,0,0
12/06/2012,01:00,0,0,0
12/06/2012,01:15,0,0,0
12/06/2012,01:30,0,0,0
12/06/2012,01:45,0,0,0
12/06/2012,02:00,2,0,2
12/06/2012,02:15,0,0,0
12/06/2012,02:30,0,0,0
12/06/2012,02:45,0,0,0
12/06/2012,03:00,0,0,0
12/06/2012,03:15,1,0,1
12/06/2012,03:30,0,0,0
12/06/2012,03:45,1,1,0
12/06/2012,04:00,0,0,0
12/06/2012,04:15,0,0,0
12/06/2012,04:30,0,0,0
12/06/2012,04:45,2,1,1
12/06/2012,05:00,2,1,1
12/06/2012,05:15,1,1,0
12/06/2012,05:30,5,5,0
12/06/2012,05:45,11,6,5
12/06/2012,06:00,13,5,8
12/06/2012,06:15,9,6,3
12/06/2012,06:30,19,8,11
12/06/2012,06:45,23,10,13
12/06/2012,07:00,25,3,22
12/06/2012,07:15,23,8,15
12/06/2012,07:30,20,8,12
12/06/2012,07:45,11,3,8
12/06/2012,08:00,15,5,10
12/06/2012,08:15,18,10,8
12/06/2012,08:30,5,1,4
12/06/2012,08:45,10,4,6
12/06/2012,09:00,7,3,4
12/06/2012,09:15,8,2,6
12/06/2012,09:30,5,2,3
12/06/2012,09:45,6,4,2
12/06/2012,10:00,7,2,5
12/06/2012,10:15,6,2,4
12/06/2012,10:30,6,2,4
12/06/2012,10:45,3,1,2
12/06/2012,11:00,10,4,6
12/06/2012,11:15,3,2,1
12/06/2012,11:30,1,0,1
12/06/2012,11:45,1,1,0
12/06/2012,12:00,1,0,1
12/06/2012,12:15,4,1,3
12/06/2012,12:30,6,1,5
12/06/2012,12:45,1,0,1
12/06/2012,13:00,6,2,4
12/06/2012,13:15,7,2,5
12/06/2012,13:30,3,1,2
12/06/2012,13:45,6,4,2
12/06/2012,14:00,4,2,2
12/06/2012,14:15,2,0,2
12/06/2012,14:30,6,4,2
12/06/2012,14:45,7,2,5
12/06/2012,15:00,7,2,5
12/06/2012,15:15,14,8,6
12/06/2012,15:30,8,2,6
12/06/2012,15:45,4,0,4
12/06/2012,16:00,5,2,3
12/06/2012,16:15,13,7,6
12/06/2012,16:30,7,4,3
12/06/2012,16:45,16,10,6
12/06/2012,17:00,12,6,6
12/06/2012,17:15,33,9,24
12/06/2012,17:30,8,5,3
12/06/2012,17:45,19,9,10
12/06/2012,18:00,19,1,18
12/06/2012,18:15,32,17,15
12/06/2012,18:30,22,9,13
12/06/2012,18:45,12,4,8
12/06/2012,19:00,19,11,8
12/06/2012,19:15,25,7,18
12/06/2012,19:30,25,10,15
12/06/2012,19:45,23,10,13
12/06/2012,20:00,17,7,10
12/06/2012,20:15,16,11,5
12/06/2012,20:30,9,2,7
12/06/2012,20:45,8,2,6
12/06/2012,21:00,8,4,4
12/06/2012,21:15,3,1,2
12/06/2012,21:30,0,0,0
12/06/2012,21:45,0,0,0
12/06/2012,22:00,2,0,2
12/06/2012,22:15,0,0,0
12/06/2012,22:30,0,0,0
12/06/2012,22:45,7,4,3
12/06/2012,23:00,0,0,0
12/06/2012,23:15,3,1,2
12/06/2012,23:30,1,0,1
12/06/2012,23:45,3,1,2
13/06/2012,00:00,2,1,1
13/06/2012,00:15,2,2,0
13/06/2012,00:30,1,0,1
13/06/2012,00:45,0,0,0
13/06/2012,01:00,0,0,0
13/06/2012,01:15,1,1,0
13/06/2012,01:30,0,0,0
13/06/2012,01:45,0,0,0
13/06/2012,02:00,0,0,0
13/06/2012,02:15,0,0,0
13/06/2012,02:30,0,0,0
13/06/2012,02:45,0,0,0
13/06/2012,03:00,0,0,0
13/06/2012,03:15,1,0,1
13/06/2012,03:30,0,0,0
13/06/2012,03:45,2,1,1
13/06/2012,04:00,2,1,1
13/06/2012,04:15,0,0,0
13/06/2012,04:30,0,0,0
13/06/2012,04:45,1,1,0
13/06/2012,05:00,1,0,1
13/06/2012,05:15,3,3,0
13/06/2012,05:30,8,4,4
13/06/2012,05:45,12,7,5
13/06/2012,06:00,21,7,14
13/06/2012,06:15,19,9,10
13/06/2012,06:30,19,7,12
13/06/2012,06:45,26,11,15
13/06/2012,07:00,33,8,25
13/06/2012,07:15,35,10,25
13/06/2012,07:30,38,9,29
13/06/2012,07:45,29,6,23
13/06/2012,08:00,33,11,22
13/06/2012,08:15,30,4,26
13/06/2012,08:30,31,12,19
13/06/2012,08:45,27,9,18
13/06/2012,09:00,13,2,11
13/06/2012,09:15,22,6,16
13/06/2012,09:30,13,5,8
13/06/2012,09:45,13,4,9
13/06/2012,10:00,13,5,8
13/06/2012,10:15,20,8,12
13/06/2012,10:30,23,10,13
13/06/2012,10:45,14,7,7
13/06/2012,11:00,17,4,13
13/06/2012,11:15,21,9,12
13/06/2012,11:30,25,17,8
13/06/2012,11:45,20,16,4
13/06/2012,12:00,15,6,9
13/06/2012,12:15,8,5,3
13/06/2012,12:30,19,15,4
13/06/2012,12:45,24,17,7
13/06/2012,13:00,19,14,5
13/06/2012,13:15,12,9,3
13/06/2012,13:30,12,7,5
13/06/2012,13:45,18,10,8
13/06/2012,14:00,21,13,8
13/06/2012,14:15,10,7,3
13/06/2012,14:30,24,14,10
13/06/2012,14:45,17,7,10
13/06/2012,15:00,16,10,6
13/06/2012,15:15,22,11,11
13/06/2012,15:30,10,4,6
13/06/2012,15:45,18,10,8
13/06/2012,16:00,27,7,20
13/06/2012,16:15,39,12,27
13/06/2012,16:30,24,12,12
13/06/2012,16:45,39,19,20
13/06/2012,17:00,42,16,26
13/06/2012,17:15,46,17,29
13/06/2012,17:30,52,23,29
13/06/2012,17:45,48,15,33
13/06/2012,18:00,60,26,34
13/06/2012,18:15,45,20,25
13/06/2012,18:30,55,19,36
13/06/2012,18:45,78,25,53
13/06/2012,19:00,51,21,30
13/06/2012,19:15,58,25,33
13/06/2012,19:30,40,18,22
13/06/2012,19:45,53,28,25
13/06/2012,20:00,33,20,13
13/06/2012,20:15,31,18,13
13/06/2012,20:30,31,16,15
13/06/2012,20:45,19,7,12
13/06/2012,21:00,14,5,9
13/06/2012,21:15,9,7,2
13/06/2012,21:30,7,3,4
13/06/2012,21:45,7,4,3
13/06/2012,22:00,6,3,3
13/06/2012,22:15,1,0,1
13/06/2012,22:30,2,0,2
13/06/2012,22:45,5,2,3
13/06/2012,23:00,2,1,1
13/06/2012,23:15,4,1,3
13/06/2012,23:30,0,0,0
13/06/2012,23:45,3,1,2
14/06/2012,00:00,2,2,0
14/06/2012,00:15,1,1,0
14/06/2012,00:30,0,0,0
14/06/2012,00:45,0,0,0
14/06/2012,01:00,0,0,0
14/06/2012,01:15,1,1,0
14/06/2012,01:30,0,0,0
14/06/2012,01:45,0,0,0
14/06/2012,02:00,0,0,0
14/06/2012,02:15,0,0,0
14/06/2012,02:30,0,0,0
14/06/2012,02:45,0,0,0
14/06/2012,03:00,0,0,0
14/06/2012,03:15,1,1,0
14/06/2012,03:30,0,0,0
14/06/2012,03:45,2,0,2
14/06/2012,04:00,1,1,0
14/06/2012,04:15,1,0,1
14/06/2012,04:30,1,0,1
14/06/2012,04:45,0,0,0
14/06/2012,05:00,2,1,1
14/06/2012,05:15,6,3,3
14/06/2012,05:30,6,5,1
14/06/2012,05:45,9,1,8
14/06/2012,06:00,14,8,6
14/06/2012,06:15,21,10,11
14/06/2012,06:30,24,6,18
14/06/2012,06:45,28,12,16
14/06/2012,07:00,26,6,20
14/06/2012,07:15,33,13,20
14/06/2012,07:30,43,19,24
14/06/2012,07:45,34,8,26
14/06/2012,08:00,28,6,22
14/06/2012,08:15,32,13,19
14/06/2012,08:30,22,7,15
14/06/2012,08:45,22,3,19
14/06/2012,09:00,12,4,8
14/06/2012,09:15,18,8,10
14/06/2012,09:30,31,17,14
14/06/2012,09:45,19,11,8
14/06/2012,10:00,11,5,6
14/06/2012,10:15,14,5,9
14/06/2012,10:30,8,4,4
14/06/2012,10:45,14,6,8
14/06/2012,11:00,12,7,5
14/06/2012,11:15,12,7,5
14/06/2012,11:30,21,10,11
14/06/2012,11:45,8,4,4
14/06/2012,12:00,19,9,10
14/06/2012,12:15,18,6,12
14/06/2012,12:30,8,8,0
14/06/2012,12:45,15,4,11
14/06/2012,13:00,13,7,6
14/06/2012,13:15,9,5,4
14/06/2012,13:30,14,5,9
14/06/2012,13:45,20,13,7
14/06/2012,14:00,18,14,4
14/06/2012,14:15,17,11,6
14/06/2012,14:30,13,6,7
14/06/2012,14:45,9,4,5
14/06/2012,15:00,18,10,8
14/06/2012,15:15,10,5,5
14/06/2012,15:30,16,6,10
14/06/2012,15:45,16,7,9
14/06/2012,16:00,25,10,15
14/06/2012,16:15,23,13,10
14/06/2012,16:30,32,13,19
14/06/2012,16:45,27,19,8
14/06/2012,17:00,27,9,18
14/06/2012,17:15,32,17,15
14/06/2012,17:30,55,28,27
14/06/2012,17:45,44,13,31
14/06/2012,18:00,49,19,30
14/06/2012,18:15,34,14,20
14/06/2012,18:30,44,26,18
14/06/2012,18:45,44,20,24
14/06/2012,19:00,45,24,21
14/06/2012,19:15,35,15,20
14/06/2012,19:30,39,17,22
14/06/2012,19:45,30,14,16
14/06/2012,20:00,27,13,14
14/06/2012,20:15,23,11,12
14/06/2012,20:30,26,14,12
14/06/2012,20:45,13,6,7
14/06/2012,21:00,11,4,7
14/06/2012,21:15,10,5,5
14/06/2012,21:30,4,2,2
14/06/2012,21:45,6,5,1
14/06/2012,22:00,5,1,4
14/06/2012,22:15,1,0,1
14/06/2012,22:30,4,3,1
14/06/2012,22:45,3,2,1
14/06/2012,23:00,2,2,0
14/06/2012,23:15,3,1,2
14/06/2012,23:30,2,0,2
14/06/2012,23:45,1,0,1
15/06/2012,00:00,0,0,0
15/06/2012,00:15,1,1,0
15/06/2012,00:30,0,0,0
15/06/2012,00:45,0,0,0
15/06/2012,01:00,0,0,0
15/06/2012,01:15,0,0,0
15/06/2012,01:30,2,2,0
15/06/2012,01:45,1,1,0
15/06/2012,02:00,0,0,0
15/06/2012,02:15,0,0,0
15/06/2012,02:30,0,0,0
15/06/2012,02:45,1,0,1
15/06/2012,03:00,0,0,0
15/06/2012,03:15,1,0,1
15/06/2012,03:30,1,1,0
15/06/2012,03:45,1,0,1
15/06/2012,04:00,1,1,0
15/06/2012,04:15,0,0,0
15/06/2012,04:30,0,0,0
15/06/2012,04:45,0,0,0
15/06/2012,05:00,4,2,2
15/06/2012,05:15,4,3,1
15/06/2012,05:30,7,3,4
15/06/2012,05:45,13,7,6
15/06/2012,06:00,24,12,12
15/06/2012,06:15,18,7,11
15/06/2012,06:30,15,5,10
15/06/2012,06:45,26,12,14
15/06/2012,07:00,35,14,21
15/06/2012,07:15,39,15,24
15/06/2012,07:30,38,16,22
15/06/2012,07:45,32,11,21
15/06/2012,08:00,24,8,16
15/06/2012,08:15,40,19,21
15/06/2012,08:30,21,6,15
15/06/2012,08:45,30,17,13
15/06/2012,09:00,26,8,18
15/06/2012,09:15,17,10,7
15/06/2012,09:30,24,14,10
15/06/2012,09:45,30,19,11
15/06/2012,10:00,29,20,9
15/06/2012,10:15,26,16,10
15/06/2012,10:30,45,26,19
15/06/2012,10:45,19,9,10
15/06/2012,11:00,39,28,11
15/06/2012,11:15,32,22,10
15/06/2012,11:30,24,15,9
15/06/2012,11:45,35,26,9
15/06/2012,12:00,37,26,11
15/06/2012,12:15,28,24,4
15/06/2012,12:30,36,28,8
15/06/2012,12:45,27,18,9
15/06/2012,13:00,32,27,5
15/06/2012,13:15,37,26,11
15/06/2012,13:30,29,21,8
15/06/2012,13:45,37,34,3
15/06/2012,14:00,16,12,4
15/06/2012,14:15,27,22,5
15/06/2012,14:30,24,19,5
15/06/2012,14:45,27,14,13
15/06/2012,15:00,19,9,10
15/06/2012,15:15,26,12,14
15/06/2012,15:30,25,9,16
15/06/2012,15:45,26,11,15
15/06/2012,16:00,28,17,11
15/06/2012,16:15,23,10,13
15/06/2012,16:30,37,9,28
15/06/2012,16:45,30,11,19
15/06/2012,17:00,30,13,17
15/06/2012,17:15,52,24,28
15/06/2012,17:30,39,18,21
15/06/2012,17:45,33,11,22
15/06/2012,18:00,30,13,17
15/06/2012,18:15,37,12,25
15/06/2012,18:30,31,14,17
15/06/2012,18:45,34,13,21
15/06/2012,19:00,29,9,20
15/06/2012,19:15,34,16,18
15/06/2012,19:30,20,11,9
15/06/2012,19:45,25,10,15
15/06/2012,20:00,24,13,11
15/06/2012,20:15,15,8,7
15/06/2012,20:30,18,7,11
15/06/2012,20:45,14,7,7
15/06/2012,21:00,7,4,3
15/06/2012,21:15,6,4,2
15/06/2012,21:30,3,2,1
15/06/2012,21:45,8,4,4
15/06/2012,22:00,4,3,1
15/06/2012,22:15,4,3,1
15/06/2012,22:30,0,0,0
15/06/2012,22:45,7,4,3
15/06/2012,23:00,2,1,1
15/06/2012,23:15,4,3,1
15/06/2012,23:30,1,0,1
15/06/2012,23:45,1,0,1
16/06/2012,00:00,1,0,1
16/06/2012,00:15,0,0,0
16/06/2012,00:30,3,1,2
16/06/2012,00:45,3,1,2
16/06/2012,01:00,3,1,2
16/06/2012,01:15,0,0,0
16/06/2012,01:30,2,2,0
16/06/2012,01:45,1,0,1
16/06/2012,02:00,1,0,1
16/06/2012,02:15,0,0,0
16/06/2012,02:30,0,0,0
16/06/2012,02:45,0,0,0
16/06/2012,03:00,0,0,0
16/06/2012,03:15,3,2,1
16/06/2012,03:30,1,0,1
16/06/2012,03:45,1,0,1
16/06/2012,04:00,0,0,0
16/06/2012,04:15,0,0,0
16/06/2012,04:30,0,0,0
16/06/2012,04:45,3,0,3
16/06/2012,05:00,1,1,0
16/06/2012,05:15,2,2,0
16/06/2012,05:30,2,1,1
16/06/2012,05:45,5,4,1
16/06/2012,06:00,4,3,1
16/06/2012,06:15,8,5,3
16/06/2012,06:30,7,4,3
16/06/2012,06:45,19,12,7
16/06/2012,07:00,16,10,6
16/06/2012,07:15,21,11,10
16/06/2012,07:30,29,16,13
16/06/2012,07:45,27,14,13
16/06/2012,08:00,29,14,15
16/06/2012,08:15,33,19,14
16/06/2012,08:30,31,11,20
16/06/2012,08:45,48,25,23
16/06/2012,09:00,51,28,23
16/06/2012,09:15,32,14,18
16/06/2012,09:30,35,12,23
16/06/2012,09:45,57,15,42
16/06/2012,10:00,51,21,30
16/06/2012,10:15,58,13,45
16/06/2012,10:30,52,26,26
16/06/2012,10:45,47,17,30
16/06/2012,11:00,52,26,26
16/06/2012,11:15,65,33,32
16/06/2012,11:30,62,32,30
16/06/2012,11:45,45,29,16
16/06/2012,12:00,59,30,29
16/06/2012,12:15,57,24,33
16/06/2012,12:30,50,24,26
16/06/2012,12:45,53,29,24
16/06/2012,13:00,54,29,25
16/06/2012,13:15,65,44,21
16/06/2012,13:30,69,43,26
16/06/2012,13:45,50,18,32
16/06/2012,14:00,43,20,23
16/06/2012,14:15,36,18,18
16/06/2012,14:30,39,11,28
16/06/2012,14:45,51,22,29
16/06/2012,15:00,29,10,19
16/06/2012,15:15,39,17,22
16/06/2012,15:30,44,21,23
16/06/2012,15:45,36,8,28
16/06/2012,16:00,35,14,21
16/06/2012,16:15,23,8,15
16/06/2012,16:30,28,10,18
16/06/2012,16:45,36,12,24
16/06/2012,17:00,34,17,17
16/06/2012,17:15,36,18,18
16/06/2012,17:30,45,20,25
16/06/2012,17:45,35,16,19
16/06/2012,18:00,20,6,14
16/06/2012,18:15,29,17,12
16/06/2012,18:30,20,6,14
16/06/2012,18:45,23,11,12
16/06/2012,19:00,34,18,16
16/06/2012,19:15,26,7,19
16/06/2012,19:30,20,10,10
16/06/2012,19:45,26,13,13
16/06/2012,20:00,21,9,12
16/06/2012,20:15,13,4,9
16/06/2012,20:30,14,4,10
16/06/2012,20:45,8,5,3
16/06/2012,21:00,7,3,4
16/06/2012,21:15,8,3,5
16/06/2012,21:30,11,5,6
16/06/2012,21:45,8,4,4
16/06/2012,22:00,2,2,0
16/06/2012,22:15,2,1,1
16/06/2012,22:30,0,0,0
16/06/2012,22:45,4,3,1
16/06/2012,23:00,0,0,0
16/06/2012,23:15,1,1,0
16/06/2012,23:30,4,3,1
16/06/2012,23:45,2,0,2
17/06/2012,00:00,2,0,2
17/06/2012,00:15,0,0,0
17/06/2012,00:30,1,0,1
17/06/2012,00:45,2,1,1
17/06/2012,01:00,2,1,1
17/06/2012,01:15,1,0,1
17/06/2012,01:30,1,1,0
17/06/2012,01:45,0,0,0
17/06/2012,02:00,2,2,0
17/06/2012,02:15,1,0,1
17/06/2012,02:30,0,0,0
17/06/2012,02:45,0,0,0
17/06/2012,03:00,0,0,0
17/06/2012,03:15,0,0,0
17/06/2012,03:30,0,0,0
17/06/2012,03:45,0,0,0
17/06/2012,04:00,1,1,0
17/06/2012,04:15,0,0,0
17/06/2012,04:30,0,0,0
17/06/2012,04:45,0,0,0
17/06/2012,05:00,0,0,0
17/06/2012,05:15,1,0,1
17/06/2012,05:30,2,2,0
17/06/2012,05:45,3,2,1
17/06/2012,06:00,5,3,2
17/06/2012,06:15,3,1,2
17/06/2012,06:30,10,5,5
17/06/2012,06:45,12,8,4
17/06/2012,07:00,8,3,5
17/06/2012,07:15,14,7,7
17/06/2012,07:30,21,10,11
17/06/2012,07:45,18,7,11
17/06/2012,08:00,23,10,13
17/06/2012,08:15,20,8,12
17/06/2012,08:30,17,7,10
17/06/2012,08:45,30,18,12
17/06/2012,09:00,35,19,16
17/06/2012,09:15,42,23,19
17/06/2012,09:30,45,19,26
17/06/2012,09:45,43,23,20
17/06/2012,10:00,44,24,20
17/06/2012,10:15,55,24,31
17/06/2012,10:30,57,21,36
17/06/2012,10:45,37,16,21
17/06/2012,11:00,42,21,21
17/06/2012,11:15,59,27,32
17/06/2012,11:30,67,34,33
17/06/2012,11:45,72,37,35
17/06/2012,12:00,70,44,26
17/06/2012,12:15,60,25,35
17/06/2012,12:30,55,23,32
17/06/2012,12:45,49,28,21
17/06/2012,13:00,55,31,24
17/06/2012,13:15,46,24,22
17/06/2012,13:30,53,22,31
17/06/2012,13:45,58,32,26
17/06/2012,14:00,50,22,28
17/06/2012,14:15,57,30,27
17/06/2012,14:30,60,29,31
17/06/2012,14:45,48,18,30
17/06/2012,15:00,26,10,16
17/06/2012,15:15,49,30,19
17/06/2012,15:30,46,29,17
17/06/2012,15:45,32,14,18
17/06/2012,16:00,37,14,23
17/06/2012,16:15,35,18,17
17/06/2012,16:30,39,20,19
17/06/2012,16:45,43,12,31
17/06/2012,17:00,35,16,19
17/06/2012,17:15,33,11,22
17/06/2012,17:30,27,12,15
17/06/2012,17:45,44,18,26
17/06/2012,18:00,31,17,14
17/06/2012,18:15,40,17,23
17/06/2012,18:30,36,16,20
17/06/2012,18:45,27,9,18
17/06/2012,19:00,25,5,20
17/06/2012,19:15,28,13,15
17/06/2012,19:30,25,12,13
17/06/2012,19:45,24,11,13
17/06/2012,20:00,37,15,22
17/06/2012,20:15,13,8,5
17/06/2012,20:30,18,13,5
17/06/2012,20:45,7,3,4
17/06/2012,21:00,16,7,9
17/06/2012,21:15,7,5,2
17/06/2012,21:30,8,3,5
17/06/2012,21:45,4,1,3
17/06/2012,22:00,1,0,1
17/06/2012,22:15,1,1,0
17/06/2012,22:30,1,0,1
17/06/2012,22:45,3,2,1
17/06/2012,23:00,0,0,0
17/06/2012,23:15,1,0,1
17/06/2012,23:30,1,1,0
17/06/2012,23:45,1,1,0
18/06/2012,00:00,0,0,0
18/06/2012,00:15,0,0,0
18/06/2012,00:30,0,0,0
18/06/2012,00:45,0,0,0
18/06/2012,01:00,1,1,0
18/06/2012,01:15,0,0,0
18/06/2012,01:30,1,0,1
18/06/2012,01:45,1,1,0
18/06/2012,02:00,0,0,0
18/06/2012,02:15,0,0,0
18/06/2012,02:30,0,0,0
18/06/2012,02:45,0,0,0
18/06/2012,03:00,0,0,0
18/06/2012,03:15,0,0,0
18/06/2012,03:30,0,0,0
18/06/2012,03:45,1,0,1
18/06/2012,04:00,0,0,0
18/06/2012,04:15,1,0,1
18/06/2012,04:30,1,1,0
18/06/2012,04:45,2,1,1
18/06/2012,05:00,3,0,3
18/06/2012,05:15,0,0,0
18/06/2012,05:30,9,4,5
18/06/2012,05:45,7,2,5
18/06/2012,06:00,6,2,4
18/06/2012,06:15,2,1,1
18/06/2012,06:30,8,2,6
18/06/2012,06:45,22,8,14
18/06/2012,07:00,9,5,4
18/06/2012,07:15,24,7,17
18/06/2012,07:30,24,7,17
18/06/2012,07:45,15,3,12
18/06/2012,08:00,22,5,17
18/06/2012,08:15,21,9,12
18/06/2012,08:30,21,7,14
18/06/2012,08:45,10,5,5
18/06/2012,09:00,9,1,8
18/06/2012,09:15,12,5,7
18/06/2012,09:30,4,3,1
18/06/2012,09:45,8,4,4
18/06/2012,10:00,12,4,8
18/06/2012,10:15,10,4,6
18/06/2012,10:30,5,1,4
18/06/2012,10:45,1,0,1
18/06/2012,11:00,12,6,6
18/06/2012,11:15,18,9,9
18/06/2012,11:30,6,1,5
18/06/2012,11:45,7,2,5
18/06/2012,12:00,10,5,5
18/06/2012,12:15,5,3,2
18/06/2012,12:30,9,4,5
18/06/2012,12:45,8,5,3
18/06/2012,13:00,10,3,7
18/06/2012,13:15,9,5,4
18/06/2012,13:30,8,6,2
18/06/2012,13:45,10,5,5
18/06/2012,14:00,4,0,4
18/06/2012,14:15,9,4,5
18/06/2012,14:30,9,6,3
18/06/2012,14:45,10,1,9
18/06/2012,15:00,7,4,3
18/06/2012,15:15,17,9,8
18/06/2012,15:30,12,5,7
18/06/2012,15:45,17,6,11
18/06/2012,16:00,10,3,7
18/06/2012,16:15,11,7,4
18/06/2012,16:30,19,7,12
18/06/2012,16:45,17,10,7
18/06/2012,17:00,13,7,6
18/06/2012,17:15,20,15,5
18/06/2012,17:30,33,12,21
18/06/2012,17:45,25,12,13
18/06/2012,18:00,34,19,15
18/06/2012,18:15,37,15,22
18/06/2012,18:30,27,14,13
18/06/2012,18:45,31,13,18
18/06/2012,19:00,21,6,15
18/06/2012,19:15,28,13,15
18/06/2012,19:30,11,7,4
18/06/2012,19:45,13,6,7
18/06/2012,20:00,15,5,10
18/06/2012,20:15,9,6,3
18/06/2012,20:30,8,2,6
18/06/2012,20:45,6,1,5
18/06/2012,21:00,5,2,3
18/06/2012,21:15,4,1,3
18/06/2012,21:30,6,5,1
18/06/2012,21:45,6,2,4
18/06/2012,22:00,7,5,2
18/06/2012,22:15,2,0,2
18/06/2012,22:30,1,0,1
18/06/2012,22:45,1,0,1
18/06/2012,23:00,2,1,1
18/06/2012,23:15,1,1,0
18/06/2012,23:30,2,1,1
18/06/2012,23:45,2,0,2
19/06/2012,00:00,0,0,0
19/06/2012,00:15,0,0,0
19/06/2012,00:30,3,1,2
19/06/2012,00:45,0,0,0
19/06/2012,01:00,2,2,0
19/06/2012,01:15,1,1,0
19/06/2012,01:30,0,0,0
19/06/2012,01:45,0,0,0
19/06/2012,02:00,0,0,0
19/06/2012,02:15,0,0,0
19/06/2012,02:30,0,0,0
19/06/2012,02:45,0,0,0
19/06/2012,03:00,0,0,0
19/06/2012,03:15,1,1,0
19/06/2012,03:30,0,0,0
19/06/2012,03:45,2,0,2
19/06/2012,04:00,0,0,0
19/06/2012,04:15,0,0,0
19/06/2012,04:30,2,1,1
19/06/2012,04:45,1,1,0
19/06/2012,05:00,2,1,1
19/06/2012,05:15,8,6,2
19/06/2012,05:30,10,2,8
19/06/2012,05:45,16,5,11
19/06/2012,06:00,19,12,7
19/06/2012,06:15,25,10,15
19/06/2012,06:30,30,12,18
19/06/2012,06:45,27,12,15
19/06/2012,07:00,42,31,11
19/06/2012,07:15,39,31,8
19/06/2012,07:30,35,23,12
19/06/2012,07:45,31,19,12
19/06/2012,08:00,35,20,15
19/06/2012,08:15,30,22,8
19/06/2012,08:30,28,21,7
19/06/2012,08:45,26,13,13
19/06/2012,09:00,24,19,5
19/06/2012,09:15,20,6,14
19/06/2012,09:30,18,5,13
19/06/2012,09:45,21,8,13
19/06/2012,10:00,13,5,8
19/06/2012,10:15,8,3,5
19/06/2012,10:30,16,5,11
19/06/2012,10:45,16,9,7
19/06/2012,11:00,27,10,17
19/06/2012,11:15,26,18,8
19/06/2012,11:30,13,6,7
19/06/2012,11:45,12,5,7
19/06/2012,12:00,11,6,5
19/06/2012,12:15,9,8,1
19/06/2012,12:30,15,7,8
19/06/2012,12:45,17,12,5
19/06/2012,13:00,15,8,7
19/06/2012,13:15,25,15,10
19/06/2012,13:30,22,15,7
19/06/2012,13:45,13,10,3
19/06/2012,14:00,9,4,5
19/06/2012,14:15,24,17,7
19/06/2012,14:30,18,9,9
19/06/2012,14:45,15,10,5
19/06/2012,15:00,21,4,17
19/06/2012,15:15,18,11,7
19/06/2012,15:30,21,10,11
19/06/2012,15:45,18,12,6
19/06/2012,16:00,15,7,8
19/06/2012,16:15,17,11,6
19/06/2012,16:30,29,22,7
19/06/2012,16:45,31,21,10
19/06/2012,17:00,36,26,10
19/06/2012,17:15,40,21,19
19/06/2012,17:30,49,31,18
19/06/2012,17:45,47,35,12
19/06/2012,18:00,47,32,15
19/06/2012,18:15,57,42,15
19/06/2012,18:30,51,36,15
19/06/2012,18:45,50,38,12
19/06/2012,19:00,45,29,16
19/06/2012,19:15,52,36,16
19/06/2012,19:30,28,17,11
19/06/2012,19:45,30,25,5
19/06/2012,20:00,30,22,8
19/06/2012,20:15,46,29,17
19/06/2012,20:30,20,14,6
19/06/2012,20:45,19,12,7
19/06/2012,21:00,15,7,8
19/06/2012,21:15,10,4,6
19/06/2012,21:30,6,3,3
19/06/2012,21:45,8,1,7
19/06/2012,22:00,3,1,2
19/06/2012,22:15,1,1,0
19/06/2012,22:30,4,1,3
19/06/2012,22:45,1,0,1
19/06/2012,23:00,2,2,0
19/06/2012,23:15,2,0,2
19/06/2012,23:30,1,1,0
19/06/2012,23:45,3,1,2
20/06/2012,00:00,2,0,2
20/06/2012,00:15,2,2,0
20/06/2012,00:30,0,0,0
20/06/2012,00:45,1,1,0
20/06/2012,01:00,0,0,0
20/06/2012,01:15,1,0,1
20/06/2012,01:30,0,0,0
20/06/2012,01:45,1,0,1
20/06/2012,02:00,0,0,0
20/06/2012,02:15,0,0,0
20/06/2012,02:30,0,0,0
20/06/2012,02:45,1,0,1
20/06/2012,03:00,0,0,0
20/06/2012,03:15,1,1,0
20/06/2012,03:30,2,1,1
20/06/2012,03:45,3,2,1
20/06/2012,04:00,1,0,1
20/06/2012,04:15,0,0,0
20/06/2012,04:30,0,0,0
20/06/2012,04:45,1,1,0
20/06/2012,05:00,3,1,2
20/06/2012,05:15,3,1,2
20/06/2012,05:30,11,5,6
20/06/2012,05:45,12,7,5
20/06/2012,06:00,19,7,12
20/06/2012,06:15,22,9,13
20/06/2012,06:30,30,10,20
20/06/2012,06:45,31,12,19
20/06/2012,07:00,29,11,18
20/06/2012,07:15,35,16,19
20/06/2012,07:30,31,14,17
20/06/2012,07:45,26,10,16
20/06/2012,08:00,24,11,13
20/06/2012,08:15,27,14,13
20/06/2012,08:30,25,17,8
20/06/2012,08:45,16,10,6
20/06/2012,09:00,29,14,15
20/06/2012,09:15,18,11,7
20/06/2012,09:30,19,14,5
20/06/2012,09:45,17,11,6
20/06/2012,10:00,8,7,1
20/06/2012,10:15,17,11,6
20/06/2012,10:30,17,13,4
20/06/2012,10:45,11,7,4
20/06/2012,11:00,19,11,8
20/06/2012,11:15,15,11,4
20/06/2012,11:30,23,17,6
20/06/2012,11:45,19,15,4
20/06/2012,12:00,14,10,4
20/06/2012,12:15,5,4,1
20/06/2012,12:30,12,10,2
20/06/2012,12:45,8,7,1
20/06/2012,13:00,14,10,4
20/06/2012,13:15,12,9,3
20/06/2012,13:30,15,13,2
20/06/2012,13:45,14,10,4
20/06/2012,14:00,20,18,2
20/06/2012,14:15,6,4,2
20/06/2012,14:30,11,6,5
20/06/2012,14:45,8,7,1
20/06/2012,15:00,11,4,7
20/06/2012,15:15,11,8,3
20/06/2012,15:30,16,9,7
20/06/2012,15:45,8,6,2
20/06/2012,16:00,16,11,5
20/06/2012,16:15,10,6,4
20/06/2012,16:30,14,7,7
20/06/2012,16:45,26,24,2
20/06/2012,17:00,28,22,6
20/06/2012,17:15,23,17,6
20/06/2012,17:30,28,22,6
20/06/2012,17:45,18,14,4
20/06/2012,18:00,28,23,5
20/06/2012,18:15,19,16,3
20/06/2012,18:30,20,18,2
20/06/2012,18:45,26,21,5
20/06/2012,19:00,22,18,4
20/06/2012,19:15,18,16,2
20/06/2012,19:30,18,16,2
20/06/2012,19:45,9,9,0
20/06/2012,20:00,8,7,1
20/06/2012,20:15,9,8,1
20/06/2012,20:30,4,4,0
20/06/2012,20:45,8,8,0
20/06/2012,21:00,12,7,5
20/06/2012,21:15,5,3,2
20/06/2012,21:30,6,6,0
20/06/2012,21:45,3,1,2
20/06/2012,22:00,12,10,2
20/06/2012,22:15,6,5,1
20/06/2012,22:30,3,1,2
20/06/2012,22:45,2,1,1
20/06/2012,23:00,0,0,0
20/06/2012,23:15,3,1,2
20/06/2012,23:30,3,2,1
20/06/2012,23:45,2,0,2
21/06/2012,00:00,2,0,2
21/06/2012,00:15,1,0,1
21/06/2012,00:30,1,0,1
21/06/2012,00:45,0,0,0
21/06/2012,01:00,0,0,0
21/06/2012,01:15,0,0,0
21/06/2012,01:30,0,0,0
21/06/2012,01:45,1,1,0
21/06/2012,02:00,0,0,0
21/06/2012,02:15,0,0,0
21/06/2012,02:30,1,0,1
21/06/2012,02:45,0,0,0
21/06/2012,03:00,0,0,0
21/06/2012,03:15,1,0,1
21/06/2012,03:30,0,0,0
21/06/2012,03:45,1,0,1
21/06/2012,04:00,1,1,0
21/06/2012,04:15,1,0,1
21/06/2012,04:30,4,2,2
21/06/2012,04:45,0,0,0
21/06/2012,05:00,3,0,3
21/06/2012,05:15,6,3,3
21/06/2012,05:30,15,10,5
21/06/2012,05:45,17,5,12
21/06/2012,06:00,10,5,5
21/06/2012,06:15,21,9,12
21/06/2012,06:30,25,9,16
21/06/2012,06:45,27,14,13
21/06/2012,07:00,36,24,12
21/06/2012,07:15,40,29,11
21/06/2012,07:30,42,23,19
21/06/2012,07:45,27,16,11
21/06/2012,08:00,34,21,13
21/06/2012,08:15,24,15,9
21/06/2012,08:30,26,19,7
21/06/2012,08:45,13,10,3
21/06/2012,09:00,20,16,4
21/06/2012,09:15,11,3,8
21/06/2012,09:30,13,7,6
21/06/2012,09:45,13,12,1
21/06/2012,10:00,14,11,3
21/06/2012,10:15,14,7,7
21/06/2012,10:30,6,6,0
21/06/2012,10:45,25,22,3
21/06/2012,11:00,33,30,3
21/06/2012,11:15,12,10,2
21/06/2012,11:30,24,23,1
21/06/2012,11:45,26,23,3
21/06/2012,12:00,28,24,4
21/06/2012,12:15,13,12,1
21/06/2012,12:30,26,21,5
21/06/2012,12:45,10,6,4
21/06/2012,13:00,4,1,3
21/06/2012,13:15,8,6,2
21/06/2012,13:30,6,5,1
21/06/2012,13:45,10,10,0
21/06/2012,14:00,6,6,0
21/06/2012,14:15,8,7,1
21/06/2012,14:30,8,4,4
21/06/2012,14:45,4,2,2
21/06/2012,15:00,8,6,2
21/06/2012,15:15,4,4,0
21/06/2012,15:30,9,9,0
21/06/2012,15:45,19,9,10
21/06/2012,16:00,17,10,7
21/06/2012,16:15,19,11,8
21/06/2012,16:30,15,10,5
21/06/2012,16:45,14,10,4
21/06/2012,17:00,22,15,7
21/06/2012,17:15,13,9,4
21/06/2012,17:30,22,17,5
21/06/2012,17:45,19,17,2
21/06/2012,18:00,25,20,5
21/06/2012,18:15,22,17,5
21/06/2012,18:30,22,19,3
21/06/2012,18:45,26,17,9
21/06/2012,19:00,8,7,1
21/06/2012,19:15,15,14,1
21/06/2012,19:30,11,9,2
21/06/2012,19:45,8,8,0
21/06/2012,20:00,6,6,0
21/06/2012,20:15,4,4,0
21/06/2012,20:30,3,3,0
21/06/2012,20:45,7,7,0
21/06/2012,21:00,6,5,1
21/06/2012,21:15,7,7,0
21/06/2012,21:30,3,2,1
21/06/2012,21:45,3,3,0
21/06/2012,22:00,1,1,0
21/06/2012,22:15,3,3,0
21/06/2012,22:30,2,2,0
21/06/2012,22:45,1,1,0
21/06/2012,23:00,2,2,0
21/06/2012,23:15,4,2,2
21/06/2012,23:30,1,1,0
21/06/2012,23:45,1,1,0
22/06/2012,00:00,1,1,0
22/06/2012,00:15,0,0,0
22/06/2012,00:30,2,2,0
22/06/2012,00:45,1,1,0
22/06/2012,01:00,1,0,1
22/06/2012,01:15,0,0,0
22/06/2012,01:30,0,0,0
22/06/2012,01:45,1,1,0
22/06/2012,02:00,0,0,0
22/06/2012,02:15,0,0,0
22/06/2012,02:30,0,0,0
22/06/2012,02:45,0,0,0
22/06/2012,03:00,0,0,0
22/06/2012,03:15,1,0,1
22/06/2012,03:30,0,0,0
22/06/2012,03:45,2,1,1
22/06/2012,04:00,0,0,0
22/06/2012,04:15,0,0,0
22/06/2012,04:30,0,0,0
22/06/2012,04:45,2,1,1
22/06/2012,05:00,5,3,2
22/06/2012,05:15,4,3,1
22/06/2012,05:30,7,6,1
22/06/2012,05:45,8,6,2
22/06/2012,06:00,17,12,5
22/06/2012,06:15,10,7,3
22/06/2012,06:30,16,14,2
22/06/2012,06:45,26,21,5
22/06/2012,07:00,17,11,6
22/06/2012,07:15,26,18,8
22/06/2012,07:30,26,17,9
22/06/2012,07:45,25,17,8
22/06/2012,08:00,27,19,8
22/06/2012,08:15,24,15,9
22/06/2012,08:30,28,14,14
22/06/2012,08:45,11,5,6
22/06/2012,09:00,17,10,7
22/06/2012,09:15,17,9,8
22/06/2012,09:30,15,9,6
22/06/2012,09:45,8,5,3
22/06/2012,10:00,14,7,7
22/06/2012,10:15,21,17,4
22/06/2012,10:30,10,4,6
22/06/2012,10:45,14,8,6
22/06/2012,11:00,13,6,7
22/06/2012,11:15,8,6,2
22/06/2012,11:30,9,6,3
22/06/2012,11:45,9,5,4
22/06/2012,12:00,20,12,8
22/06/2012,12:15,11,9,2
22/06/2012,12:30,17,11,6
22/06/2012,12:45,11,11,0
22/06/2012,13:00,12,6,6
22/06/2012,13:15,19,15,4
22/06/2012,13:30,6,4,2
22/06/2012,13:45,14,11,3
22/06/2012,14:00,17,12,5
22/06/2012,14:15,9,7,2
22/06/2012,14:30,14,14,0
22/06/2012,14:45,15,11,4
22/06/2012,15:00,20,5,15
22/06/2012,15:15,9,5,4
22/06/2012,15:30,12,10,2
22/06/2012,15:45,12,6,6
22/06/2012,16:00,16,16,0
22/06/2012,16:15,10,6,4
22/06/2012,16:30,19,19,0
22/06/2012,16:45,17,16,1
22/06/2012,17:00,11,10,1
22/06/2012,17:15,15,15,0
22/06/2012,17:30,12,8,4
22/06/2012,17:45,17,16,1
22/06/2012,18:00,9,9,0
22/06/2012,18:15,15,12,3
22/06/2012,18:30,9,7,2
22/06/2012,18:45,13,8,5
22/06/2012,19:00,14,11,3
22/06/2012,19:15,12,9,3
22/06/2012,19:30,5,4,1
22/06/2012,19:45,13,8,5
22/06/2012,20:00,9,3,6
22/06/2012,20:15,7,4,3
22/06/2012,20:30,3,2,1
22/06/2012,20:45,8,2,6
22/06/2012,21:00,3,2,1
22/06/2012,21:15,3,1,2
22/06/2012,21:30,4,2,2
22/06/2012,21:45,5,1,4
22/06/2012,22:00,4,1,3
22/06/2012,22:15,0,0,0
22/06/2012,22:30,2,1,1
22/06/2012,22:45,1,0,1
22/06/2012,23:00,1,0,1
22/06/2012,23:15,2,1,1
22/06/2012,23:30,4,0,4
22/06/2012,23:45,0,0,0
23/06/2012,00:00,0,0,0
23/06/2012,00:15,2,1,1
23/06/2012,00:30,0,0,0
23/06/2012,00:45,2,1,1
23/06/2012,01:00,1,1,0
23/06/2012,01:15,1,1,0
23/06/2012,01:30,2,1,1
23/06/2012,01:45,0,0,0
23/06/2012,02:00,0,0,0
23/06/2012,02:15,0,0,0
23/06/2012,02:30,2,1,1
23/06/2012,02:45,2,0,2
23/06/2012,03:00,0,0,0
23/06/2012,03:15,0,0,0
23/06/2012,03:30,1,1,0
23/06/2012,03:45,0,0,0
23/06/2012,04:00,0,0,0
23/06/2012,04:15,0,0,0
23/06/2012,04:30,0,0,0
23/06/2012,04:45,1,1,0
23/06/2012,05:00,1,1,0
23/06/2012,05:15,1,0,1
23/06/2012,05:30,3,1,2
23/06/2012,05:45,5,5,0
23/06/2012,06:00,6,4,2
23/06/2012,06:15,6,3,3
23/06/2012,06:30,10,8,2
23/06/2012,06:45,13,3,10
23/06/2012,07:00,16,9,7
23/06/2012,07:15,13,7,6
23/06/2012,07:30,30,15,15
23/06/2012,07:45,41,22,19
23/06/2012,08:00,49,26,23
23/06/2012,08:15,34,17,17
23/06/2012,08:30,33,18,15
23/06/2012,08:45,46,26,20
23/06/2012,09:00,44,25,19
23/06/2012,09:15,47,23,24
23/06/2012,09:30,39,17,22
23/06/2012,09:45,56,33,23
23/06/2012,10:00,44,23,21
23/06/2012,10:15,65,30,35
23/06/2012,10:30,44,23,21
23/06/2012,10:45,47,29,18
23/06/2012,11:00,36,26,10
23/06/2012,11:15,47,27,20
23/06/2012,11:30,71,51,20
23/06/2012,11:45,60,27,33
23/06/2012,12:00,42,22,20
23/06/2012,12:15,46,31,15
23/06/2012,12:30,37,19,18
23/06/2012,12:45,50,31,19
23/06/2012,13:00,31,22,9
23/06/2012,13:15,38,18,20
23/06/2012,13:30,36,24,12
23/06/2012,13:45,46,27,19
23/06/2012,14:00,40,17,23
23/06/2012,14:15,30,17,13
23/06/2012,14:30,21,13,8
23/06/2012,14:45,39,14,25
23/06/2012,15:00,32,15,17
23/06/2012,15:15,24,15,9
23/06/2012,15:30,34,17,17
23/06/2012,15:45,26,16,10
23/06/2012,16:00,40,18,22
23/06/2012,16:15,27,9,18
23/06/2012,16:30,26,11,15
23/06/2012,16:45,31,17,14
23/06/2012,17:00,27,13,14
23/06/2012,17:15,32,12,20
23/06/2012,17:30,20,6,14
23/06/2012,17:45,24,11,13
23/06/2012,18:00,25,12,13
23/06/2012,18:15,22,14,8
23/06/2012,18:30,17,9,8
23/06/2012,18:45,30,22,8
23/06/2012,19:00,35,18,17
23/06/2012,19:15,20,14,6
23/06/2012,19:30,15,11,4
23/06/2012,19:45,26,15,11
23/06/2012,20:00,18,13,5
23/06/2012,20:15,14,12,2
23/06/2012,20:30,12,7,5
23/06/2012,20:45,11,6,5
23/06/2012,21:00,8,5,3
23/06/2012,21:15,10,2,8
23/06/2012,21:30,7,3,4
23/06/2012,21:45,7,3,4
23/06/2012,22:00,2,0,2
23/06/2012,22:15,5,3,2
23/06/2012,22:30,7,2,5
23/06/2012,22:45,2,1,1
23/06/2012,23:00,4,3,1
23/06/2012,23:15,9,6,3
23/06/2012,23:30,2,0,2
23/06/2012,23:45,4,3,1
24/06/2012,00:00,1,0,1
24/06/2012,00:15,3,1,2
24/06/2012,00:30,1,0,1
24/06/2012,00:45,1,0,1
24/06/2012,01:00,2,0,2
24/06/2012,01:15,1,0,1
24/06/2012,01:30,1,0,1
24/06/2012,01:45,0,0,0
24/06/2012,02:00,1,0,1
24/06/2012,02:15,0,0,0
24/06/2012,02:30,0,0,0
24/06/2012,02:45,0,0,0
24/06/2012,03:00,0,0,0
24/06/2012,03:15,0,0,0
24/06/2012,03:30,0,0,0
24/06/2012,03:45,2,0,2
24/06/2012,04:00,0,0,0
24/06/2012,04:15,2,2,0
24/06/2012,04:30,0,0,0
24/06/2012,04:45,0,0,0
24/06/2012,05:00,1,0,1
24/06/2012,05:15,1,1,0
24/06/2012,05:30,1,1,0
24/06/2012,05:45,2,2,0
24/06/2012,06:00,7,5,2
24/06/2012,06:15,9,5,4
24/06/2012,06:30,9,8,1
24/06/2012,06:45,8,3,5
24/06/2012,07:00,10,5,5
24/06/2012,07:15,22,9,13
24/06/2012,07:30,13,8,5
24/06/2012,07:45,26,15,11
24/06/2012,08:00,25,15,10
24/06/2012,08:15,25,17,8
24/06/2012,08:30,40,23,17
24/06/2012,08:45,26,19,7
24/06/2012,09:00,41,19,22
24/06/2012,09:15,43,22,21
24/06/2012,09:30,39,20,19
24/06/2012,09:45,45,32,13
24/06/2012,10:00,44,26,18
24/06/2012,10:15,47,24,23
24/06/2012,10:30,47,32,15
24/06/2012,10:45,63,47,16
24/06/2012,11:00,58,38,20
24/06/2012,11:15,53,37,16
24/06/2012,11:30,39,28,11
24/06/2012,11:45,53,33,20
24/06/2012,12:00,71,40,31
24/06/2012,12:15,50,36,14
24/06/2012,12:30,35,23,12
24/06/2012,12:45,37,26,11
24/06/2012,13:00,41,22,19
24/06/2012,13:15,31,18,13
24/06/2012,13:30,49,29,20
24/06/2012,13:45,28,21,7
24/06/2012,14:00,41,24,17
24/06/2012,14:15,31,13,18
24/06/2012,14:30,28,24,4
24/06/2012,14:45,34,23,11
24/06/2012,15:00,29,20,9
24/06/2012,15:15,32,23,9
24/06/2012,15:30,36,17,19
24/06/2012,15:45,20,11,9
24/06/2012,16:00,34,18,16
24/06/2012,16:15,15,10,5
24/06/2012,16:30,23,14,9
24/06/2012,16:45,22,13,9
24/06/2012,17:00,32,18,14
24/06/2012,17:15,21,12,9
24/06/2012,17:30,27,15,12
24/06/2012,17:45,21,17,4
24/06/2012,18:00,27,14,13
24/06/2012,18:15,20,14,6
24/06/2012,18:30,27,15,12
24/06/2012,18:45,28,15,13
24/06/2012,19:00,22,13,9
24/06/2012,19:15,13,6,7
24/06/2012,19:30,13,9,4
24/06/2012,19:45,19,10,9
24/06/2012,20:00,17,16,1
24/06/2012,20:15,18,10,8
24/06/2012,20:30,14,11,3
24/06/2012,20:45,11,6,5
24/06/2012,21:00,7,5,2
24/06/2012,21:15,10,3,7
24/06/2012,21:30,7,5,2
24/06/2012,21:45,8,4,4
24/06/2012,22:00,2,1,1
24/06/2012,22:15,6,2,4
24/06/2012,22:30,1,0,1
24/06/2012,22:45,3,1,2
24/06/2012,23:00,4,4,0
24/06/2012,23:15,0,0,0
24/06/2012,23:30,1,0,1
24/06/2012,23:45,1,0,1
25/06/2012,00:00,1,0,1
25/06/2012,00:15,0,0,0
25/06/2012,00:30,0,0,0
25/06/2012,00:45,0,0,0
25/06/2012,01:00,0,0,0
25/06/2012,01:15,0,0,0
25/06/2012,01:30,1,0,1
25/06/2012,01:45,0,0,0
25/06/2012,02:00,1,0,1
25/06/2012,02:15,0,0,0
25/06/2012,02:30,0,0,0
25/06/2012,02:45,0,0,0
25/06/2012,03:00,0,0,0
25/06/2012,03:15,0,0,0
25/06/2012,03:30,0,0,0
25/06/2012,03:45,2,1,1
25/06/2012,04:00,0,0,0
25/06/2012,04:15,2,1,1
25/06/2012,04:30,1,1,0
25/06/2012,04:45,0,0,0
25/06/2012,05:00,4,1,3
25/06/2012,05:15,4,0,4
25/06/2012,05:30,11,3,8
25/06/2012,05:45,14,3,11
25/06/2012,06:00,13,2,11
25/06/2012,06:15,16,6,10
25/06/2012,06:30,25,6,19
25/06/2012,06:45,29,11,18
25/06/2012,07:00,23,8,15
25/06/2012,07:15,42,17,25
25/06/2012,07:30,31,12,19
25/06/2012,07:45,26,10,16
25/06/2012,08:00,27,2,25
25/06/2012,08:15,27,6,21
25/06/2012,08:30,19,7,12
25/06/2012,08:45,26,7,19
25/06/2012,09:00,19,7,12
25/06/2012,09:15,15,5,10
25/06/2012,09:30,8,1,7
25/06/2012,09:45,13,6,7
25/06/2012,10:00,13,6,7
25/06/2012,10:15,9,4,5
25/06/2012,10:30,7,5,2
25/06/2012,10:45,9,5,4
25/06/2012,11:00,9,4,5
25/06/2012,11:15,20,13,7
25/06/2012,11:30,7,3,4
25/06/2012,11:45,8,4,4
25/06/2012,12:00,10,4,6
25/06/2012,12:15,3,3,0
25/06/2012,12:30,13,4,9
25/06/2012,12:45,6,5,1
25/06/2012,13:00,7,3,4
25/06/2012,13:15,11,4,7
25/06/2012,13:30,6,1,5
25/06/2012,13:45,12,5,7
25/06/2012,14:00,9,6,3
25/06/2012,14:15,13,6,7
25/06/2012,14:30,19,7,12
25/06/2012,14:45,15,7,8
25/06/2012,15:00,10,5,5
25/06/2012,15:15,8,2,6
25/06/2012,15:30,14,6,8
25/06/2012,15:45,14,7,7
25/06/2012,16:00,15,7,8
25/06/2012,16:15,13,6,7
25/06/2012,16:30,34,14,20
25/06/2012,16:45,33,19,14
25/06/2012,17:00,32,4,28
25/06/2012,17:15,35,11,24
25/06/2012,17:30,37,14,23
25/06/2012,17:45,40,13,27
25/06/2012,18:00,38,15,23
25/06/2012,18:15,39,9,30
25/06/2012,18:30,45,12,33
25/06/2012,18:45,38,17,21
25/06/2012,19:00,37,14,23
25/06/2012,19:15,40,11,29
25/06/2012,19:30,29,15,14
25/06/2012,19:45,27,11,16
25/06/2012,20:00,37,24,13
25/06/2012,20:15,30,8,22
25/06/2012,20:30,19,11,8
25/06/2012,20:45,12,10,2
25/06/2012,21:00,9,6,3
25/06/2012,21:15,12,9,3
25/06/2012,21:30,5,3,2
25/06/2012,21:45,2,1,1
25/06/2012,22:00,7,2,5
25/06/2012,22:15,7,3,4
25/06/2012,22:30,3,1,2
25/06/2012,22:45,0,0,0
25/06/2012,23:00,1,1,0
25/06/2012,23:15,1,0,1
25/06/2012,23:30,2,0,2
25/06/2012,23:45,3,3,0
26/06/2012,00:00,5,0,5
26/06/2012,00:15,0,0,0
26/06/2012,00:30,0,0,0
26/06/2012,00:45,0,0,0
26/06/2012,01:00,0,0,0
26/06/2012,01:15,1,1,0
26/06/2012,01:30,0,0,0
26/06/2012,01:45,0,0,0
26/06/2012,02:00,0,0,0
26/06/2012,02:15,0,0,0
26/06/2012,02:30,0,0,0
26/06/2012,02:45,1,1,0
26/06/2012,03:00,0,0,0
26/06/2012,03:15,1,0,1
26/06/2012,03:30,0,0,0
26/06/2012,03:45,2,0,2
26/06/2012,04:00,1,1,0
26/06/2012,04:15,0,0,0
26/06/2012,04:30,2,2,0
26/06/2012,04:45,1,1,0
26/06/2012,05:00,3,1,2
26/06/2012,05:15,5,3,2
26/06/2012,05:30,9,3,6
26/06/2012,05:45,13,3,10
26/06/2012,06:00,23,7,16
26/06/2012,06:15,18,9,9
26/06/2012,06:30,21,4,17
26/06/2012,06:45,28,6,22
26/06/2012,07:00,30,5,25
26/06/2012,07:15,27,11,16
26/06/2012,07:30,39,12,27
26/06/2012,07:45,35,13,22
26/06/2012,08:00,36,10,26
26/06/2012,08:15,38,8,30
26/06/2012,08:30,32,12,20
26/06/2012,08:45,24,9,15
26/06/2012,09:00,24,12,12
26/06/2012,09:15,20,7,13
26/06/2012,09:30,27,9,18
26/06/2012,09:45,14,5,9
26/06/2012,10:00,26,12,14
26/06/2012,10:15,21,10,11
26/06/2012,10:30,26,15,11
26/06/2012,10:45,28,21,7
26/06/2012,11:00,20,11,9
26/06/2012,11:15,42,30,12
26/06/2012,11:30,23,15,8
26/06/2012,11:45,28,21,7
26/06/2012,12:00,21,14,7
26/06/2012,12:15,24,17,7
26/06/2012,12:30,18,11,7
26/06/2012,12:45,32,24,8
26/06/2012,13:00,26,17,9
26/06/2012,13:15,22,9,13
26/06/2012,13:30,32,19,13
26/06/2012,13:45,20,7,13
26/06/2012,14:00,29,23,6
26/06/2012,14:15,18,9,9
26/06/2012,14:30,19,8,11
26/06/2012,14:45,18,8,10
26/06/2012,15:00,23,13,10
26/06/2012,15:15,15,6,9
26/06/2012,15:30,25,9,16
26/06/2012,15:45,21,8,13
26/06/2012,16:00,29,11,18
26/06/2012,16:15,20,7,13
26/06/2012,16:30,18,5,13
26/06/2012,16:45,28,9,19
26/06/2012,17:00,40,9,31
26/06/2012,17:15,45,13,32
26/06/2012,17:30,45,15,30
26/06/2012,17:45,65,14,51
26/06/2012,18:00,62,17,45
26/06/2012,18:15,61,13,48
26/06/2012,18:30,65,17,48
26/06/2012,18:45,45,17,28
26/06/2012,19:00,66,19,47
26/06/2012,19:15,36,11,25
26/06/2012,19:30,46,14,32
26/06/2012,19:45,35,17,18
26/06/2012,20:00,29,10,19
26/06/2012,20:15,26,9,17
26/06/2012,20:30,32,18,14
26/06/2012,20:45,26,16,10
26/06/2012,21:00,17,10,7
26/06/2012,21:15,3,1,2
26/06/2012,21:30,8,3,5
26/06/2012,21:45,2,0,2
26/06/2012,22:00,4,3,1
26/06/2012,22:15,1,1,0
26/06/2012,22:30,4,0,4
26/06/2012,22:45,0,0,0
26/06/2012,23:00,3,2,1
26/06/2012,23:15,1,0,1
26/06/2012,23:30,1,1,0
26/06/2012,23:45,0,0,0
27/06/2012,00:00,0,0,0
27/06/2012,00:15,1,1,0
27/06/2012,00:30,0,0,0
27/06/2012,00:45,0,0,0
27/06/2012,01:00,0,0,0
27/06/2012,01:15,1,1,0
27/06/2012,01:30,0,0,0
27/06/2012,01:45,1,0,1
27/06/2012,02:00,1,1,0
27/06/2012,02:15,0,0,0
27/06/2012,02:30,0,0,0
27/06/2012,02:45,0,0,0
27/06/2012,03:00,0,0,0
27/06/2012,03:15,0,0,0
27/06/2012,03:30,1,0,1
27/06/2012,03:45,2,0,2
27/06/2012,04:00,1,0,1
27/06/2012,04:15,0,0,0
27/06/2012,04:30,3,3,0
27/06/2012,04:45,1,1,0
27/06/2012,05:00,3,0,3
27/06/2012,05:15,3,0,3
27/06/2012,05:30,10,4,6
27/06/2012,05:45,12,3,9
27/06/2012,06:00,17,5,12
27/06/2012,06:15,21,2,19
27/06/2012,06:30,30,9,21
27/06/2012,06:45,39,16,23
27/06/2012,07:00,26,4,22
27/06/2012,07:15,46,15,31
27/06/2012,07:30,33,11,22
27/06/2012,07:45,48,13,35
27/06/2012,08:00,40,15,25
27/06/2012,08:15,43,16,27
27/06/2012,08:30,29,7,22
27/06/2012,08:45,17,5,12
27/06/2012,09:00,25,7,18
27/06/2012,09:15,20,7,13
27/06/2012,09:30,14,2,12
27/06/2012,09:45,13,4,9
27/06/2012,10:00,16,4,12
27/06/2012,10:15,13,4,9
27/06/2012,10:30,27,11,16
27/06/2012,10:45,29,19,10
27/06/2012,11:00,19,11,8
27/06/2012,11:15,12,5,7
27/06/2012,11:30,10,1,9
27/06/2012,11:45,15,11,4
27/06/2012,12:00,22,16,6
27/06/2012,12:15,22,14,8
27/06/2012,12:30,13,8,5
27/06/2012,12:45,12,6,6
27/06/2012,13:00,30,24,6
27/06/2012,13:15,22,17,5
27/06/2012,13:30,25,16,9
27/06/2012,13:45,23,14,9
27/06/2012,14:00,27,16,11
27/06/2012,14:15,10,2,8
27/06/2012,14:30,24,14,10
27/06/2012,14:45,25,16,9
27/06/2012,15:00,24,9,15
27/06/2012,15:15,12,3,9
27/06/2012,15:30,21,10,11
27/06/2012,15:45,22,12,10
27/06/2012,16:00,28,10,18
27/06/2012,16:15,23,9,14
27/06/2012,16:30,23,8,15
27/06/2012,16:45,37,21,16
27/06/2012,17:00,32,15,17
27/06/2012,17:15,40,22,18
27/06/2012,17:30,35,19,16
27/06/2012,17:45,48,22,26
27/06/2012,18:00,45,26,19
27/06/2012,18:15,61,41,20
27/06/2012,18:30,58,38,20
27/06/2012,18:45,53,26,27
27/06/2012,19:00,50,33,17
27/06/2012,19:15,40,31,9
27/06/2012,19:30,40,25,15
27/06/2012,19:45,29,18,11
27/06/2012,20:00,27,22,5
27/06/2012,20:15,23,13,10
27/06/2012,20:30,21,17,4
27/06/2012,20:45,11,9,2
27/06/2012,21:00,13,5,8
27/06/2012,21:15,12,4,8
27/06/2012,21:30,6,4,2
27/06/2012,21:45,4,2,2
27/06/2012,22:00,6,3,3
27/06/2012,22:15,8,4,4
27/06/2012,22:30,7,5,2
27/06/2012,22:45,0,0,0
27/06/2012,23:00,2,2,0
27/06/2012,23:15,2,0,2
27/06/2012,23:30,5,1,4
27/06/2012,23:45,3,0,3
28/06/2012,00:00,2,1,1
28/06/2012,00:15,2,1,1
28/06/2012,00:30,2,1,1
28/06/2012,00:45,0,0,0
28/06/2012,01:00,1,0,1
28/06/2012,01:15,0,0,0
28/06/2012,01:30,0,0,0
28/06/2012,01:45,0,0,0
28/06/2012,02:00,0,0,0
28/06/2012,02:15,1,0,1
28/06/2012,02:30,1,0,1
28/06/2012,02:45,1,1,0
28/06/2012,03:00,0,0,0
28/06/2012,03:15,0,0,0
28/06/2012,03:30,1,0,1
28/06/2012,03:45,2,0,2
28/06/2012,04:00,0,0,0
28/06/2012,04:15,0,0,0
28/06/2012,04:30,2,0,2
28/06/2012,04:45,1,0,1
28/06/2012,05:00,1,0,1
28/06/2012,05:15,7,4,3
28/06/2012,05:30,9,5,4
28/06/2012,05:45,10,1,9
28/06/2012,06:00,18,4,14
28/06/2012,06:15,21,10,11
28/06/2012,06:30,28,9,19
28/06/2012,06:45,25,7,18
28/06/2012,07:00,34,9,25
28/06/2012,07:15,41,16,25
28/06/2012,07:30,31,14,17
28/06/2012,07:45,26,13,13
28/06/2012,08:00,41,20,21
28/06/2012,08:15,28,16,12
28/06/2012,08:30,26,11,15
28/06/2012,08:45,19,11,8
28/06/2012,09:00,14,8,6
28/06/2012,09:15,19,6,13
28/06/2012,09:30,24,12,12
28/06/2012,09:45,11,7,4
28/06/2012,10:00,16,9,7
28/06/2012,10:15,14,7,7
28/06/2012,10:30,21,13,8
28/06/2012,10:45,17,14,3
28/06/2012,11:00,14,10,4
28/06/2012,11:15,15,10,5
28/06/2012,11:30,8,5,3
28/06/2012,11:45,12,11,1
28/06/2012,12:00,27,22,5
28/06/2012,12:15,16,11,5
28/06/2012,12:30,23,21,2
28/06/2012,12:45,12,7,5
28/06/2012,13:00,17,13,4
28/06/2012,13:15,18,14,4
28/06/2012,13:30,16,10,6
28/06/2012,13:45,14,11,3
28/06/2012,14:00,12,10,2
28/06/2012,14:15,23,20,3
28/06/2012,14:30,25,20,5
28/06/2012,14:45,22,20,2
28/06/2012,15:00,14,7,7
28/06/2012,15:15,15,11,4
28/06/2012,15:30,14,11,3
28/06/2012,15:45,21,14,7
28/06/2012,16:00,16,9,7
28/06/2012,16:15,20,15,5
28/06/2012,16:30,26,20,6
28/06/2012,16:45,22,19,3
28/06/2012,17:00,28,23,5
28/06/2012,17:15,26,21,5
28/06/2012,17:30,25,22,3
28/06/2012,17:45,23,17,6
28/06/2012,18:00,28,20,8
28/06/2012,18:15,27,20,7
28/06/2012,18:30,37,28,9
28/06/2012,18:45,29,19,10
28/06/2012,19:00,26,21,5
28/06/2012,19:15,20,19,1
28/06/2012,19:30,39,32,7
28/06/2012,19:45,26,23,3
28/06/2012,20:00,19,16,3
28/06/2012,20:15,33,30,3
28/06/2012,20:30,27,21,6
28/06/2012,20:45,18,16,2
28/06/2012,21:00,9,8,1
28/06/2012,21:15,5,1,4
28/06/2012,21:30,4,3,1
28/06/2012,21:45,2,1,1
28/06/2012,22:00,7,3,4
28/06/2012,22:15,3,2,1
28/06/2012,22:30,1,1,0
28/06/2012,22:45,1,0,1
28/06/2012,23:00,0,0,0
28/06/2012,23:15,0,0,0
28/06/2012,23:30,0,0,0
28/06/2012,23:45,3,0,3
29/06/2012,00:00,0,0,0
29/06/2012,00:15,0,0,0
29/06/2012,00:30,1,0,1
29/06/2012,00:45,1,0,1
29/06/2012,01:00,0,0,0
29/06/2012,01:15,0,0,0
29/06/2012,01:30,0,0,0
29/06/2012,01:45,0,0,0
29/06/2012,02:00,0,0,0
29/06/2012,02:15,0,0,0
29/06/2012,02:30,0,0,0
29/06/2012,02:45,0,0,0
29/06/2012,03:00,0,0,0
29/06/2012,03:15,0,0,0
29/06/2012,03:30,1,0,1
29/06/2012,03:45,1,1,0
29/06/2012,04:00,2,1,1
29/06/2012,04:15,1,0,1
29/06/2012,04:30,3,2,1
29/06/2012,04:45,1,1,0
29/06/2012,05:00,4,1,3
29/06/2012,05:15,2,0,2
29/06/2012,05:30,6,4,2
29/06/2012,05:45,7,3,4
29/06/2012,06:00,16,10,6
29/06/2012,06:15,19,8,11
29/06/2012,06:30,20,11,9
29/06/2012,06:45,29,15,14
29/06/2012,07:00,24,15,9
29/06/2012,07:15,29,18,11
29/06/2012,07:30,27,14,13
29/06/2012,07:45,30,17,13
29/06/2012,08:00,24,17,7
29/06/2012,08:15,16,14,2
29/06/2012,08:30,18,13,5
29/06/2012,08:45,20,15,5
29/06/2012,09:00,19,14,5
29/06/2012,09:15,19,15,4
29/06/2012,09:30,12,10,2
29/06/2012,09:45,12,11,1
29/06/2012,10:00,13,11,2
29/06/2012,10:15,13,12,1
29/06/2012,10:30,21,21,0
29/06/2012,10:45,10,8,2
29/06/2012,11:00,11,10,1
29/06/2012,11:15,27,26,1
29/06/2012,11:30,19,15,4
29/06/2012,11:45,16,14,2
29/06/2012,12:00,16,15,1
29/06/2012,12:15,7,6,1
29/06/2012,12:30,12,11,1
29/06/2012,12:45,22,18,4
29/06/2012,13:00,14,13,1
29/06/2012,13:15,14,13,1
29/06/2012,13:30,12,12,0
29/06/2012,13:45,19,16,3
29/06/2012,14:00,19,17,2
29/06/2012,14:15,13,12,1
29/06/2012,14:30,16,13,3
29/06/2012,14:45,14,12,2
29/06/2012,15:00,22,20,2
29/06/2012,15:15,15,15,0
29/06/2012,15:30,12,12,0
29/06/2012,15:45,22,21,1
29/06/2012,16:00,21,18,3
29/06/2012,16:15,14,13,1
29/06/2012,16:30,16,14,2
29/06/2012,16:45,14,10,4
29/06/2012,17:00,19,17,2
29/06/2012,17:15,10,9,1
29/06/2012,17:30,27,22,5
29/06/2012,17:45,18,17,1
29/06/2012,18:00,16,14,2
29/06/2012,18:15,8,8,0
29/06/2012,18:30,15,15,0
29/06/2012,18:45,9,7,2
29/06/2012,19:00,13,13,0
29/06/2012,19:15,10,10,0
29/06/2012,19:30,8,8,0
29/06/2012,19:45,6,6,0
29/06/2012,20:00,5,5,0
29/06/2012,20:15,5,5,0
29/06/2012,20:30,1,1,0
29/06/2012,20:45,5,5,0
29/06/2012,21:00,3,3,0
29/06/2012,21:15,1,1,0
29/06/2012,21:30,1,1,0
29/06/2012,21:45,0,0,0
29/06/2012,22:00,0,0,0
29/06/2012,22:15,0,0,0
29/06/2012,22:30,2,2,0
29/06/2012,22:45,16,16,0
29/06/2012,23:00,6,6,0
29/06/2012,23:15,1,1,0
29/06/2012,23:30,1,1,0
29/06/2012,23:45,1,0,1
30/06/2012,00:00,0,0,0
30/06/2012,00:15,0,0,0
30/06/2012,00:30,2,0,2
30/06/2012,00:45,1,0,1
30/06/2012,01:00,0,0,0
30/06/2012,01:15,3,2,1
30/06/2012,01:30,1,0,1
30/06/2012,01:45,0,0,0
30/06/2012,02:00,0,0,0
30/06/2012,02:15,0,0,0
30/06/2012,02:30,1,0,1
30/06/2012,02:45,0,0,0
30/06/2012,03:00,0,0,0
30/06/2012,03:15,0,0,0
30/06/2012,03:30,1,1,0
30/06/2012,03:45,0,0,0
30/06/2012,04:00,0,0,0
30/06/2012,04:15,0,0,0
30/06/2012,04:30,1,0,1
30/06/2012,04:45,0,0,0
30/06/2012,05:00,1,0,1
30/06/2012,05:15,0,0,0
30/06/2012,05:30,4,3,1
30/06/2012,05:45,8,5,3
30/06/2012,06:00,7,3,4
30/06/2012,06:15,6,4,2
30/06/2012,06:30,10,4,6
30/06/2012,06:45,8,5,3
30/06/2012,07:00,12,5,7
30/06/2012,07:15,18,5,13
30/06/2012,07:30,26,18,8
30/06/2012,07:45,22,8,14
30/06/2012,08:00,25,15,10
30/06/2012,08:15,28,11,17
30/06/2012,08:30,31,9,22
30/06/2012,08:45,40,16,24
30/06/2012,09:00,34,12,22
30/06/2012,09:15,31,9,22
30/06/2012,09:30,37,12,25
30/06/2012,09:45,31,21,10
30/06/2012,10:00,37,18,19
30/06/2012,10:15,37,20,17
30/06/2012,10:30,27,17,10
30/06/2012,10:45,36,18,18
30/06/2012,11:00,27,15,12
30/06/2012,11:15,33,22,11
30/06/2012,11:30,30,21,9
30/06/2012,11:45,33,17,16
30/06/2012,12:00,28,20,8
30/06/2012,12:15,29,20,9
30/06/2012,12:30,28,16,12
30/06/2012,12:45,25,14,11
30/06/2012,13:00,14,11,3
30/06/2012,13:15,19,13,6
30/06/2012,13:30,21,10,11
30/06/2012,13:45,16,7,9
30/06/2012,14:00,17,10,7
30/06/2012,14:15,24,18,6
30/06/2012,14:30,19,10,9
30/06/2012,14:45,22,13,9
30/06/2012,15:00,28,14,14
30/06/2012,15:15,10,7,3
30/06/2012,15:30,13,4,9
30/06/2012,15:45,25,18,7
30/06/2012,16:00,13,11,2
30/06/2012,16:15,7,5,2
30/06/2012,16:30,17,12,5
30/06/2012,16:45,19,10,9
30/06/2012,17:00,15,8,7
30/06/2012,17:15,12,8,4
30/06/2012,17:30,21,19,2
30/06/2012,17:45,13,10,3
30/06/2012,18:00,17,6,11
30/06/2012,18:15,7,6,1
30/06/2012,18:30,8,4,4
30/06/2012,18:45,5,4,1
30/06/2012,19:00,5,4,1
30/06/2012,19:15,10,7,3
30/06/2012,19:30,8,6,2
30/06/2012,19:45,10,6,4
30/06/2012,20:00,10,8,2
30/06/2012,20:15,14,9,5
30/06/2012,20:30,12,9,3
30/06/2012,20:45,12,8,4
30/06/2012,21:00,2,1,1
30/06/2012,21:15,4,2,2
30/06/2012,21:30,5,4,1
30/06/2012,21:45,2,2,0
30/06/2012,22:00,2,2,0
30/06/2012,22:15,0,0,0
30/06/2012,22:30,2,0,2
30/06/2012,22:45,2,0,2
30/06/2012,23:00,0,0,0
30/06/2012,23:15,0,0,0
30/06/2012,23:30,2,2,0
30/06/2012,23:45,1,0,1
01/07/2012,00:00,1,0,1
01/07/2012,00:15,0,0,0
01/07/2012,00:30,0,0,0
01/07/2012,00:45,2,0,2
01/07/2012,01:00,0,0,0
01/07/2012,01:15,0,0,0
01/07/2012,01:30,3,0,3
01/07/2012,01:45,1,0,1
01/07/2012,02:00,3,0,3
01/07/2012,02:15,0,0,0
01/07/2012,02:30,1,1,0
01/07/2012,02:45,0,0,0
01/07/2012,03:00,2,2,0
01/07/2012,03:15,2,1,1
01/07/2012,03:30,0,0,0
01/07/2012,03:45,0,0,0
01/07/2012,04:00,0,0,0
01/07/2012,04:15,2,0,2
01/07/2012,04:30,0,0,0
01/07/2012,04:45,0,0,0
01/07/2012,05:00,0,0,0
01/07/2012,05:15,1,0,1
01/07/2012,05:30,3,2,1
01/07/2012,05:45,5,3,2
01/07/2012,06:00,4,1,3
01/07/2012,06:15,7,2,5
01/07/2012,06:30,13,9,4
01/07/2012,06:45,5,1,4
01/07/2012,07:00,11,7,4
01/07/2012,07:15,27,9,18
01/07/2012,07:30,20,14,6
01/07/2012,07:45,17,14,3
01/07/2012,08:00,14,9,5
01/07/2012,08:15,19,11,8
01/07/2012,08:30,14,10,4
01/07/2012,08:45,38,20,18
01/07/2012,09:00,33,23,10
01/07/2012,09:15,31,22,9
01/07/2012,09:30,35,28,7
01/07/2012,09:45,24,16,8
01/07/2012,10:00,40,29,11
01/07/2012,10:15,34,25,9
01/07/2012,10:30,26,21,5
01/07/2012,10:45,25,22,3
01/07/2012,11:00,28,22,6
01/07/2012,11:15,31,19,12
01/07/2012,11:30,25,16,9
01/07/2012,11:45,32,27,5
01/07/2012,12:00,40,32,8
01/07/2012,12:15,36,26,10
01/07/2012,12:30,19,16,3
01/07/2012,12:45,22,18,4
01/07/2012,13:00,33,13,20
01/07/2012,13:15,10,8,2
01/07/2012,13:30,15,9,6
01/07/2012,13:45,25,21,4
01/07/2012,14:00,27,21,6
01/07/2012,14:15,15,11,4
01/07/2012,14:30,14,12,2
01/07/2012,14:45,12,11,1
01/07/2012,15:00,22,17,5
01/07/2012,15:15,13,9,4
01/07/2012,15:30,13,8,5
01/07/2012,15:45,12,8,4
01/07/2012,16:00,8,5,3
01/07/2012,16:15,11,6,5
01/07/2012,16:30,11,9,2
01/07/2012,16:45,11,6,5
01/07/2012,17:00,8,5,3
01/07/2012,17:15,11,9,2
01/07/2012,17:30,13,11,2
01/07/2012,17:45,7,4,3
01/07/2012,18:00,15,12,3
01/07/2012,18:15,14,8,6
01/07/2012,18:30,6,4,2
01/07/2012,18:45,9,8,1
01/07/2012,19:00,11,11,0
01/07/2012,19:15,8,8,0
01/07/2012,19:30,8,6,2
01/07/2012,19:45,4,4,0
01/07/2012,20:00,4,3,1
01/07/2012,20:15,8,8,0
01/07/2012,20:30,12,8,4
01/07/2012,20:45,7,4,3
01/07/2012,21:00,7,5,2
01/07/2012,21:15,2,0,2
01/07/2012,21:30,4,3,1
01/07/2012,21:45,0,0,0
01/07/2012,22:00,1,0,1
01/07/2012,22:15,4,2,2
01/07/2012,22:30,3,2,1
01/07/2012,22:45,1,1,0
01/07/2012,23:00,4,3,1
01/07/2012,23:15,2,2,0
01/07/2012,23:30,1,1,0
01/07/2012,23:45,3,2,1
02/07/2012,00:00,0,0,0
02/07/2012,00:15,0,0,0
02/07/2012,00:30,1,0,1
02/07/2012,00:45,0,0,0
02/07/2012,01:00,4,3,1
02/07/2012,01:15,1,1,0
02/07/2012,01:30,0,0,0
02/07/2012,01:45,0,0,0
02/07/2012,02:00,0,0,0
02/07/2012,02:15,1,1,0
02/07/2012,02:30,2,2,0
02/07/2012,02:45,0,0,0
02/07/2012,03:00,0,0,0
02/07/2012,03:15,0,0,0
02/07/2012,03:30,1,1,0
02/07/2012,03:45,3,3,0
02/07/2012,04:00,0,0,0
02/07/2012,04:15,1,1,0
02/07/2012,04:30,2,0,2
02/07/2012,04:45,2,1,1
02/07/2012,05:00,1,1,0
02/07/2012,05:15,4,1,3
02/07/2012,05:30,6,3,3
02/07/2012,05:45,8,4,4
02/07/2012,06:00,3,0,3
02/07/2012,06:15,15,8,7
02/07/2012,06:30,13,4,9
02/07/2012,06:45,33,14,19
02/07/2012,07:00,22,8,14
02/07/2012,07:15,25,10,15
02/07/2012,07:30,17,9,8
02/07/2012,07:45,32,14,18
02/07/2012,08:00,27,6,21
02/07/2012,08:15,21,10,11
02/07/2012,08:30,18,7,11
02/07/2012,08:45,20,11,9
02/07/2012,09:00,19,9,10
02/07/2012,09:15,16,10,6
02/07/2012,09:30,11,4,7
02/07/2012,09:45,20,9,11
02/07/2012,10:00,17,10,7
02/07/2012,10:15,19,13,6
02/07/2012,10:30,19,12,7
02/07/2012,10:45,27,21,6
02/07/2012,11:00,16,15,1
02/07/2012,11:15,27,22,5
02/07/2012,11:30,19,16,3
02/07/2012,11:45,14,8,6
02/07/2012,12:00,16,15,1
02/07/2012,12:15,35,30,5
02/07/2012,12:30,8,6,2
02/07/2012,12:45,12,7,5
02/07/2012,13:00,16,11,5
02/07/2012,13:15,22,17,5
02/07/2012,13:30,9,7,2
02/07/2012,13:45,18,10,8
02/07/2012,14:00,13,4,9
02/07/2012,14:15,20,16,4
02/07/2012,14:30,25,20,5
02/07/2012,14:45,9,7,2
02/07/2012,15:00,8,4,4
02/07/2012,15:15,9,6,3
02/07/2012,15:30,14,9,5
02/07/2012,15:45,20,12,8
02/07/2012,16:00,10,5,5
02/07/2012,16:15,7,2,5
02/07/2012,16:30,23,14,9
02/07/2012,16:45,16,9,7
02/07/2012,17:00,20,15,5
02/07/2012,17:15,23,18,5
02/07/2012,17:30,30,19,11
02/07/2012,17:45,28,20,8
02/07/2012,18:00,20,15,5
02/07/2012,18:15,25,17,8
02/07/2012,18:30,31,21,10
02/07/2012,18:45,26,21,5
02/07/2012,19:00,36,25,11
02/07/2012,19:15,25,15,10
02/07/2012,19:30,26,18,8
02/07/2012,19:45,22,18,4
02/07/2012,20:00,11,9,2
02/07/2012,20:15,12,8,4
02/07/2012,20:30,11,10,1
02/07/2012,20:45,8,6,2
02/07/2012,21:00,5,5,0
02/07/2012,21:15,11,9,2
02/07/2012,21:30,5,2,3
02/07/2012,21:45,1,1,0
02/07/2012,22:00,2,0,2
02/07/2012,22:15,1,1,0
02/07/2012,22:30,3,2,1
02/07/2012,22:45,2,0,2
02/07/2012,23:00,3,1,2
02/07/2012,23:15,0,0,0
02/07/2012,23:30,1,0,1
02/07/2012,23:45,6,2,4
03/07/2012,00:00,0,0,0
03/07/2012,00:15,1,0,1
03/07/2012,00:30,1,1,0
03/07/2012,00:45,0,0,0
03/07/2012,01:00,2,0,2
03/07/2012,01:15,0,0,0
03/07/2012,01:30,1,0,1
03/07/2012,01:45,0,0,0
03/07/2012,02:00,0,0,0
03/07/2012,02:15,0,0,0
03/07/2012,02:30,0,0,0
03/07/2012,02:45,0,0,0
03/07/2012,03:00,1,1,0
03/07/2012,03:15,2,0,2
03/07/2012,03:30,0,0,0
03/07/2012,03:45,1,1,0
03/07/2012,04:00,1,1,0
03/07/2012,04:15,0,0,0
03/07/2012,04:30,4,2,2
03/07/2012,04:45,0,0,0
03/07/2012,05:00,3,1,2
03/07/2012,05:15,6,2,4
03/07/2012,05:30,11,4,7
03/07/2012,05:45,10,2,8
03/07/2012,06:00,11,5,6
03/07/2012,06:15,23,14,9
03/07/2012,06:30,25,11,14
03/07/2012,06:45,31,16,15
03/07/2012,07:00,34,19,15
03/07/2012,07:15,20,10,10
03/07/2012,07:30,31,16,15
03/07/2012,07:45,34,18,16
03/07/2012,08:00,28,8,20
03/07/2012,08:15,36,22,14
03/07/2012,08:30,12,6,6
03/07/2012,08:45,29,10,19
03/07/2012,09:00,22,14,8
03/07/2012,09:15,11,4,7
03/07/2012,09:30,16,9,7
03/07/2012,09:45,15,7,8
03/07/2012,10:00,18,13,5
03/07/2012,10:15,14,10,4
03/07/2012,10:30,10,8,2
03/07/2012,10:45,18,14,4
03/07/2012,11:00,14,9,5
03/07/2012,11:15,18,11,7
03/07/2012,11:30,12,10,2
03/07/2012,11:45,11,7,4
03/07/2012,12:00,12,11,1
03/07/2012,12:15,7,6,1
03/07/2012,12:30,15,14,1
03/07/2012,12:45,22,19,3
03/07/2012,13:00,9,9,0
03/07/2012,13:15,9,6,3
03/07/2012,13:30,10,6,4
03/07/2012,13:45,38,31,7
03/07/2012,14:00,25,20,5
03/07/2012,14:15,16,14,2
03/07/2012,14:30,25,21,4
03/07/2012,14:45,22,17,5
03/07/2012,15:00,11,9,2
03/07/2012,15:15,22,13,9
03/07/2012,15:30,17,12,5
03/07/2012,15:45,18,17,1
03/07/2012,16:00,19,9,10
03/07/2012,16:15,18,15,3
03/07/2012,16:30,23,17,6
03/07/2012,16:45,25,17,8
03/07/2012,17:00,23,12,11
03/07/2012,17:15,29,21,8
03/07/2012,17:30,37,28,9
03/07/2012,17:45,28,22,6
03/07/2012,18:00,28,25,3
03/07/2012,18:15,24,21,3
03/07/2012,18:30,25,19,6
03/07/2012,18:45,33,26,7
03/07/2012,19:00,15,8,7
03/07/2012,19:15,26,22,4
03/07/2012,19:30,25,20,5
03/07/2012,19:45,15,14,1
03/07/2012,20:00,34,29,5
03/07/2012,20:15,15,11,4
03/07/2012,20:30,11,8,3
03/07/2012,20:45,15,11,4
03/07/2012,21:00,4,4,0
03/07/2012,21:15,8,6,2
03/07/2012,21:30,6,2,4
03/07/2012,21:45,1,0,1
03/07/2012,22:00,0,0,0
03/07/2012,22:15,1,0,1
03/07/2012,22:30,4,1,3
03/07/2012,22:45,4,0,4
03/07/2012,23:00,0,0,0
03/07/2012,23:15,2,1,1
03/07/2012,23:30,0,0,0
03/07/2012,23:45,3,1,2
04/07/2012,00:00,0,0,0
04/07/2012,00:15,0,0,0
04/07/2012,00:30,0,0,0
04/07/2012,00:45,1,0,1
04/07/2012,01:00,3,0,3
04/07/2012,01:15,0,0,0
04/07/2012,01:30,0,0,0
04/07/2012,01:45,2,1,1
04/07/2012,02:00,0,0,0
04/07/2012,02:15,1,0,1
04/07/2012,02:30,0,0,0
04/07/2012,02:45,0,0,0
04/07/2012,03:00,1,0,1
04/07/2012,03:15,0,0,0
04/07/2012,03:30,2,1,1
04/07/2012,03:45,1,1,0
04/07/2012,04:00,2,1,1
04/07/2012,04:15,2,0,2
04/07/2012,04:30,2,0,2
04/07/2012,04:45,1,0,1
04/07/2012,05:00,2,1,1
04/07/2012,05:15,0,0,0
04/07/2012,05:30,1,0,1
04/07/2012,05:45,2,1,1
04/07/2012,06:00,4,2,2
04/07/2012,06:15,9,2,7
04/07/2012,06:30,10,7,3
04/07/2012,06:45,26,13,13
04/07/2012,07:00,12,7,5
04/07/2012,07:15,18,8,10
04/07/2012,07:30,18,3,15
04/07/2012,07:45,30,14,16
04/07/2012,08:00,35,7,28
04/07/2012,08:15,29,12,17
04/07/2012,08:30,50,18,32
04/07/2012,08:45,51,20,31
04/07/2012,09:00,51,24,27
04/07/2012,09:15,36,8,28
04/07/2012,09:30,56,25,31
04/07/2012,09:45,58,19,39
04/07/2012,10:00,48,20,28
04/07/2012,10:15,50,19,31
04/07/2012,10:30,63,28,35
04/07/2012,10:45,73,33,40
04/07/2012,11:00,60,37,23
04/07/2012,11:15,56,38,18
04/07/2012,11:30,49,39,10
04/07/2012,11:45,53,21,32
04/07/2012,12:00,48,28,20
04/07/2012,12:15,28,17,11
04/07/2012,12:30,35,28,7
04/07/2012,12:45,38,29,9
04/07/2012,13:00,46,32,14
04/07/2012,13:15,51,42,9
04/07/2012,13:30,22,14,8
04/07/2012,13:45,29,26,3
04/07/2012,14:00,32,19,13
04/07/2012,14:15,23,19,4
04/07/2012,14:30,35,17,18
04/07/2012,14:45,23,22,1
04/07/2012,15:00,12,11,1
04/07/2012,15:15,21,17,4
04/07/2012,15:30,24,20,4
04/07/2012,15:45,13,11,2
04/07/2012,16:00,17,9,8
04/07/2012,16:15,17,13,4
04/07/2012,16:30,22,11,11
04/07/2012,16:45,20,9,11
04/07/2012,17:00,15,8,7
04/07/2012,17:15,13,6,7
04/07/2012,17:30,11,8,3
04/07/2012,17:45,9,5,4
04/07/2012,18:00,17,8,9
04/07/2012,18:15,6,6,0
04/07/2012,18:30,12,8,4
04/07/2012,18:45,8,5,3
04/07/2012,19:00,6,6,0
04/07/2012,19:15,8,7,1
04/07/2012,19:30,9,6,3
04/07/2012,19:45,7,6,1
04/07/2012,20:00,3,3,0
04/07/2012,20:15,3,3,0
04/07/2012,20:30,6,4,2
04/07/2012,20:45,5,5,0
04/07/2012,21:00,5,3,2
04/07/2012,21:15,2,2,0
04/07/2012,21:30,0,0,0
04/07/2012,21:45,4,4,0
04/07/2012,22:00,20,20,0
04/07/2012,22:15,39,39,0
04/07/2012,22:30,7,7,0
04/07/2012,22:45,7,7,0
04/07/2012,23:00,2,2,0
04/07/2012,23:15,1,1,0
04/07/2012,23:30,3,3,0
04/07/2012,23:45,2,0,2
05/07/2012,00:00,0,0,0
05/07/2012,00:15,2,2,0
05/07/2012,00:30,1,0,1
05/07/2012,00:45,1,1,0
05/07/2012,01:00,0,0,0
05/07/2012,01:15,0,0,0
05/07/2012,01:30,0,0,0
05/07/2012,01:45,0,0,0
05/07/2012,02:00,0,0,0
05/07/2012,02:15,0,0,0
05/07/2012,02:30,0,0,0
05/07/2012,02:45,0,0,0
05/07/2012,03:00,0,0,0
05/07/2012,03:15,0,0,0
05/07/2012,03:30,1,1,0
05/07/2012,03:45,3,2,1
05/07/2012,04:00,0,0,0
05/07/2012,04:15,1,0,1
05/07/2012,04:30,2,2,0
05/07/2012,04:45,1,0,1
05/07/2012,05:00,1,0,1
05/07/2012,05:15,4,3,1
05/07/2012,05:30,9,4,5
05/07/2012,05:45,7,2,5
05/07/2012,06:00,8,6,2
05/07/2012,06:15,17,9,8
05/07/2012,06:30,18,10,8
05/07/2012,06:45,24,13,11
05/07/2012,07:00,20,12,8
05/07/2012,07:15,32,19,13
05/07/2012,07:30,30,20,10
05/07/2012,07:45,17,10,7
05/07/2012,08:00,33,21,12
05/07/2012,08:15,19,13,6
05/07/2012,08:30,18,17,1
05/07/2012,08:45,26,18,8
05/07/2012,09:00,16,9,7
05/07/2012,09:15,22,15,7
05/07/2012,09:30,10,9,1
05/07/2012,09:45,19,15,4
05/07/2012,10:00,12,9,3
05/07/2012,10:15,11,10,1
05/07/2012,10:30,16,14,2
05/07/2012,10:45,22,16,6
05/07/2012,11:00,16,12,4
05/07/2012,11:15,18,15,3
05/07/2012,11:30,24,20,4
05/07/2012,11:45,14,12,2
05/07/2012,12:00,11,9,2
05/07/2012,12:15,17,12,5
05/07/2012,12:30,15,15,0
05/07/2012,12:45,21,18,3
05/07/2012,13:00,10,10,0
05/07/2012,13:15,13,11,2
05/07/2012,13:30,7,3,4
05/07/2012,13:45,12,5,7
05/07/2012,14:00,12,9,3
05/07/2012,14:15,11,10,1
05/07/2012,14:30,13,10,3
05/07/2012,14:45,13,8,5
05/07/2012,15:00,9,4,5
05/07/2012,15:15,12,10,2
05/07/2012,15:30,10,7,3
05/07/2012,15:45,12,9,3
05/07/2012,16:00,16,11,5
05/07/2012,16:15,15,10,5
05/07/2012,16:30,14,11,3
05/07/2012,16:45,19,13,6
05/07/2012,17:00,28,22,6
05/07/2012,17:15,21,17,4
05/07/2012,17:30,30,28,2
05/07/2012,17:45,19,17,2
05/07/2012,18:00,29,21,8
05/07/2012,18:15,22,17,5
05/07/2012,18:30,9,8,1
05/07/2012,18:45,16,14,2
05/07/2012,19:00,11,11,0
05/07/2012,19:15,18,17,1
05/07/2012,19:30,12,10,2
05/07/2012,19:45,11,10,1
05/07/2012,20:00,6,6,0
05/07/2012,20:15,7,7,0
05/07/2012,20:30,12,12,0
05/07/2012,20:45,6,6,0
05/07/2012,21:00,3,2,1
05/07/2012,21:15,3,3,0
05/07/2012,21:30,1,1,0
05/07/2012,21:45,2,2,0
05/07/2012,22:00,2,2,0
05/07/2012,22:15,2,1,1
05/07/2012,22:30,0,0,0
05/07/2012,22:45,0,0,0
05/07/2012,23:00,1,1,0
05/07/2012,23:15,0,0,0
05/07/2012,23:30,0,0,0
05/07/2012,23:45,3,3,0
06/07/2012,00:00,1,1,0
06/07/2012,00:15,1,1,0
06/07/2012,00:30,1,1,0
06/07/2012,00:45,0,0,0
06/07/2012,01:00,1,1,0
06/07/2012,01:15,0,0,0
06/07/2012,01:30,1,1,0
06/07/2012,01:45,0,0,0
06/07/2012,02:00,0,0,0
06/07/2012,02:15,0,0,0
06/07/2012,02:30,0,0,0
06/07/2012,02:45,0,0,0
06/07/2012,03:00,0,0,0
06/07/2012,03:15,1,1,0
06/07/2012,03:30,0,0,0
06/07/2012,03:45,1,1,0
06/07/2012,04:00,0,0,0
06/07/2012,04:15,1,1,0
06/07/2012,04:30,1,1,0
06/07/2012,04:45,2,1,1
06/07/2012,05:00,3,3,0
06/07/2012,05:15,2,1,1
06/07/2012,05:30,8,4,4
06/07/2012,05:45,8,5,3
06/07/2012,06:00,5,3,2
06/07/2012,06:15,12,8,4
06/07/2012,06:30,24,14,10
06/07/2012,06:45,22,14,8
06/07/2012,07:00,29,22,7
06/07/2012,07:15,33,19,14
06/07/2012,07:30,35,27,8
06/07/2012,07:45,24,20,4
06/07/2012,08:00,19,14,5
06/07/2012,08:15,23,16,7
06/07/2012,08:30,24,18,6
06/07/2012,08:45,19,11,8
06/07/2012,09:00,23,19,4
06/07/2012,09:15,25,23,2
06/07/2012,09:30,12,8,4
06/07/2012,09:45,16,15,1
06/07/2012,10:00,21,19,2
06/07/2012,10:15,20,15,5
06/07/2012,10:30,15,6,9
06/07/2012,10:45,20,17,3
06/07/2012,11:00,25,25,0
06/07/2012,11:15,24,18,6
06/07/2012,11:30,18,14,4
06/07/2012,11:45,16,12,4
06/07/2012,12:00,20,14,6
06/07/2012,12:15,29,29,0
06/07/2012,12:30,27,24,3
06/07/2012,12:45,20,20,0
06/07/2012,13:00,8,6,2
06/07/2012,13:15,21,18,3
06/07/2012,13:30,18,16,2
06/07/2012,13:45,17,15,2
06/07/2012,14:00,17,16,1
06/07/2012,14:15,21,20,1
06/07/2012,14:30,12,9,3
06/07/2012,14:45,18,12,6
06/07/2012,15:00,11,7,4
06/07/2012,15:15,12,11,1
06/07/2012,15:30,11,8,3
06/07/2012,15:45,14,13,1
06/07/2012,16:00,13,9,4
06/07/2012,16:15,16,13,3
06/07/2012,16:30,18,16,2
06/07/2012,16:45,14,10,4
06/07/2012,17:00,24,16,8
06/07/2012,17:15,12,11,1
06/07/2012,17:30,13,8,5
06/07/2012,17:45,19,14,5
06/07/2012,18:00,14,12,2
06/07/2012,18:15,24,21,3
06/07/2012,18:30,8,7,1
06/07/2012,18:45,13,10,3
06/07/2012,19:00,16,15,1
06/07/2012,19:15,7,7,0
06/07/2012,19:30,8,6,2
06/07/2012,19:45,1,1,0
06/07/2012,20:00,10,9,1
06/07/2012,20:15,9,9,0
06/07/2012,20:30,8,8,0
06/07/2012,20:45,2,2,0
06/07/2012,21:00,7,4,3
06/07/2012,21:15,7,6,1
06/07/2012,21:30,6,4,2
06/07/2012,21:45,3,3,0
06/07/2012,22:00,4,3,1
06/07/2012,22:15,2,2,0
06/07/2012,22:30,6,3,3
06/07/2012,22:45,3,0,3
06/07/2012,23:00,1,0,1
06/07/2012,23:15,3,3,0
06/07/2012,23:30,2,1,1
06/07/2012,23:45,2,1,1
07/07/2012,00:00,1,1,0
07/07/2012,00:15,1,0,1
07/07/2012,00:30,1,1,0
07/07/2012,00:45,1,0,1
07/07/2012,01:00,0,0,0
07/07/2012,01:15,0,0,0
07/07/2012,01:30,2,2,0
07/07/2012,01:45,1,1,0
07/07/2012,02:00,0,0,0
07/07/2012,02:15,1,0,1
07/07/2012,02:30,0,0,0
07/07/2012,02:45,0,0,0
07/07/2012,03:00,0,0,0
07/07/2012,03:15,1,1,0
07/07/2012,03:30,0,0,0
07/07/2012,03:45,0,0,0
07/07/2012,04:00,0,0,0
07/07/2012,04:15,0,0,0
07/07/2012,04:30,1,0,1
07/07/2012,04:45,2,0,2
07/07/2012,05:00,1,0,1
07/07/2012,05:15,2,2,0
07/07/2012,05:30,2,1,1
07/07/2012,05:45,8,5,3
07/07/2012,06:00,6,5,1
07/07/2012,06:15,13,10,3
07/07/2012,06:30,9,7,2
07/07/2012,06:45,14,12,2
07/07/2012,07:00,19,17,2
07/07/2012,07:15,32,22,10
07/07/2012,07:30,28,24,4
07/07/2012,07:45,38,33,5
07/07/2012,08:00,41,32,9
07/07/2012,08:15,38,30,8
07/07/2012,08:30,37,32,5
07/07/2012,08:45,27,19,8
07/07/2012,09:00,50,41,9
07/07/2012,09:15,32,21,11
07/07/2012,09:30,33,27,6
07/07/2012,09:45,25,21,4
07/07/2012,10:00,40,31,9
07/07/2012,10:15,33,28,5
07/07/2012,10:30,34,30,4
07/07/2012,10:45,23,21,2
07/07/2012,11:00,24,17,7
07/07/2012,11:15,22,21,1
07/07/2012,11:30,34,31,3
07/07/2012,11:45,27,22,5
07/07/2012,12:00,15,10,5
07/07/2012,12:15,23,21,2
07/07/2012,12:30,18,16,2
07/07/2012,12:45,16,14,2
07/07/2012,13:00,15,15,0
07/07/2012,13:15,12,9,3
07/07/2012,13:30,17,14,3
07/07/2012,13:45,17,14,3
07/07/2012,14:00,21,17,4
07/07/2012,14:15,15,12,3
07/07/2012,14:30,11,10,1
07/07/2012,14:45,7,5,2
07/07/2012,15:00,13,10,3
07/07/2012,15:15,16,11,5
07/07/2012,15:30,4,3,1
07/07/2012,15:45,15,13,2
07/07/2012,16:00,12,6,6
07/07/2012,16:15,11,11,0
07/07/2012,16:30,5,4,1
07/07/2012,16:45,7,6,1
07/07/2012,17:00,12,12,0
07/07/2012,17:15,12,12,0
07/07/2012,17:30,2,2,0
07/07/2012,17:45,8,6,2
07/07/2012,18:00,6,6,0
07/07/2012,18:15,8,7,1
07/07/2012,18:30,6,6,0
07/07/2012,18:45,8,7,1
07/07/2012,19:00,6,6,0
07/07/2012,19:15,9,6,3
07/07/2012,19:30,4,4,0
07/07/2012,19:45,1,1,0
07/07/2012,20:00,2,2,0
07/07/2012,20:15,9,8,1
07/07/2012,20:30,5,5,0
07/07/2012,20:45,1,1,0
07/07/2012,21:00,1,1,0
07/07/2012,21:15,1,0,1
07/07/2012,21:30,4,4,0
07/07/2012,21:45,3,3,0
07/07/2012,22:00,2,2,0
07/07/2012,22:15,1,1,0
07/07/2012,22:30,1,1,0
07/07/2012,22:45,0,0,0
07/07/2012,23:00,0,0,0
07/07/2012,23:15,2,2,0
07/07/2012,23:30,0,0,0
07/07/2012,23:45,0,0,0
08/07/2012,00:00,0,0,0
08/07/2012,00:15,0,0,0
08/07/2012,00:30,1,1,0
08/07/2012,00:45,0,0,0
08/07/2012,01:00,0,0,0
08/07/2012,01:15,1,1,0
08/07/2012,01:30,0,0,0
08/07/2012,01:45,1,1,0
08/07/2012,02:00,1,1,0
08/07/2012,02:15,0,0,0
08/07/2012,02:30,0,0,0
08/07/2012,02:45,0,0,0
08/07/2012,03:00,0,0,0
08/07/2012,03:15,0,0,0
08/07/2012,03:30,0,0,0
08/07/2012,03:45,0,0,0
08/07/2012,04:00,0,0,0
08/07/2012,04:15,0,0,0
08/07/2012,04:30,0,0,0
08/07/2012,04:45,0,0,0
08/07/2012,05:00,2,1,1
08/07/2012,05:15,2,2,0
08/07/2012,05:30,0,0,0
08/07/2012,05:45,3,3,0
08/07/2012,06:00,3,2,1
08/07/2012,06:15,5,3,2
08/07/2012,06:30,7,7,0
08/07/2012,06:45,15,8,7
08/07/2012,07:00,17,12,5
08/07/2012,07:15,13,10,3
08/07/2012,07:30,10,10,0
08/07/2012,07:45,19,19,0
08/07/2012,08:00,24,21,3
08/07/2012,08:15,12,11,1
08/07/2012,08:30,38,37,1
08/07/2012,08:45,29,26,3
08/07/2012,09:00,27,25,2
08/07/2012,09:15,33,24,9
08/07/2012,09:30,26,21,5
08/07/2012,09:45,39,29,10
08/07/2012,10:00,26,21,5
08/07/2012,10:15,25,23,2
08/07/2012,10:30,20,13,7
08/07/2012,10:45,17,16,1
08/07/2012,11:00,24,19,5
08/07/2012,11:15,24,22,2
08/07/2012,11:30,32,23,9
08/07/2012,11:45,23,16,7
08/07/2012,12:00,26,23,3
08/07/2012,12:15,45,29,16
08/07/2012,12:30,30,27,3
08/07/2012,12:45,27,26,1
08/07/2012,13:00,15,13,2
08/07/2012,13:15,35,31,4
08/07/2012,13:30,30,30,0
08/07/2012,13:45,32,30,2
08/07/2012,14:00,5,3,2
08/07/2012,14:15,22,18,4
08/07/2012,14:30,14,11,3
08/07/2012,14:45,11,9,2
08/07/2012,15:00,30,28,2
08/07/2012,15:15,7,7,0
08/07/2012,15:30,20,17,3
08/07/2012,15:45,11,10,1
08/07/2012,16:00,8,8,0
08/07/2012,16:15,10,10,0
08/07/2012,16:30,11,11,0
08/07/2012,16:45,13,12,1
08/07/2012,17:00,4,2,2
08/07/2012,17:15,5,1,4
08/07/2012,17:30,4,3,1
08/07/2012,17:45,16,10,6
08/07/2012,18:00,7,6,1
08/07/2012,18:15,7,4,3
08/07/2012,18:30,5,3,2
08/07/2012,18:45,9,5,4
08/07/2012,19:00,16,9,7
08/07/2012,19:15,11,5,6
08/07/2012,19:30,6,4,2
08/07/2012,19:45,14,7,7
08/07/2012,20:00,10,8,2
08/07/2012,20:15,13,8,5
08/07/2012,20:30,4,4,0
08/07/2012,20:45,13,8,5
08/07/2012,21:00,2,1,1
08/07/2012,21:15,2,1,1
08/07/2012,21:30,4,3,1
08/07/2012,21:45,5,3,2
08/07/2012,22:00,1,0,1
08/07/2012,22:15,5,4,1
08/07/2012,22:30,3,1,2
08/07/2012,22:45,2,0,2
08/07/2012,23:00,0,0,0
08/07/2012,23:15,1,0,1
08/07/2012,23:30,0,0,0
08/07/2012,23:45,1,1,0
09/07/2012,00:00,1,0,1
09/07/2012,00:15,0,0,0
09/07/2012,00:30,0,0,0
09/07/2012,00:45,1,1,0
09/07/2012,01:00,0,0,0
09/07/2012,01:15,0,0,0
09/07/2012,01:30,0,0,0
09/07/2012,01:45,1,0,1
09/07/2012,02:00,0,0,0
09/07/2012,02:15,0,0,0
09/07/2012,02:30,0,0,0
09/07/2012,02:45,0,0,0
09/07/2012,03:00,0,0,0
09/07/2012,03:15,0,0,0
09/07/2012,03:30,1,0,1
09/07/2012,03:45,1,0,1
09/07/2012,04:00,1,1,0
09/07/2012,04:15,0,0,0
09/07/2012,04:30,0,0,0
09/07/2012,04:45,2,1,1
09/07/2012,05:00,0,0,0
09/07/2012,05:15,2,0,2
09/07/2012,05:30,3,0,3
09/07/2012,05:45,8,5,3
09/07/2012,06:00,7,3,4
09/07/2012,06:15,16,6,10
09/07/2012,06:30,13,4,9
09/07/2012,06:45,9,4,5
09/07/2012,07:00,11,7,4
09/07/2012,07:15,15,5,10
09/07/2012,07:30,18,3,15
09/07/2012,07:45,16,6,10
09/07/2012,08:00,7,4,3
09/07/2012,08:15,16,1,15
09/07/2012,08:30,16,4,12
09/07/2012,08:45,15,6,9
09/07/2012,09:00,12,3,9
09/07/2012,09:15,19,7,12
09/07/2012,09:30,6,2,4
09/07/2012,09:45,13,8,5
09/07/2012,10:00,16,7,9
09/07/2012,10:15,15,5,10
09/07/2012,10:30,9,1,8
09/07/2012,10:45,11,4,7
09/07/2012,11:00,6,2,4
09/07/2012,11:15,10,5,5
09/07/2012,11:30,4,3,1
09/07/2012,11:45,7,4,3
09/07/2012,12:00,8,3,5
09/07/2012,12:15,9,5,4
09/07/2012,12:30,8,4,4
09/07/2012,12:45,8,4,4
09/07/2012,13:00,14,6,8
09/07/2012,13:15,11,4,7
09/07/2012,13:30,9,2,7
09/07/2012,13:45,12,8,4
09/07/2012,14:00,6,2,4
09/07/2012,14:15,8,3,5
09/07/2012,14:30,9,4,5
09/07/2012,14:45,17,5,12
09/07/2012,15:00,20,4,16
09/07/2012,15:15,9,4,5
09/07/2012,15:30,19,10,9
09/07/2012,15:45,13,4,9
09/07/2012,16:00,19,9,10
09/07/2012,16:15,22,9,13
09/07/2012,16:30,20,7,13
09/07/2012,16:45,24,6,18
09/07/2012,17:00,31,11,20
09/07/2012,17:15,23,9,14
09/07/2012,17:30,24,15,9
09/07/2012,17:45,49,22,27
09/07/2012,18:00,43,21,22
09/07/2012,18:15,34,18,16
09/07/2012,18:30,43,21,22
09/07/2012,18:45,28,18,10
09/07/2012,19:00,43,24,19
09/07/2012,19:15,43,22,21
09/07/2012,19:30,33,19,14
09/07/2012,19:45,42,28,14
09/07/2012,20:00,23,20,3
09/07/2012,20:15,25,20,5
09/07/2012,20:30,16,9,7
09/07/2012,20:45,22,11,11
09/07/2012,21:00,18,11,7
09/07/2012,21:15,4,2,2
09/07/2012,21:30,8,2,6
09/07/2012,21:45,2,0,2
09/07/2012,22:00,6,3,3
09/07/2012,22:15,6,3,3
09/07/2012,22:30,2,2,0
09/07/2012,22:45,2,0,2
09/07/2012,23:00,2,1,1
09/07/2012,23:15,2,0,2
09/07/2012,23:30,3,1,2
09/07/2012,23:45,1,1,0
10/07/2012,00:00,5,0,5
10/07/2012,00:15,1,1,0
10/07/2012,00:30,0,0,0
10/07/2012,00:45,1,1,0
10/07/2012,01:00,1,0,1
10/07/2012,01:15,1,0,1
10/07/2012,01:30,1,0,1
10/07/2012,01:45,0,0,0
10/07/2012,02:00,0,0,0
10/07/2012,02:15,0,0,0
10/07/2012,02:30,0,0,0
10/07/2012,02:45,0,0,0
10/07/2012,03:00,0,0,0
10/07/2012,03:15,1,1,0
10/07/2012,03:30,0,0,0
10/07/2012,03:45,3,1,2
10/07/2012,04:00,2,2,0
10/07/2012,04:15,1,0,1
10/07/2012,04:30,1,0,1
10/07/2012,04:45,2,1,1
10/07/2012,05:00,1,0,1
10/07/2012,05:15,2,0,2
10/07/2012,05:30,7,2,5
10/07/2012,05:45,14,8,6
10/07/2012,06:00,21,10,11
10/07/2012,06:15,33,13,20
10/07/2012,06:30,28,15,13
10/07/2012,06:45,32,11,21
10/07/2012,07:00,28,8,20
10/07/2012,07:15,37,19,18
10/07/2012,07:30,49,22,27
10/07/2012,07:45,29,13,16
10/07/2012,08:00,30,11,19
10/07/2012,08:15,35,19,16
10/07/2012,08:30,22,13,9
10/07/2012,08:45,25,9,16
10/07/2012,09:00,17,12,5
10/07/2012,09:15,10,5,5
10/07/2012,09:30,9,4,5
10/07/2012,09:45,20,11,9
10/07/2012,10:00,10,5,5
10/07/2012,10:15,13,7,6
10/07/2012,10:30,17,10,7
10/07/2012,10:45,18,11,7
10/07/2012,11:00,19,17,2
10/07/2012,11:15,16,10,6
10/07/2012,11:30,20,17,3
10/07/2012,11:45,25,21,4
10/07/2012,12:00,26,23,3
10/07/2012,12:15,23,18,5
10/07/2012,12:30,24,18,6
10/07/2012,12:45,23,18,5
10/07/2012,13:00,26,21,5
10/07/2012,13:15,14,10,4
10/07/2012,13:30,35,29,6
10/07/2012,13:45,13,8,5
10/07/2012,14:00,21,16,5
10/07/2012,14:15,5,2,3
10/07/2012,14:30,15,10,5
10/07/2012,14:45,18,11,7
10/07/2012,15:00,14,7,7
10/07/2012,15:15,18,15,3
10/07/2012,15:30,16,11,5
10/07/2012,15:45,12,4,8
10/07/2012,16:00,21,9,12
10/07/2012,16:15,18,15,3
10/07/2012,16:30,23,18,5
10/07/2012,16:45,34,23,11
10/07/2012,17:00,32,24,8
10/07/2012,17:15,34,23,11
10/07/2012,17:30,44,32,12
10/07/2012,17:45,41,30,11
10/07/2012,18:00,43,31,12
10/07/2012,18:15,47,37,10
10/07/2012,18:30,34,17,17
10/07/2012,18:45,37,17,20
10/07/2012,19:00,26,16,10
10/07/2012,19:15,28,17,11
10/07/2012,19:30,20,9,11
10/07/2012,19:45,21,6,15
10/07/2012,20:00,17,11,6
10/07/2012,20:15,17,10,7
10/07/2012,20:30,10,6,4
10/07/2012,20:45,3,2,1
10/07/2012,21:00,8,3,5
10/07/2012,21:15,3,1,2
10/07/2012,21:30,2,1,1
10/07/2012,21:45,1,0,1
10/07/2012,22:00,1,0,1
10/07/2012,22:15,2,0,2
10/07/2012,22:30,3,2,1
10/07/2012,22:45,1,0,1
10/07/2012,23:00,2,1,1
10/07/2012,23:15,1,0,1
10/07/2012,23:30,0,0,0
10/07/2012,23:45,1,1,0
11/07/2012,00:00,1,1,0
11/07/2012,00:15,2,1,1
11/07/2012,00:30,1,0,1
11/07/2012,00:45,0,0,0
11/07/2012,01:00,0,0,0
11/07/2012,01:15,0,0,0
11/07/2012,01:30,0,0,0
11/07/2012,01:45,0,0,0
11/07/2012,02:00,2,0,2
11/07/2012,02:15,0,0,0
11/07/2012,02:30,0,0,0
11/07/2012,02:45,0,0,0
11/07/2012,03:00,0,0,0
11/07/2012,03:15,1,0,1
11/07/2012,03:30,0,0,0
11/07/2012,03:45,4,1,3
11/07/2012,04:00,0,0,0
11/07/2012,04:15,0,0,0
11/07/2012,04:30,1,0,1
11/07/2012,04:45,4,3,1
11/07/2012,05:00,3,1,2
11/07/2012,05:15,4,4,0
11/07/2012,05:30,11,4,7
11/07/2012,05:45,6,4,2
11/07/2012,06:00,15,6,9
11/07/2012,06:15,21,5,16
11/07/2012,06:30,29,10,19
11/07/2012,06:45,39,16,23
11/07/2012,07:00,26,11,15
11/07/2012,07:15,38,16,22
11/07/2012,07:30,35,20,15
11/07/2012,07:45,52,12,40
11/07/2012,08:00,28,4,24
11/07/2012,08:15,27,8,19
11/07/2012,08:30,15,3,12
11/07/2012,08:45,25,12,13
11/07/2012,09:00,23,5,18
11/07/2012,09:15,23,11,12
11/07/2012,09:30,16,6,10
11/07/2012,09:45,11,6,5
11/07/2012,10:00,6,1,5
11/07/2012,10:15,8,5,3
11/07/2012,10:30,17,6,11
11/07/2012,10:45,11,3,8
11/07/2012,11:00,9,4,5
11/07/2012,11:15,13,7,6
11/07/2012,11:30,11,9,2
11/07/2012,11:45,13,8,5
11/07/2012,12:00,23,18,5
11/07/2012,12:15,5,2,3
11/07/2012,12:30,19,15,4
11/07/2012,12:45,26,20,6
11/07/2012,13:00,20,12,8
11/07/2012,13:15,9,6,3
11/07/2012,13:30,19,13,6
11/07/2012,13:45,16,10,6
11/07/2012,14:00,19,10,9
11/07/2012,14:15,11,10,1
11/07/2012,14:30,16,7,9
11/07/2012,14:45,15,8,7
11/07/2012,15:00,9,3,6
11/07/2012,15:15,18,6,12
11/07/2012,15:30,11,4,7
11/07/2012,15:45,14,6,8
11/07/2012,16:00,18,12,6
11/07/2012,16:15,15,6,9
11/07/2012,16:30,24,13,11
11/07/2012,16:45,32,13,19
11/07/2012,17:00,37,22,15
11/07/2012,17:15,37,26,11
11/07/2012,17:30,36,17,19
11/07/2012,17:45,44,27,17
11/07/2012,18:00,38,22,16
11/07/2012,18:15,51,31,20
11/07/2012,18:30,46,27,19
11/07/2012,18:45,50,25,25
11/07/2012,19:00,43,18,25
11/07/2012,19:15,47,27,20
11/07/2012,19:30,36,23,13
11/07/2012,19:45,32,15,17
11/07/2012,20:00,35,21,14
11/07/2012,20:15,21,12,9
11/07/2012,20:30,19,8,11
11/07/2012,20:45,19,11,8
11/07/2012,21:00,16,10,6
11/07/2012,21:15,12,7,5
11/07/2012,21:30,9,5,4
11/07/2012,21:45,4,1,3
11/07/2012,22:00,4,4,0
11/07/2012,22:15,2,1,1
11/07/2012,22:30,3,1,2
11/07/2012,22:45,4,0,4
11/07/2012,23:00,2,1,1
11/07/2012,23:15,2,1,1
11/07/2012,23:30,1,0,1
11/07/2012,23:45,2,0,2
12/07/2012,00:00,0,0,0
12/07/2012,00:15,4,4,0
12/07/2012,00:30,0,0,0
12/07/2012,00:45,0,0,0
12/07/2012,01:00,0,0,0
12/07/2012,01:15,0,0,0
12/07/2012,01:30,1,1,0
12/07/2012,01:45,2,0,2
12/07/2012,02:00,1,0,1
12/07/2012,02:15,0,0,0
12/07/2012,02:30,0,0,0
12/07/2012,02:45,1,0,1
12/07/2012,03:00,0,0,0
12/07/2012,03:15,1,0,1
12/07/2012,03:30,0,0,0
12/07/2012,03:45,2,0,2
12/07/2012,04:00,2,2,0
12/07/2012,04:15,1,1,0
12/07/2012,04:30,4,4,0
12/07/2012,04:45,1,0,1
12/07/2012,05:00,2,1,1
12/07/2012,05:15,3,2,1
12/07/2012,05:30,9,4,5
12/07/2012,05:45,10,5,5
12/07/2012,06:00,13,7,6
12/07/2012,06:15,23,8,15
12/07/2012,06:30,32,11,21
12/07/2012,06:45,25,11,14
12/07/2012,07:00,36,7,29
12/07/2012,07:15,46,16,30
12/07/2012,07:30,23,6,17
12/07/2012,07:45,28,9,19
12/07/2012,08:00,41,13,28
12/07/2012,08:15,39,18,21
12/07/2012,08:30,25,12,13
12/07/2012,08:45,18,11,7
12/07/2012,09:00,22,9,13
12/07/2012,09:15,20,11,9
12/07/2012,09:30,19,6,13
12/07/2012,09:45,14,9,5
12/07/2012,10:00,17,10,7
12/07/2012,10:15,18,9,9
12/07/2012,10:30,17,4,13
12/07/2012,10:45,24,15,9
12/07/2012,11:00,17,6,11
12/07/2012,11:15,12,6,6
12/07/2012,11:30,22,18,4
12/07/2012,11:45,27,19,8
12/07/2012,12:00,10,6,4
12/07/2012,12:15,18,10,8
12/07/2012,12:30,23,19,4
12/07/2012,12:45,11,6,5
12/07/2012,13:00,29,27,2
12/07/2012,13:15,16,12,4
12/07/2012,13:30,15,11,4
12/07/2012,13:45,14,10,4
12/07/2012,14:00,17,7,10
12/07/2012,14:15,9,5,4
12/07/2012,14:30,11,7,4
12/07/2012,14:45,10,3,7
12/07/2012,15:00,13,7,6
12/07/2012,15:15,14,8,6
12/07/2012,15:30,12,7,5
12/07/2012,15:45,11,7,4
12/07/2012,16:00,19,9,10
12/07/2012,16:15,15,4,11
12/07/2012,16:30,20,9,11
12/07/2012,16:45,29,16,13
12/07/2012,17:00,38,17,21
12/07/2012,17:15,29,21,8
12/07/2012,17:30,35,22,13
12/07/2012,17:45,48,26,22
12/07/2012,18:00,73,39,34
12/07/2012,18:15,58,33,25
12/07/2012,18:30,39,23,16
12/07/2012,18:45,61,37,24
12/07/2012,19:00,51,32,19
12/07/2012,19:15,44,29,15
12/07/2012,19:30,40,25,15
12/07/2012,19:45,38,23,15
12/07/2012,20:00,27,18,9
12/07/2012,20:15,33,24,9
12/07/2012,20:30,36,24,12
12/07/2012,20:45,4,4,0
12/07/2012,21:00,18,6,12
12/07/2012,21:15,7,2,5
12/07/2012,21:30,4,3,1
12/07/2012,21:45,5,2,3
12/07/2012,22:00,5,3,2
12/07/2012,22:15,4,3,1
12/07/2012,22:30,3,0,3
12/07/2012,22:45,6,2,4
12/07/2012,23:00,3,2,1
12/07/2012,23:15,3,1,2
12/07/2012,23:30,1,0,1
12/07/2012,23:45,1,1,0
13/07/2012,00:00,2,2,0
13/07/2012,00:15,2,2,0
13/07/2012,00:30,0,0,0
13/07/2012,00:45,3,0,3
13/07/2012,01:00,1,0,1
13/07/2012,01:15,0,0,0
13/07/2012,01:30,0,0,0
13/07/2012,01:45,0,0,0
13/07/2012,02:00,1,0,1
13/07/2012,02:15,0,0,0
13/07/2012,02:30,0,0,0
13/07/2012,02:45,0,0,0
13/07/2012,03:00,0,0,0
13/07/2012,03:15,2,2,0
13/07/2012,03:30,0,0,0
13/07/2012,03:45,2,1,1
13/07/2012,04:00,0,0,0
13/07/2012,04:15,0,0,0
13/07/2012,04:30,0,0,0
13/07/2012,04:45,1,0,1
13/07/2012,05:00,3,0,3
13/07/2012,05:15,4,2,2
13/07/2012,05:30,7,2,5
13/07/2012,05:45,6,3,3
13/07/2012,06:00,13,8,5
13/07/2012,06:15,15,4,11
13/07/2012,06:30,17,9,8
13/07/2012,06:45,34,14,20
13/07/2012,07:00,21,9,12
13/07/2012,07:15,37,14,23
13/07/2012,07:30,20,11,9
13/07/2012,07:45,33,11,22
13/07/2012,08:00,33,11,22
13/07/2012,08:15,29,10,19
13/07/2012,08:30,28,12,16
13/07/2012,08:45,24,10,14
13/07/2012,09:00,23,11,12
13/07/2012,09:15,19,10,9
13/07/2012,09:30,30,16,14
13/07/2012,09:45,19,8,11
13/07/2012,10:00,18,11,7
13/07/2012,10:15,22,11,11
13/07/2012,10:30,18,11,7
13/07/2012,10:45,14,4,10
13/07/2012,11:00,14,6,8
13/07/2012,11:15,17,10,7
13/07/2012,11:30,13,3,10
13/07/2012,11:45,17,12,5
13/07/2012,12:00,9,5,4
13/07/2012,12:15,17,11,6
13/07/2012,12:30,11,9,2
13/07/2012,12:45,10,4,6
13/07/2012,13:00,10,6,4
13/07/2012,13:15,10,4,6
13/07/2012,13:30,14,8,6
13/07/2012,13:45,17,11,6
13/07/2012,14:00,21,11,10
13/07/2012,14:15,19,13,6
13/07/2012,14:30,17,10,7
13/07/2012,14:45,16,10,6
13/07/2012,15:00,19,9,10
13/07/2012,15:15,12,3,9
13/07/2012,15:30,14,9,5
13/07/2012,15:45,17,10,7
13/07/2012,16:00,18,12,6
13/07/2012,16:15,30,18,12
13/07/2012,16:30,16,12,4
13/07/2012,16:45,34,23,11
13/07/2012,17:00,30,19,11
13/07/2012,17:15,37,22,15
13/07/2012,17:30,52,42,10
13/07/2012,17:45,35,29,6
13/07/2012,18:00,34,25,9
13/07/2012,18:15,28,14,14
13/07/2012,18:30,28,17,11
13/07/2012,18:45,18,6,12
13/07/2012,19:00,20,13,7
13/07/2012,19:15,17,8,9
13/07/2012,19:30,17,15,2
13/07/2012,19:45,16,12,4
13/07/2012,20:00,17,11,6
13/07/2012,20:15,11,7,4
13/07/2012,20:30,19,10,9
13/07/2012,20:45,12,4,8
13/07/2012,21:00,12,10,2
13/07/2012,21:15,5,3,2
13/07/2012,21:30,6,3,3
13/07/2012,21:45,7,2,5
13/07/2012,22:00,6,2,4
13/07/2012,22:15,4,1,3
13/07/2012,22:30,4,0,4
13/07/2012,22:45,3,1,2
13/07/2012,23:00,2,0,2
13/07/2012,23:15,1,0,1
13/07/2012,23:30,1,0,1
13/07/2012,23:45,2,1,1
14/07/2012,00:00,2,1,1
14/07/2012,00:15,0,0,0
14/07/2012,00:30,2,0,2
14/07/2012,00:45,2,1,1
14/07/2012,01:00,1,1,0
14/07/2012,01:15,2,1,1
14/07/2012,01:30,2,0,2
14/07/2012,01:45,1,1,0
14/07/2012,02:00,0,0,0
14/07/2012,02:15,1,1,0
14/07/2012,02:30,0,0,0
14/07/2012,02:45,4,2,2
14/07/2012,03:00,2,1,1
14/07/2012,03:15,1,0,1
14/07/2012,03:30,0,0,0
14/07/2012,03:45,2,1,1
14/07/2012,04:00,1,1,0
14/07/2012,04:15,1,0,1
14/07/2012,04:30,1,0,1
14/07/2012,04:45,1,1,0
14/07/2012,05:00,0,0,0
14/07/2012,05:15,2,0,2
14/07/2012,05:30,0,0,0
14/07/2012,05:45,2,1,1
14/07/2012,06:00,1,0,1
14/07/2012,06:15,4,2,2
14/07/2012,06:30,13,8,5
14/07/2012,06:45,13,7,6
14/07/2012,07:00,11,5,6
14/07/2012,07:15,15,4,11
14/07/2012,07:30,15,8,7
14/07/2012,07:45,14,7,7
14/07/2012,08:00,16,7,9
14/07/2012,08:15,18,10,8
14/07/2012,08:30,24,12,12
14/07/2012,08:45,29,11,18
14/07/2012,09:00,38,24,14
14/07/2012,09:15,32,17,15
14/07/2012,09:30,44,14,30
14/07/2012,09:45,36,16,20
14/07/2012,10:00,36,20,16
14/07/2012,10:15,29,16,13
14/07/2012,10:30,29,15,14
14/07/2012,10:45,33,10,23
14/07/2012,11:00,35,22,13
14/07/2012,11:15,42,22,20
14/07/2012,11:30,45,26,19
14/07/2012,11:45,43,27,16
14/07/2012,12:00,49,15,34
14/07/2012,12:15,49,23,26
14/07/2012,12:30,41,18,23
14/07/2012,12:45,47,25,22
14/07/2012,13:00,24,14,10
14/07/2012,13:15,24,15,9
14/07/2012,13:30,37,24,13
14/07/2012,13:45,31,17,14
14/07/2012,14:00,31,14,17
14/07/2012,14:15,41,27,14
14/07/2012,14:30,29,13,16
14/07/2012,14:45,22,13,9
14/07/2012,15:00,30,15,15
14/07/2012,15:15,19,5,14
14/07/2012,15:30,24,17,7
14/07/2012,15:45,34,22,12
14/07/2012,16:00,30,10,20
14/07/2012,16:15,28,16,12
14/07/2012,16:30,29,16,13
14/07/2012,16:45,28,16,12
14/07/2012,17:00,27,15,12
14/07/2012,17:15,17,6,11
14/07/2012,17:30,7,2,5
14/07/2012,17:45,6,3,3
14/07/2012,18:00,6,4,2
14/07/2012,18:15,9,3,6
14/07/2012,18:30,7,3,4
14/07/2012,18:45,15,7,8
14/07/2012,19:00,13,7,6
14/07/2012,19:15,10,3,7
14/07/2012,19:30,11,7,4
14/07/2012,19:45,4,0,4
14/07/2012,20:00,9,7,2
14/07/2012,20:15,7,4,3
14/07/2012,20:30,8,3,5
14/07/2012,20:45,6,5,1
14/07/2012,21:00,5,0,5
14/07/2012,21:15,5,3,2
14/07/2012,21:30,4,2,2
14/07/2012,21:45,1,1,0
14/07/2012,22:00,2,1,1
14/07/2012,22:15,0,0,0
14/07/2012,22:30,4,1,3
14/07/2012,22:45,5,3,2
14/07/2012,23:00,2,0,2
14/07/2012,23:15,1,0,1
14/07/2012,23:30,2,0,2
14/07/2012,23:45,1,1,0
15/07/2012,00:00,2,0,2
15/07/2012,00:15,3,1,2
15/07/2012,00:30,1,0,1
15/07/2012,00:45,1,0,1
15/07/2012,01:00,0,0,0
15/07/2012,01:15,2,1,1
15/07/2012,01:30,2,2,0
15/07/2012,01:45,0,0,0
15/07/2012,02:00,0,0,0
15/07/2012,02:15,1,0,1
15/07/2012,02:30,0,0,0
15/07/2012,02:45,1,0,1
15/07/2012,03:00,0,0,0
15/07/2012,03:15,0,0,0
15/07/2012,03:30,0,0,0
15/07/2012,03:45,0,0,0
15/07/2012,04:00,0,0,0
15/07/2012,04:15,0,0,0
15/07/2012,04:30,0,0,0
15/07/2012,04:45,1,1,0
15/07/2012,05:00,1,1,0
15/07/2012,05:15,1,0,1
15/07/2012,05:30,1,1,0
15/07/2012,05:45,3,2,1
15/07/2012,06:00,8,6,2
15/07/2012,06:15,5,2,3
15/07/2012,06:30,3,3,0
15/07/2012,06:45,7,7,0
15/07/2012,07:00,13,5,8
15/07/2012,07:15,10,4,6
15/07/2012,07:30,18,11,7
15/07/2012,07:45,22,10,12
15/07/2012,08:00,21,10,11
15/07/2012,08:15,35,20,15
15/07/2012,08:30,45,18,27
15/07/2012,08:45,36,15,21
15/07/2012,09:00,33,15,18
15/07/2012,09:15,25,10,15
15/07/2012,09:30,44,26,18
15/07/2012,09:45,43,25,18
15/07/2012,10:00,55,35,20
15/07/2012,10:15,50,18,32
15/07/2012,10:30,36,21,15
15/07/2012,10:45,43,18,25
15/07/2012,11:00,56,37,19
15/07/2012,11:15,54,27,27
15/07/2012,11:30,59,39,20
15/07/2012,11:45,44,25,19
15/07/2012,12:00,45,25,20
15/07/2012,12:15,50,29,21
15/07/2012,12:30,48,37,11
15/07/2012,12:45,38,27,11
15/07/2012,13:00,43,33,10
15/07/2012,13:15,30,22,8
15/07/2012,13:30,44,30,14
15/07/2012,13:45,34,26,8
15/07/2012,14:00,33,27,6
15/07/2012,14:15,42,30,12
15/07/2012,14:30,26,19,7
15/07/2012,14:45,27,18,9
15/07/2012,15:00,24,16,8
15/07/2012,15:15,48,43,5
15/07/2012,15:30,33,25,8
15/07/2012,15:45,27,17,10
15/07/2012,16:00,30,20,10
15/07/2012,16:15,20,14,6
15/07/2012,16:30,9,8,1
15/07/2012,16:45,21,14,7
15/07/2012,17:00,31,21,10
15/07/2012,17:15,32,30,2
15/07/2012,17:30,16,16,0
15/07/2012,17:45,15,13,2
15/07/2012,18:00,7,7,0
15/07/2012,18:15,16,10,6
15/07/2012,18:30,12,8,4
15/07/2012,18:45,6,6,0
15/07/2012,19:00,7,7,0
15/07/2012,19:15,5,4,1
15/07/2012,19:30,9,5,4
15/07/2012,19:45,4,3,1
15/07/2012,20:00,4,2,2
15/07/2012,20:15,18,8,10
15/07/2012,20:30,7,3,4
15/07/2012,20:45,2,2,0
15/07/2012,21:00,5,3,2
15/07/2012,21:15,1,0,1
15/07/2012,21:30,2,1,1
15/07/2012,21:45,0,0,0
15/07/2012,22:00,2,1,1
15/07/2012,22:15,2,1,1
15/07/2012,22:30,5,1,4
15/07/2012,22:45,2,0,2
15/07/2012,23:00,2,2,0
15/07/2012,23:15,1,0,1
15/07/2012,23:30,3,0,3
15/07/2012,23:45,0,0,0
16/07/2012,00:00,0,0,0
16/07/2012,00:15,0,0,0
16/07/2012,00:30,0,0,0
16/07/2012,00:45,0,0,0
16/07/2012,01:00,0,0,0
16/07/2012,01:15,0,0,0
16/07/2012,01:30,0,0,0
16/07/2012,01:45,1,1,0
16/07/2012,02:00,0,0,0
16/07/2012,02:15,0,0,0
16/07/2012,02:30,0,0,0
16/07/2012,02:45,0,0,0
16/07/2012,03:00,1,0,1
16/07/2012,03:15,0,0,0
16/07/2012,03:30,0,0,0
16/07/2012,03:45,2,0,2
16/07/2012,04:00,1,1,0
16/07/2012,04:15,0,0,0
16/07/2012,04:30,1,1,0
16/07/2012,04:45,1,0,1
16/07/2012,05:00,0,0,0
16/07/2012,05:15,9,5,4
16/07/2012,05:30,7,3,4
16/07/2012,05:45,10,2,8
16/07/2012,06:00,13,6,7
16/07/2012,06:15,22,13,9
16/07/2012,06:30,19,7,12
16/07/2012,06:45,28,14,14
16/07/2012,07:00,23,14,9
16/07/2012,07:15,28,15,13
16/07/2012,07:30,21,12,9
16/07/2012,07:45,32,16,16
16/07/2012,08:00,33,18,15
16/07/2012,08:15,16,7,9
16/07/2012,08:30,29,21,8
16/07/2012,08:45,32,19,13
16/07/2012,09:00,14,9,5
16/07/2012,09:15,10,5,5
16/07/2012,09:30,13,10,3
16/07/2012,09:45,8,4,4
16/07/2012,10:00,13,9,4
16/07/2012,10:15,22,10,12
16/07/2012,10:30,7,4,3
16/07/2012,10:45,16,10,6
16/07/2012,11:00,17,11,6
16/07/2012,11:15,12,7,5
16/07/2012,11:30,13,5,8
16/07/2012,11:45,11,6,5
16/07/2012,12:00,12,7,5
16/07/2012,12:15,30,28,2
16/07/2012,12:30,14,10,4
16/07/2012,12:45,10,7,3
16/07/2012,13:00,10,10,0
16/07/2012,13:15,10,10,0
16/07/2012,13:30,11,9,2
16/07/2012,13:45,11,10,1
16/07/2012,14:00,7,6,1
16/07/2012,14:15,13,8,5
16/07/2012,14:30,15,8,7
16/07/2012,14:45,17,11,6
16/07/2012,15:00,6,5,1
16/07/2012,15:15,9,5,4
16/07/2012,15:30,11,9,2
16/07/2012,15:45,17,13,4
16/07/2012,16:00,16,11,5
16/07/2012,16:15,17,12,5
16/07/2012,16:30,10,10,0
16/07/2012,16:45,28,18,10
16/07/2012,17:00,29,25,4
16/07/2012,17:15,27,26,1
16/07/2012,17:30,38,32,6
16/07/2012,17:45,33,22,11
16/07/2012,18:00,22,15,7
16/07/2012,18:15,45,29,16
16/07/2012,18:30,39,31,8
16/07/2012,18:45,32,26,6
16/07/2012,19:00,22,18,4
16/07/2012,19:15,29,21,8
16/07/2012,19:30,24,21,3
16/07/2012,19:45,20,20,0
16/07/2012,20:00,21,18,3
16/07/2012,20:15,5,5,0
16/07/2012,20:30,11,8,3
16/07/2012,20:45,15,11,4
16/07/2012,21:00,14,5,9
16/07/2012,21:15,6,3,3
16/07/2012,21:30,2,2,0
16/07/2012,21:45,6,2,4
16/07/2012,22:00,3,1,2
16/07/2012,22:15,2,1,1
16/07/2012,22:30,3,2,1
16/07/2012,22:45,1,1,0
16/07/2012,23:00,2,2,0
16/07/2012,23:15,3,1,2
16/07/2012,23:30,1,1,0
16/07/2012,23:45,4,2,2
17/07/2012,00:00,0,0,0
17/07/2012,00:15,1,0,1
17/07/2012,00:30,0,0,0
17/07/2012,00:45,0,0,0
17/07/2012,01:00,1,1,0
17/07/2012,01:15,1,1,0
17/07/2012,01:30,0,0,0
17/07/2012,01:45,0,0,0
17/07/2012,02:00,0,0,0
17/07/2012,02:15,0,0,0
17/07/2012,02:30,0,0,0
17/07/2012,02:45,1,1,0
17/07/2012,03:00,0,0,0
17/07/2012,03:15,1,0,1
17/07/2012,03:30,0,0,0
17/07/2012,03:45,2,1,1
17/07/2012,04:00,2,2,0
17/07/2012,04:15,0,0,0
17/07/2012,04:30,3,1,2
17/07/2012,04:45,1,1,0
17/07/2012,05:00,4,4,0
17/07/2012,05:15,3,3,0
17/07/2012,05:30,6,4,2
17/07/2012,05:45,13,9,4
17/07/2012,06:00,21,14,7
17/07/2012,06:15,32,24,8
17/07/2012,06:30,31,22,9
17/07/2012,06:45,24,17,7
17/07/2012,07:00,34,19,15
17/07/2012,07:15,36,27,9
17/07/2012,07:30,32,22,10
17/07/2012,07:45,32,19,13
17/07/2012,08:00,30,21,9
17/07/2012,08:15,32,22,10
17/07/2012,08:30,22,18,4
17/07/2012,08:45,21,17,4
17/07/2012,09:00,32,23,9
17/07/2012,09:15,14,12,2
17/07/2012,09:30,8,3,5
17/07/2012,09:45,10,8,2
17/07/2012,10:00,17,14,3
17/07/2012,10:15,6,4,2
17/07/2012,10:30,20,15,5
17/07/2012,10:45,8,7,1
17/07/2012,11:00,9,4,5
17/07/2012,11:15,15,12,3
17/07/2012,11:30,9,8,1
17/07/2012,11:45,8,8,0
17/07/2012,12:00,15,14,1
17/07/2012,12:15,22,20,2
17/07/2012,12:30,19,18,1
17/07/2012,12:45,14,14,0
17/07/2012,13:00,19,15,4
17/07/2012,13:15,5,5,0
17/07/2012,13:30,18,15,3
17/07/2012,13:45,30,27,3
17/07/2012,14:00,22,21,1
17/07/2012,14:15,8,6,2
17/07/2012,14:30,29,20,9
17/07/2012,14:45,12,6,6
17/07/2012,15:00,11,6,5
17/07/2012,15:15,10,8,2
17/07/2012,15:30,16,15,1
17/07/2012,15:45,10,9,1
17/07/2012,16:00,8,5,3
17/07/2012,16:15,14,7,7
17/07/2012,16:30,12,11,1
17/07/2012,16:45,21,19,2
17/07/2012,17:00,21,19,2
17/07/2012,17:15,24,18,6
17/07/2012,17:30,25,19,6
17/07/2012,17:45,23,18,5
17/07/2012,18:00,27,22,5
17/07/2012,18:15,26,23,3
17/07/2012,18:30,35,28,7
17/07/2012,18:45,27,21,6
17/07/2012,19:00,20,19,1
17/07/2012,19:15,23,19,4
17/07/2012,19:30,26,22,4
17/07/2012,19:45,16,16,0
17/07/2012,20:00,9,8,1
17/07/2012,20:15,14,11,3
17/07/2012,20:30,5,5,0
17/07/2012,20:45,4,4,0
17/07/2012,21:00,6,6,0
17/07/2012,21:15,4,3,1
17/07/2012,21:30,7,5,2
17/07/2012,21:45,1,1,0
17/07/2012,22:00,5,5,0
17/07/2012,22:15,3,3,0
17/07/2012,22:30,8,1,7
17/07/2012,22:45,1,1,0
17/07/2012,23:00,2,2,0
17/07/2012,23:15,1,1,0
17/07/2012,23:30,1,1,0
17/07/2012,23:45,1,1,0
18/07/2012,00:00,0,0,0
18/07/2012,00:15,1,1,0
18/07/2012,00:30,0,0,0
18/07/2012,00:45,0,0,0
18/07/2012,01:00,1,1,0
18/07/2012,01:15,0,0,0
18/07/2012,01:30,5,4,1
18/07/2012,01:45,2,1,1
18/07/2012,02:00,1,1,0
18/07/2012,02:15,1,1,0
18/07/2012,02:30,0,0,0
18/07/2012,02:45,0,0,0
18/07/2012,03:00,0,0,0
18/07/2012,03:15,1,0,1
18/07/2012,03:30,4,0,4
18/07/2012,03:45,4,3,1
18/07/2012,04:00,0,0,0
18/07/2012,04:15,0,0,0
18/07/2012,04:30,1,0,1
18/07/2012,04:45,2,1,1
18/07/2012,05:00,1,0,1
18/07/2012,05:15,2,1,1
18/07/2012,05:30,6,4,2
18/07/2012,05:45,14,9,5
18/07/2012,06:00,15,8,7
18/07/2012,06:15,22,16,6
18/07/2012,06:30,34,16,18
18/07/2012,06:45,31,24,7
18/07/2012,07:00,36,23,13
18/07/2012,07:15,34,26,8
18/07/2012,07:30,18,12,6
18/07/2012,07:45,25,17,8
18/07/2012,08:00,31,22,9
18/07/2012,08:15,24,22,2
18/07/2012,08:30,22,16,6
18/07/2012,08:45,21,15,6
18/07/2012,09:00,19,15,4
18/07/2012,09:15,11,8,3
18/07/2012,09:30,13,12,1
18/07/2012,09:45,17,13,4
18/07/2012,10:00,15,10,5
18/07/2012,10:15,20,18,2
18/07/2012,10:30,13,10,3
18/07/2012,10:45,6,6,0
18/07/2012,11:00,10,9,1
18/07/2012,11:15,14,12,2
18/07/2012,11:30,30,29,1
18/07/2012,11:45,16,13,3
18/07/2012,12:00,7,6,1
18/07/2012,12:15,30,29,1
18/07/2012,12:30,13,12,1
18/07/2012,12:45,17,16,1
18/07/2012,13:00,17,13,4
18/07/2012,13:15,30,28,2
18/07/2012,13:30,8,7,1
18/07/2012,13:45,11,7,4
18/07/2012,14:00,19,18,1
18/07/2012,14:15,16,14,2
18/07/2012,14:30,17,16,1
18/07/2012,14:45,16,10,6
18/07/2012,15:00,7,4,3
18/07/2012,15:15,17,16,1
18/07/2012,15:30,19,15,4
18/07/2012,15:45,9,7,2
18/07/2012,16:00,15,11,4
18/07/2012,16:15,7,7,0
18/07/2012,16:30,10,10,0
18/07/2012,16:45,25,24,1
18/07/2012,17:00,20,17,3
18/07/2012,17:15,12,9,3
18/07/2012,17:30,14,9,5
18/07/2012,17:45,15,11,4
18/07/2012,18:00,17,10,7
18/07/2012,18:15,18,13,5
18/07/2012,18:30,17,9,8
18/07/2012,18:45,11,10,1
18/07/2012,19:00,15,13,2
18/07/2012,19:15,13,9,4
18/07/2012,19:30,17,10,7
18/07/2012,19:45,17,14,3
18/07/2012,20:00,13,11,2
18/07/2012,20:15,14,12,2
18/07/2012,20:30,15,9,6
18/07/2012,20:45,5,3,2
18/07/2012,21:00,8,8,0
18/07/2012,21:15,6,4,2
18/07/2012,21:30,4,0,4
18/07/2012,21:45,1,1,0
18/07/2012,22:00,4,3,1
18/07/2012,22:15,3,3,0
18/07/2012,22:30,5,1,4
18/07/2012,22:45,3,2,1
18/07/2012,23:00,0,0,0
18/07/2012,23:15,1,0,1
18/07/2012,23:30,3,1,2
18/07/2012,23:45,0,0,0
19/07/2012,00:00,1,1,0
19/07/2012,00:15,1,1,0
19/07/2012,00:30,0,0,0
19/07/2012,00:45,0,0,0
19/07/2012,01:00,0,0,0
19/07/2012,01:15,0,0,0
19/07/2012,01:30,0,0,0
19/07/2012,01:45,1,1,0
19/07/2012,02:00,1,0,1
19/07/2012,02:15,0,0,0
19/07/2012,02:30,1,1,0
19/07/2012,02:45,0,0,0
19/07/2012,03:00,0,0,0
19/07/2012,03:15,1,1,0
19/07/2012,03:30,0,0,0
19/07/2012,03:45,3,2,1
19/07/2012,04:00,1,1,0
19/07/2012,04:15,0,0,0
19/07/2012,04:30,4,3,1
19/07/2012,04:45,0,0,0
19/07/2012,05:00,2,2,0
19/07/2012,05:15,4,1,3
19/07/2012,05:30,6,5,1
19/07/2012,05:45,9,6,3
19/07/2012,06:00,3,2,1
19/07/2012,06:15,19,15,4
19/07/2012,06:30,19,12,7
19/07/2012,06:45,24,13,11
19/07/2012,07:00,27,16,11
19/07/2012,07:15,26,15,11
19/07/2012,07:30,30,21,9
19/07/2012,07:45,28,13,15
19/07/2012,08:00,28,15,13
19/07/2012,08:15,26,12,14
19/07/2012,08:30,23,15,8
19/07/2012,08:45,18,13,5
19/07/2012,09:00,18,10,8
19/07/2012,09:15,15,9,6
19/07/2012,09:30,14,7,7
19/07/2012,09:45,16,13,3
19/07/2012,10:00,13,5,8
19/07/2012,10:15,7,2,5
19/07/2012,10:30,13,6,7
19/07/2012,10:45,13,8,5
19/07/2012,11:00,14,7,7
19/07/2012,11:15,9,6,3
19/07/2012,11:30,5,4,1
19/07/2012,11:45,12,7,5
19/07/2012,12:00,18,15,3
19/07/2012,12:15,20,14,6
19/07/2012,12:30,10,7,3
19/07/2012,12:45,11,10,1
19/07/2012,13:00,14,12,2
19/07/2012,13:15,13,12,1
19/07/2012,13:30,15,12,3
19/07/2012,13:45,18,16,2
19/07/2012,14:00,6,4,2
19/07/2012,14:15,16,13,3
19/07/2012,14:30,20,15,5
19/07/2012,14:45,7,6,1
19/07/2012,15:00,8,6,2
19/07/2012,15:15,10,6,4
19/07/2012,15:30,18,13,5
19/07/2012,15:45,19,15,4
19/07/2012,16:00,22,15,7
19/07/2012,16:15,21,10,11
19/07/2012,16:30,23,20,3
19/07/2012,16:45,25,25,0
19/07/2012,17:00,29,24,5
19/07/2012,17:15,23,17,6
19/07/2012,17:30,35,22,13
19/07/2012,17:45,31,22,9
19/07/2012,18:00,25,16,9
19/07/2012,18:15,36,23,13
19/07/2012,18:30,31,26,5
19/07/2012,18:45,18,15,3
19/07/2012,19:00,18,16,2
19/07/2012,19:15,16,11,5
19/07/2012,19:30,13,10,3
19/07/2012,19:45,12,12,0
19/07/2012,20:00,16,14,2
19/07/2012,20:15,18,13,5
19/07/2012,20:30,6,5,1
19/07/2012,20:45,12,11,1
19/07/2012,21:00,8,6,2
19/07/2012,21:15,3,3,0
19/07/2012,21:30,3,3,0
19/07/2012,21:45,3,3,0
19/07/2012,22:00,4,4,0
19/07/2012,22:15,3,3,0
19/07/2012,22:30,1,1,0
19/07/2012,22:45,1,1,0
19/07/2012,23:00,1,1,0
19/07/2012,23:15,1,1,0
19/07/2012,23:30,0,0,0
19/07/2012,23:45,1,0,1
20/07/2012,00:00,1,0,1
20/07/2012,00:15,0,0,0
20/07/2012,00:30,0,0,0
20/07/2012,00:45,1,0,1
20/07/2012,01:00,0,0,0
20/07/2012,01:15,0,0,0
20/07/2012,01:30,0,0,0
20/07/2012,01:45,0,0,0
20/07/2012,02:00,1,1,0
20/07/2012,02:15,0,0,0
20/07/2012,02:30,0,0,0
20/07/2012,02:45,0,0,0
20/07/2012,03:00,0,0,0
20/07/2012,03:15,1,0,1
20/07/2012,03:30,0,0,0
20/07/2012,03:45,1,0,1
20/07/2012,04:00,0,0,0
20/07/2012,04:15,1,1,0
20/07/2012,04:30,1,1,0
20/07/2012,04:45,2,0,2
20/07/2012,05:00,0,0,0
20/07/2012,05:15,6,4,2
20/07/2012,05:30,10,6,4
20/07/2012,05:45,5,2,3
20/07/2012,06:00,14,6,8
20/07/2012,06:15,14,8,6
20/07/2012,06:30,20,5,15
20/07/2012,06:45,29,16,13
20/07/2012,07:00,19,5,14
20/07/2012,07:15,28,6,22
20/07/2012,07:30,18,8,10
20/07/2012,07:45,18,5,13
20/07/2012,08:00,16,5,11
20/07/2012,08:15,16,4,12
20/07/2012,08:30,15,4,11
20/07/2012,08:45,27,9,18
20/07/2012,09:00,10,3,7
20/07/2012,09:15,27,15,12
20/07/2012,09:30,14,5,9
20/07/2012,09:45,8,3,5
20/07/2012,10:00,23,9,14
20/07/2012,10:15,8,3,5
20/07/2012,10:30,17,3,14
20/07/2012,10:45,15,10,5
20/07/2012,11:00,13,6,7
20/07/2012,11:15,5,2,3
20/07/2012,11:30,5,2,3
20/07/2012,11:45,9,5,4
20/07/2012,12:00,4,1,3
20/07/2012,12:15,8,5,3
20/07/2012,12:30,10,2,8
20/07/2012,12:45,12,7,5
20/07/2012,13:00,6,2,4
20/07/2012,13:15,12,7,5
20/07/2012,13:30,4,3,1
20/07/2012,13:45,3,2,1
20/07/2012,14:00,6,1,5
20/07/2012,14:15,10,1,9
20/07/2012,14:30,3,1,2
20/07/2012,14:45,18,7,11
20/07/2012,15:00,11,3,8
20/07/2012,15:15,9,3,6
20/07/2012,15:30,12,3,9
20/07/2012,15:45,11,5,6
20/07/2012,16:00,17,6,11
20/07/2012,16:15,16,7,9
20/07/2012,16:30,12,4,8
20/07/2012,16:45,14,7,7
20/07/2012,17:00,21,12,9
20/07/2012,17:15,21,13,8
20/07/2012,17:30,15,8,7
20/07/2012,17:45,23,9,14
20/07/2012,18:00,14,8,6
20/07/2012,18:15,22,14,8
20/07/2012,18:30,13,6,7
20/07/2012,18:45,17,10,7
20/07/2012,19:00,17,5,12
20/07/2012,19:15,14,6,8
20/07/2012,19:30,7,3,4
20/07/2012,19:45,12,9,3
20/07/2012,20:00,10,5,5
20/07/2012,20:15,9,6,3
20/07/2012,20:30,8,5,3
20/07/2012,20:45,9,6,3
20/07/2012,21:00,2,1,1
20/07/2012,21:15,3,0,3
20/07/2012,21:30,1,0,1
20/07/2012,21:45,4,3,1
20/07/2012,22:00,1,1,0
20/07/2012,22:15,5,3,2
20/07/2012,22:30,1,0,1
20/07/2012,22:45,0,0,0
20/07/2012,23:00,1,0,1
20/07/2012,23:15,3,0,3
20/07/2012,23:30,0,0,0
20/07/2012,23:45,2,2,0
21/07/2012,00:00,0,0,0
21/07/2012,00:15,2,1,1
21/07/2012,00:30,2,0,2
21/07/2012,00:45,1,0,1
21/07/2012,01:00,2,2,0
21/07/2012,01:15,0,0,0
21/07/2012,01:30,1,0,1
21/07/2012,01:45,0,0,0
21/07/2012,02:00,1,0,1
21/07/2012,02:15,0,0,0
21/07/2012,02:30,0,0,0
21/07/2012,02:45,0,0,0
21/07/2012,03:00,0,0,0
21/07/2012,03:15,0,0,0
21/07/2012,03:30,2,2,0
21/07/2012,03:45,1,1,0
21/07/2012,04:00,1,1,0
21/07/2012,04:15,0,0,0
21/07/2012,04:30,0,0,0
21/07/2012,04:45,2,1,1
21/07/2012,05:00,0,0,0
21/07/2012,05:15,2,0,2
21/07/2012,05:30,0,0,0
21/07/2012,05:45,4,3,1
21/07/2012,06:00,4,2,2
21/07/2012,06:15,3,2,1
21/07/2012,06:30,6,2,4
21/07/2012,06:45,10,7,3
21/07/2012,07:00,12,5,7
21/07/2012,07:15,12,8,4
21/07/2012,07:30,12,5,7
21/07/2012,07:45,20,11,9
21/07/2012,08:00,17,11,6
21/07/2012,08:15,22,11,11
21/07/2012,08:30,17,10,7
21/07/2012,08:45,18,9,9
21/07/2012,09:00,22,11,11
21/07/2012,09:15,27,12,15
21/07/2012,09:30,33,9,24
21/07/2012,09:45,31,13,18
21/07/2012,10:00,20,7,13
21/07/2012,10:15,30,12,18
21/07/2012,10:30,14,4,10
21/07/2012,10:45,12,8,4
21/07/2012,11:00,47,7,40
21/07/2012,11:15,16,6,10
21/07/2012,11:30,29,9,20
21/07/2012,11:45,14,8,6
21/07/2012,12:00,17,6,11
21/07/2012,12:15,19,6,13
21/07/2012,12:30,20,11,9
21/07/2012,12:45,16,4,12
21/07/2012,13:00,15,3,12
21/07/2012,13:15,19,7,12
21/07/2012,13:30,6,3,3
21/07/2012,13:45,11,4,7
21/07/2012,14:00,15,6,9
21/07/2012,14:15,13,5,8
21/07/2012,14:30,7,2,5
21/07/2012,14:45,18,7,11
21/07/2012,15:00,15,4,11
21/07/2012,15:15,13,8,5
21/07/2012,15:30,10,3,7
21/07/2012,15:45,15,7,8
21/07/2012,16:00,6,2,4
21/07/2012,16:15,16,7,9
21/07/2012,16:30,9,3,6
21/07/2012,16:45,6,2,4
21/07/2012,17:00,7,3,4
21/07/2012,17:15,5,3,2
21/07/2012,17:30,6,3,3
21/07/2012,17:45,10,5,5
21/07/2012,18:00,6,3,3
21/07/2012,18:15,6,1,5
21/07/2012,18:30,5,4,1
21/07/2012,18:45,8,4,4
21/07/2012,19:00,4,1,3
21/07/2012,19:15,5,3,2
21/07/2012,19:30,2,2,0
21/07/2012,19:45,9,4,5
21/07/2012,20:00,1,1,0
21/07/2012,20:15,2,0,2
21/07/2012,20:30,6,3,3
21/07/2012,20:45,3,1,2
21/07/2012,21:00,3,0,3
21/07/2012,21:15,3,1,2
21/07/2012,21:30,0,0,0
21/07/2012,21:45,1,1,0
21/07/2012,22:00,2,1,1
21/07/2012,22:15,0,0,0
21/07/2012,22:30,2,1,1
21/07/2012,22:45,1,0,1
21/07/2012,23:00,2,0,2
21/07/2012,23:15,0,0,0
21/07/2012,23:30,1,0,1
21/07/2012,23:45,0,0,0
22/07/2012,00:00,0,0,0
22/07/2012,00:15,0,0,0
22/07/2012,00:30,4,3,1
22/07/2012,00:45,0,0,0
22/07/2012,01:00,2,0,2
22/07/2012,01:15,1,1,0
22/07/2012,01:30,0,0,0
22/07/2012,01:45,0,0,0
22/07/2012,02:00,1,0,1
22/07/2012,02:15,0,0,0
22/07/2012,02:30,0,0,0
22/07/2012,02:45,0,0,0
22/07/2012,03:00,0,0,0
22/07/2012,03:15,0,0,0
22/07/2012,03:30,0,0,0
22/07/2012,03:45,1,1,0
22/07/2012,04:00,0,0,0
22/07/2012,04:15,0,0,0
22/07/2012,04:30,0,0,0
22/07/2012,04:45,2,1,1
22/07/2012,05:00,0,0,0
22/07/2012,05:15,1,1,0
22/07/2012,05:30,0,0,0
22/07/2012,05:45,2,1,1
22/07/2012,06:00,0,0,0
22/07/2012,06:15,3,1,2
22/07/2012,06:30,7,5,2
22/07/2012,06:45,11,8,3
22/07/2012,07:00,17,7,10
22/07/2012,07:15,9,2,7
22/07/2012,07:30,15,5,10
22/07/2012,07:45,10,7,3
22/07/2012,08:00,21,8,13
22/07/2012,08:15,29,9,20
22/07/2012,08:30,38,16,22
22/07/2012,08:45,44,23,21
22/07/2012,09:00,31,11,20
22/07/2012,09:15,35,18,17
22/07/2012,09:30,50,16,34
22/07/2012,09:45,37,20,17
22/07/2012,10:00,47,18,29
22/07/2012,10:15,37,13,24
22/07/2012,10:30,43,12,31
22/07/2012,10:45,34,11,23
22/07/2012,11:00,65,26,39
22/07/2012,11:15,33,10,23
22/07/2012,11:30,36,21,15
22/07/2012,11:45,51,30,21
22/07/2012,12:00,47,23,24
22/07/2012,12:15,41,21,20
22/07/2012,12:30,47,15,32
22/07/2012,12:45,26,10,16
22/07/2012,13:00,37,17,20
22/07/2012,13:15,38,15,23
22/07/2012,13:30,33,18,15
22/07/2012,13:45,52,17,35
22/07/2012,14:00,46,21,25
22/07/2012,14:15,34,15,19
22/07/2012,14:30,38,17,21
22/07/2012,14:45,43,20,23
22/07/2012,15:00,38,17,21
22/07/2012,15:15,54,25,29
22/07/2012,15:30,43,24,19
22/07/2012,15:45,40,13,27
22/07/2012,16:00,43,18,25
22/07/2012,16:15,39,18,21
22/07/2012,16:30,32,14,18
22/07/2012,16:45,36,13,23
22/07/2012,17:00,29,9,20
22/07/2012,17:15,38,13,25
22/07/2012,17:30,47,23,24
22/07/2012,17:45,30,10,20
22/07/2012,18:00,29,13,16
22/07/2012,18:15,19,9,10
22/07/2012,18:30,35,13,22
22/07/2012,18:45,31,16,15
22/07/2012,19:00,27,10,17
22/07/2012,19:15,21,9,12
22/07/2012,19:30,22,9,13
22/07/2012,19:45,26,17,9
22/07/2012,20:00,19,10,9
22/07/2012,20:15,12,6,6
22/07/2012,20:30,17,8,9
22/07/2012,20:45,7,3,4
22/07/2012,21:00,3,2,1
22/07/2012,21:15,7,3,4
22/07/2012,21:30,3,3,0
22/07/2012,21:45,5,2,3
22/07/2012,22:00,5,3,2
22/07/2012,22:15,4,2,2
22/07/2012,22:30,3,2,1
22/07/2012,22:45,5,0,5
22/07/2012,23:00,5,1,4
22/07/2012,23:15,2,1,1
22/07/2012,23:30,1,0,1
22/07/2012,23:45,1,1,0
23/07/2012,00:00,0,0,0
23/07/2012,00:15,0,0,0
23/07/2012,00:30,1,1,0
23/07/2012,00:45,2,1,1
23/07/2012,01:00,1,1,0
23/07/2012,01:15,5,3,2
23/07/2012,01:30,2,0,2
23/07/2012,01:45,0,0,0
23/07/2012,02:00,1,1,0
23/07/2012,02:15,1,0,1
23/07/2012,02:30,0,0,0
23/07/2012,02:45,1,1,0
23/07/2012,03:00,0,0,0
23/07/2012,03:15,0,0,0
23/07/2012,03:30,1,0,1
23/07/2012,03:45,2,0,2
23/07/2012,04:00,2,1,1
23/07/2012,04:15,1,1,0
23/07/2012,04:30,1,1,0
23/07/2012,04:45,1,0,1
23/07/2012,05:00,1,0,1
23/07/2012,05:15,4,3,1
23/07/2012,05:30,10,4,6
23/07/2012,05:45,11,2,9
23/07/2012,06:00,8,4,4
23/07/2012,06:15,16,8,8
23/07/2012,06:30,18,7,11
23/07/2012,06:45,26,8,18
23/07/2012,07:00,30,15,15
23/07/2012,07:15,25,16,9
23/07/2012,07:30,34,17,17
23/07/2012,07:45,22,7,15
23/07/2012,08:00,28,12,16
23/07/2012,08:15,23,10,13
23/07/2012,08:30,42,21,21
23/07/2012,08:45,26,12,14
23/07/2012,09:00,21,9,12
23/07/2012,09:15,13,5,8
23/07/2012,09:30,19,12,7
23/07/2012,09:45,13,9,4
23/07/2012,10:00,9,6,3
23/07/2012,10:15,14,7,7
23/07/2012,10:30,11,8,3
23/07/2012,10:45,16,12,4
23/07/2012,11:00,9,7,2
23/07/2012,11:15,11,7,4
23/07/2012,11:30,14,12,2
23/07/2012,11:45,5,4,1
23/07/2012,12:00,14,6,8
23/07/2012,12:15,13,9,4
23/07/2012,12:30,19,8,11
23/07/2012,12:45,8,2,6
23/07/2012,13:00,11,5,6
23/07/2012,13:15,5,4,1
23/07/2012,13:30,9,5,4
23/07/2012,13:45,7,6,1
23/07/2012,14:00,7,1,6
23/07/2012,14:15,16,9,7
23/07/2012,14:30,4,1,3
23/07/2012,14:45,15,5,10
23/07/2012,15:00,8,2,6
23/07/2012,15:15,3,2,1
23/07/2012,15:30,11,4,7
23/07/2012,15:45,11,6,5
23/07/2012,16:00,20,17,3
23/07/2012,16:15,15,10,5
23/07/2012,16:30,18,11,7
23/07/2012,16:45,20,17,3
23/07/2012,17:00,39,29,10
23/07/2012,17:15,36,28,8
23/07/2012,17:30,32,28,4
23/07/2012,17:45,28,24,4
23/07/2012,18:00,37,28,9
23/07/2012,18:15,26,23,3
23/07/2012,18:30,41,29,12
23/07/2012,18:45,26,24,2
23/07/2012,19:00,32,25,7
23/07/2012,19:15,25,21,4
23/07/2012,19:30,12,10,2
23/07/2012,19:45,19,15,4
23/07/2012,20:00,12,12,0
23/07/2012,20:15,13,10,3
23/07/2012,20:30,21,15,6
23/07/2012,20:45,7,6,1
23/07/2012,21:00,9,7,2
23/07/2012,21:15,1,0,1
23/07/2012,21:30,2,2,0
23/07/2012,21:45,3,2,1
23/07/2012,22:00,1,1,0
23/07/2012,22:15,1,0,1
23/07/2012,22:30,3,1,2
23/07/2012,22:45,1,0,1
23/07/2012,23:00,3,1,2
23/07/2012,23:15,3,2,1
23/07/2012,23:30,4,1,3
23/07/2012,23:45,0,0,0
24/07/2012,00:00,7,5,2
24/07/2012,00:15,1,0,1
24/07/2012,00:30,0,0,0
24/07/2012,00:45,3,1,2
24/07/2012,01:00,0,0,0
24/07/2012,01:15,1,1,0
24/07/2012,01:30,0,0,0
24/07/2012,01:45,0,0,0
24/07/2012,02:00,1,0,1
24/07/2012,02:15,0,0,0
24/07/2012,02:30,0,0,0
24/07/2012,02:45,0,0,0
24/07/2012,03:00,0,0,0
24/07/2012,03:15,1,0,1
24/07/2012,03:30,0,0,0
24/07/2012,03:45,0,0,0
24/07/2012,04:00,2,0,2
24/07/2012,04:15,1,1,0
24/07/2012,04:30,0,0,0
24/07/2012,04:45,1,1,0
24/07/2012,05:00,2,0,2
24/07/2012,05:15,4,2,2
24/07/2012,05:30,11,4,7
24/07/2012,05:45,10,4,6
24/07/2012,06:00,16,10,6
24/07/2012,06:15,22,10,12
24/07/2012,06:30,27,12,15
24/07/2012,06:45,24,8,16
24/07/2012,07:00,33,16,17
24/07/2012,07:15,46,15,31
24/07/2012,07:30,48,27,21
24/07/2012,07:45,33,15,18
24/07/2012,08:00,35,24,11
24/07/2012,08:15,28,17,11
24/07/2012,08:30,27,15,12
24/07/2012,08:45,25,17,8
24/07/2012,09:00,24,18,6
24/07/2012,09:15,11,7,4
24/07/2012,09:30,14,9,5
24/07/2012,09:45,13,8,5
24/07/2012,10:00,15,13,2
24/07/2012,10:15,23,16,7
24/07/2012,10:30,9,7,2
24/07/2012,10:45,10,5,5
24/07/2012,11:00,14,13,1
24/07/2012,11:15,14,7,7
24/07/2012,11:30,15,9,6
24/07/2012,11:45,7,5,2
24/07/2012,12:00,7,7,0
24/07/2012,12:15,6,4,2
24/07/2012,12:30,9,6,3
24/07/2012,12:45,3,2,1
24/07/2012,13:00,4,3,1
24/07/2012,13:15,8,3,5
24/07/2012,13:30,6,5,1
24/07/2012,13:45,7,3,4
24/07/2012,14:00,5,4,1
24/07/2012,14:15,8,6,2
24/07/2012,14:30,9,8,1
24/07/2012,14:45,6,5,1
24/07/2012,15:00,10,8,2
24/07/2012,15:15,5,3,2
24/07/2012,15:30,7,7,0
24/07/2012,15:45,19,11,8
24/07/2012,16:00,17,10,7
24/07/2012,16:15,13,11,2
24/07/2012,16:30,18,13,5
24/07/2012,16:45,25,23,2
24/07/2012,17:00,27,21,6
24/07/2012,17:15,28,21,7
24/07/2012,17:30,21,18,3
24/07/2012,17:45,29,19,10
24/07/2012,18:00,43,33,10
24/07/2012,18:15,28,22,6
24/07/2012,18:30,33,16,17
24/07/2012,18:45,32,19,13
24/07/2012,19:00,32,17,15
24/07/2012,19:15,45,38,7
24/07/2012,19:30,26,17,9
24/07/2012,19:45,28,19,9
24/07/2012,20:00,33,23,10
24/07/2012,20:15,27,13,14
24/07/2012,20:30,18,9,9
24/07/2012,20:45,11,9,2
24/07/2012,21:00,5,3,2
24/07/2012,21:15,10,7,3
24/07/2012,21:30,5,4,1
24/07/2012,21:45,3,2,1
24/07/2012,22:00,7,3,4
24/07/2012,22:15,5,4,1
24/07/2012,22:30,0,0,0
24/07/2012,22:45,6,3,3
24/07/2012,23:00,2,1,1
24/07/2012,23:15,3,3,0
24/07/2012,23:30,1,1,0
24/07/2012,23:45,5,4,1
25/07/2012,00:00,0,0,0
25/07/2012,00:15,2,0,2
25/07/2012,00:30,5,4,1
25/07/2012,00:45,1,1,0
25/07/2012,01:00,1,1,0
25/07/2012,01:15,0,0,0
25/07/2012,01:30,0,0,0
25/07/2012,01:45,0,0,0
25/07/2012,02:00,1,0,1
25/07/2012,02:15,0,0,0
25/07/2012,02:30,0,0,0
25/07/2012,02:45,0,0,0
25/07/2012,03:00,0,0,0
25/07/2012,03:15,2,0,2
25/07/2012,03:30,1,1,0
25/07/2012,03:45,2,1,1
25/07/2012,04:00,1,0,1
25/07/2012,04:15,3,2,1
25/07/2012,04:30,0,0,0
25/07/2012,04:45,2,1,1
25/07/2012,05:00,0,0,0
25/07/2012,05:15,2,2,0
25/07/2012,05:30,9,5,4
25/07/2012,05:45,15,9,6
25/07/2012,06:00,17,6,11
25/07/2012,06:15,26,11,15
25/07/2012,06:30,23,10,13
25/07/2012,06:45,20,11,9
25/07/2012,07:00,31,14,17
25/07/2012,07:15,35,16,19
25/07/2012,07:30,47,19,28
25/07/2012,07:45,34,18,16
25/07/2012,08:00,41,19,22
25/07/2012,08:15,26,9,17
25/07/2012,08:30,27,14,13
25/07/2012,08:45,30,17,13
25/07/2012,09:00,23,14,9
25/07/2012,09:15,22,12,10
25/07/2012,09:30,39,27,12
25/07/2012,09:45,36,24,12
25/07/2012,10:00,15,11,4
25/07/2012,10:15,25,17,8
25/07/2012,10:30,37,19,18
25/07/2012,10:45,38,25,13
25/07/2012,11:00,32,21,11
25/07/2012,11:15,22,11,11
25/07/2012,11:30,19,9,10
25/07/2012,11:45,14,10,4
25/07/2012,12:00,26,19,7
25/07/2012,12:15,26,22,4
25/07/2012,12:30,31,22,9
25/07/2012,12:45,42,27,15
25/07/2012,13:00,20,15,5
25/07/2012,13:15,34,25,9
25/07/2012,13:30,22,14,8
25/07/2012,13:45,14,5,9
25/07/2012,14:00,19,15,4
25/07/2012,14:15,18,10,8
25/07/2012,14:30,16,6,10
25/07/2012,14:45,24,11,13
25/07/2012,15:00,25,15,10
25/07/2012,15:15,22,12,10
25/07/2012,15:30,24,9,15
25/07/2012,15:45,23,10,13
25/07/2012,16:00,17,7,10
25/07/2012,16:15,28,11,17
25/07/2012,16:30,34,20,14
25/07/2012,16:45,26,12,14
25/07/2012,17:00,46,28,18
25/07/2012,17:15,45,29,16
25/07/2012,17:30,53,22,31
25/07/2012,17:45,53,29,24
25/07/2012,18:00,47,20,27
25/07/2012,18:15,43,24,19
25/07/2012,18:30,78,40,38
25/07/2012,18:45,53,20,33
25/07/2012,19:00,43,27,16
25/07/2012,19:15,53,38,15
25/07/2012,19:30,48,30,18
25/07/2012,19:45,51,34,17
25/07/2012,20:00,24,18,6
25/07/2012,20:15,26,8,18
25/07/2012,20:30,30,19,11
25/07/2012,20:45,14,8,6
25/07/2012,21:00,9,5,4
25/07/2012,21:15,13,7,6
25/07/2012,21:30,6,4,2
25/07/2012,21:45,7,4,3
25/07/2012,22:00,5,2,3
25/07/2012,22:15,2,2,0
25/07/2012,22:30,0,0,0
25/07/2012,22:45,3,0,3
25/07/2012,23:00,3,3,0
25/07/2012,23:15,0,0,0
25/07/2012,23:30,3,1,2
25/07/2012,23:45,1,1,0
26/07/2012,00:00,0,0,0
26/07/2012,00:15,0,0,0
26/07/2012,00:30,2,0,2
26/07/2012,00:45,0,0,0
26/07/2012,01:00,0,0,0
26/07/2012,01:15,1,0,1
26/07/2012,01:30,1,0,1
26/07/2012,01:45,0,0,0
26/07/2012,02:00,0,0,0
26/07/2012,02:15,0,0,0
26/07/2012,02:30,0,0,0
26/07/2012,02:45,0,0,0
26/07/2012,03:00,2,0,2
26/07/2012,03:15,2,1,1
26/07/2012,03:30,0,0,0
26/07/2012,03:45,1,0,1
26/07/2012,04:00,1,0,1
26/07/2012,04:15,4,3,1
26/07/2012,04:30,0,0,0
26/07/2012,04:45,1,1,0
26/07/2012,05:00,2,0,2
26/07/2012,05:15,6,3,3
26/07/2012,05:30,8,2,6
26/07/2012,05:45,15,7,8
26/07/2012,06:00,17,8,9
26/07/2012,06:15,28,13,15
26/07/2012,06:30,23,5,18
26/07/2012,06:45,41,13,28
26/07/2012,07:00,33,15,18
26/07/2012,07:15,38,20,18
26/07/2012,07:30,36,14,22
26/07/2012,07:45,31,12,19
26/07/2012,08:00,26,9,17
26/07/2012,08:15,21,10,11
26/07/2012,08:30,27,11,16
26/07/2012,08:45,28,13,15
26/07/2012,09:00,22,7,15
26/07/2012,09:15,27,12,15
26/07/2012,09:30,7,4,3
26/07/2012,09:45,9,7,2
26/07/2012,10:00,13,8,5
26/07/2012,10:15,19,10,9
26/07/2012,10:30,12,4,8
26/07/2012,10:45,7,3,4
26/07/2012,11:00,20,13,7
26/07/2012,11:15,14,5,9
26/07/2012,11:30,17,8,9
26/07/2012,11:45,16,13,3
26/07/2012,12:00,10,7,3
26/07/2012,12:15,15,8,7
26/07/2012,12:30,18,14,4
26/07/2012,12:45,12,11,1
26/07/2012,13:00,9,8,1
26/07/2012,13:15,12,11,1
26/07/2012,13:30,10,9,1
26/07/2012,13:45,11,8,3
26/07/2012,14:00,14,11,3
26/07/2012,14:15,16,15,1
26/07/2012,14:30,16,14,2
26/07/2012,14:45,17,15,2
26/07/2012,15:00,9,7,2
26/07/2012,15:15,18,16,2
26/07/2012,15:30,18,15,3
26/07/2012,15:45,13,11,2
26/07/2012,16:00,14,11,3
26/07/2012,16:15,12,7,5
26/07/2012,16:30,17,13,4
26/07/2012,16:45,16,11,5
26/07/2012,17:00,20,17,3
26/07/2012,17:15,19,15,4
26/07/2012,17:30,24,19,5
26/07/2012,17:45,24,17,7
26/07/2012,18:00,20,19,1
26/07/2012,18:15,22,20,2
26/07/2012,18:30,19,17,2
26/07/2012,18:45,18,15,3
26/07/2012,19:00,22,20,2
26/07/2012,19:15,13,13,0
26/07/2012,19:30,9,8,1
26/07/2012,19:45,13,13,0
26/07/2012,20:00,8,8,0
26/07/2012,20:15,3,3,0
26/07/2012,20:30,2,2,0
26/07/2012,20:45,4,4,0
26/07/2012,21:00,5,4,1
26/07/2012,21:15,3,3,0
26/07/2012,21:30,0,0,0
26/07/2012,21:45,0,0,0
26/07/2012,22:00,0,0,0
26/07/2012,22:15,2,2,0
26/07/2012,22:30,1,0,1
26/07/2012,22:45,1,0,1
26/07/2012,23:00,0,0,0
26/07/2012,23:15,2,0,2
26/07/2012,23:30,2,1,1
26/07/2012,23:45,0,0,0
27/07/2012,00:00,2,2,0
27/07/2012,00:15,0,0,0
27/07/2012,00:30,2,0,2
27/07/2012,00:45,0,0,0
27/07/2012,01:00,0,0,0
27/07/2012,01:15,0,0,0
27/07/2012,01:30,0,0,0
27/07/2012,01:45,0,0,0
27/07/2012,02:00,0,0,0
27/07/2012,02:15,1,0,1
27/07/2012,02:30,0,0,0
27/07/2012,02:45,0,0,0
27/07/2012,03:00,1,1,0
27/07/2012,03:15,1,0,1
27/07/2012,03:30,0,0,0
27/07/2012,03:45,0,0,0
27/07/2012,04:00,1,1,0
27/07/2012,04:15,3,2,1
27/07/2012,04:30,0,0,0
27/07/2012,04:45,4,2,2
27/07/2012,05:00,1,0,1
27/07/2012,05:15,5,4,1
27/07/2012,05:30,8,3,5
27/07/2012,05:45,15,2,13
27/07/2012,06:00,7,5,2
27/07/2012,06:15,22,12,10
27/07/2012,06:30,19,12,7
27/07/2012,06:45,18,11,7
27/07/2012,07:00,28,16,12
27/07/2012,07:15,30,15,15
27/07/2012,07:30,25,13,12
27/07/2012,07:45,24,15,9
27/07/2012,08:00,32,15,17
27/07/2012,08:15,30,18,12
27/07/2012,08:30,27,18,9
27/07/2012,08:45,26,15,11
27/07/2012,09:00,14,12,2
27/07/2012,09:15,23,16,7
27/07/2012,09:30,14,8,6
27/07/2012,09:45,11,4,7
27/07/2012,10:00,17,12,5
27/07/2012,10:15,30,19,11
27/07/2012,10:30,25,19,6
27/07/2012,10:45,17,14,3
27/07/2012,11:00,27,23,4
27/07/2012,11:15,26,18,8
27/07/2012,11:30,34,26,8
27/07/2012,11:45,22,21,1
27/07/2012,12:00,12,7,5
27/07/2012,12:15,16,13,3
27/07/2012,12:30,13,11,2
27/07/2012,12:45,13,10,3
27/07/2012,13:00,11,7,4
27/07/2012,13:15,8,5,3
27/07/2012,13:30,7,3,4
27/07/2012,13:45,12,6,6
27/07/2012,14:00,12,10,2
27/07/2012,14:15,10,4,6
27/07/2012,14:30,8,5,3
27/07/2012,14:45,10,7,3
27/07/2012,15:00,12,8,4
27/07/2012,15:15,18,11,7
27/07/2012,15:30,11,8,3
27/07/2012,15:45,15,11,4
27/07/2012,16:00,16,9,7
27/07/2012,16:15,13,9,4
27/07/2012,16:30,16,14,2
27/07/2012,16:45,23,17,6
27/07/2012,17:00,20,14,6
27/07/2012,17:15,21,18,3
27/07/2012,17:30,26,23,3
27/07/2012,17:45,24,18,6
27/07/2012,18:00,26,18,8
27/07/2012,18:15,26,17,9
27/07/2012,18:30,23,21,2
27/07/2012,18:45,19,14,5
27/07/2012,19:00,22,14,8
27/07/2012,19:15,8,7,1
27/07/2012,19:30,10,9,1
27/07/2012,19:45,14,11,3
27/07/2012,20:00,11,11,0
27/07/2012,20:15,4,4,0
27/07/2012,20:30,6,6,0
27/07/2012,20:45,6,4,2
27/07/2012,21:00,7,6,1
27/07/2012,21:15,8,5,3
27/07/2012,21:30,3,2,1
27/07/2012,21:45,3,3,0
27/07/2012,22:00,1,1,0
27/07/2012,22:15,3,2,1
27/07/2012,22:30,0,0,0
27/07/2012,22:45,3,1,2
27/07/2012,23:00,0,0,0
27/07/2012,23:15,2,2,0
27/07/2012,23:30,2,2,0
27/07/2012,23:45,0,0,0
28/07/2012,00:00,0,0,0
28/07/2012,00:15,0,0,0
28/07/2012,00:30,1,0,1
28/07/2012,00:45,2,0,2
28/07/2012,01:00,0,0,0
28/07/2012,01:15,1,0,1
28/07/2012,01:30,0,0,0
28/07/2012,01:45,0,0,0
28/07/2012,02:00,0,0,0
28/07/2012,02:15,0,0,0
28/07/2012,02:30,0,0,0
28/07/2012,02:45,0,0,0
28/07/2012,03:00,0,0,0
28/07/2012,03:15,1,1,0
28/07/2012,03:30,0,0,0
28/07/2012,03:45,1,0,1
28/07/2012,04:00,0,0,0
28/07/2012,04:15,1,0,1
28/07/2012,04:30,0,0,0
28/07/2012,04:45,1,1,0
28/07/2012,05:00,0,0,0
28/07/2012,05:15,0,0,0
28/07/2012,05:30,0,0,0
28/07/2012,05:45,5,3,2
28/07/2012,06:00,7,4,3
28/07/2012,06:15,4,3,1
28/07/2012,06:30,10,8,2
28/07/2012,06:45,17,7,10
28/07/2012,07:00,5,4,1
28/07/2012,07:15,29,12,17
28/07/2012,07:30,28,18,10
28/07/2012,07:45,37,19,18
28/07/2012,08:00,29,15,14
28/07/2012,08:15,51,31,20
28/07/2012,08:30,27,13,14
28/07/2012,08:45,43,30,13
28/07/2012,09:00,27,15,12
28/07/2012,09:15,50,40,10
28/07/2012,09:30,42,29,13
28/07/2012,09:45,42,25,17
28/07/2012,10:00,41,24,17
28/07/2012,10:15,46,28,18
28/07/2012,10:30,41,22,19
28/07/2012,10:45,55,41,14
28/07/2012,11:00,36,25,11
28/07/2012,11:15,35,24,11
28/07/2012,11:30,52,33,19
28/07/2012,11:45,46,34,12
28/07/2012,12:00,53,38,15
28/07/2012,12:15,42,28,14
28/07/2012,12:30,41,23,18
28/07/2012,12:45,20,16,4
28/07/2012,13:00,38,25,13
28/07/2012,13:15,40,24,16
28/07/2012,13:30,37,17,20
28/07/2012,13:45,34,24,10
28/07/2012,14:00,29,21,8
28/07/2012,14:15,34,23,11
28/07/2012,14:30,43,30,13
28/07/2012,14:45,28,19,9
28/07/2012,15:00,27,16,11
28/07/2012,15:15,37,33,4
28/07/2012,15:30,26,10,16
28/07/2012,15:45,35,27,8
28/07/2012,16:00,25,12,13
28/07/2012,16:15,14,9,5
28/07/2012,16:30,25,17,8
28/07/2012,16:45,27,16,11
28/07/2012,17:00,27,11,16
28/07/2012,17:15,30,17,13
28/07/2012,17:30,20,13,7
28/07/2012,17:45,18,11,7
28/07/2012,18:00,17,12,5
28/07/2012,18:15,13,11,2
28/07/2012,18:30,8,6,2
28/07/2012,18:45,16,10,6
28/07/2012,19:00,14,13,1
28/07/2012,19:15,9,8,1
28/07/2012,19:30,10,8,2
28/07/2012,19:45,12,12,0
28/07/2012,20:00,36,35,1
28/07/2012,20:15,8,7,1
28/07/2012,20:30,12,3,9
28/07/2012,20:45,3,2,1
28/07/2012,21:00,4,2,2
28/07/2012,21:15,2,0,2
28/07/2012,21:30,3,2,1
28/07/2012,21:45,1,1,0
28/07/2012,22:00,2,0,2
28/07/2012,22:15,3,1,2
28/07/2012,22:30,1,0,1
28/07/2012,22:45,2,2,0
28/07/2012,23:00,4,2,2
28/07/2012,23:15,2,0,2
28/07/2012,23:30,4,3,1
28/07/2012,23:45,2,1,1
29/07/2012,00:00,1,0,1
29/07/2012,00:15,0,0,0
29/07/2012,00:30,0,0,0
29/07/2012,00:45,1,1,0
29/07/2012,01:00,1,1,0
29/07/2012,01:15,1,0,1
29/07/2012,01:30,1,0,1
29/07/2012,01:45,1,0,1
29/07/2012,02:00,2,1,1
29/07/2012,02:15,0,0,0
29/07/2012,02:30,0,0,0
29/07/2012,02:45,0,0,0
29/07/2012,03:00,0,0,0
29/07/2012,03:15,0,0,0
29/07/2012,03:30,0,0,0
29/07/2012,03:45,0,0,0
29/07/2012,04:00,0,0,0
29/07/2012,04:15,1,1,0
29/07/2012,04:30,0,0,0
29/07/2012,04:45,1,0,1
29/07/2012,05:00,0,0,0
29/07/2012,05:15,1,0,1
29/07/2012,05:30,2,1,1
29/07/2012,05:45,3,1,2
29/07/2012,06:00,4,4,0
29/07/2012,06:15,1,1,0
29/07/2012,06:30,3,2,1
29/07/2012,06:45,10,1,9
29/07/2012,07:00,12,5,7
29/07/2012,07:15,22,9,13
29/07/2012,07:30,26,10,16
29/07/2012,07:45,23,14,9
29/07/2012,08:00,36,15,21
29/07/2012,08:15,33,13,20
29/07/2012,08:30,38,24,14
29/07/2012,08:45,35,17,18
29/07/2012,09:00,51,22,29
29/07/2012,09:15,50,21,29
29/07/2012,09:30,53,25,28
29/07/2012,09:45,67,32,35
29/07/2012,10:00,59,31,28
29/07/2012,10:15,71,36,35
29/07/2012,10:30,75,43,32
29/07/2012,10:45,47,23,24
29/07/2012,11:00,72,33,39
29/07/2012,11:15,58,22,36
29/07/2012,11:30,50,24,26
29/07/2012,11:45,48,28,20
29/07/2012,12:00,51,22,29
29/07/2012,12:15,50,23,27
29/07/2012,12:30,56,34,22
29/07/2012,12:45,56,31,25
29/07/2012,13:00,32,17,15
29/07/2012,13:15,33,19,14
29/07/2012,13:30,37,23,14
29/07/2012,13:45,42,15,27
29/07/2012,14:00,32,17,15
29/07/2012,14:15,42,25,17
29/07/2012,14:30,28,11,17
29/07/2012,14:45,30,15,15
29/07/2012,15:00,26,14,12
29/07/2012,15:15,31,12,19
29/07/2012,15:30,28,8,20
29/07/2012,15:45,34,22,12
29/07/2012,16:00,34,16,18
29/07/2012,16:15,47,22,25
29/07/2012,16:30,35,17,18
29/07/2012,16:45,38,13,25
29/07/2012,17:00,25,12,13
29/07/2012,17:15,35,16,19
29/07/2012,17:30,43,20,23
29/07/2012,17:45,32,9,23
29/07/2012,18:00,39,8,31
29/07/2012,18:15,28,13,15
29/07/2012,18:30,24,9,15
29/07/2012,18:45,29,20,9
29/07/2012,19:00,21,13,8
29/07/2012,19:15,27,17,10
29/07/2012,19:30,16,14,2
29/07/2012,19:45,21,15,6
29/07/2012,20:00,13,10,3
29/07/2012,20:15,28,24,4
29/07/2012,20:30,21,14,7
29/07/2012,20:45,17,13,4
29/07/2012,21:00,15,11,4
29/07/2012,21:15,7,5,2
29/07/2012,21:30,4,3,1
29/07/2012,21:45,6,4,2
29/07/2012,22:00,2,1,1
29/07/2012,22:15,3,1,2
29/07/2012,22:30,6,1,5
29/07/2012,22:45,2,1,1
29/07/2012,23:00,1,0,1
29/07/2012,23:15,2,0,2
29/07/2012,23:30,4,0,4
29/07/2012,23:45,2,1,1
30/07/2012,00:00,0,0,0
30/07/2012,00:15,1,1,0
30/07/2012,00:30,0,0,0
30/07/2012,00:45,2,2,0
30/07/2012,01:00,0,0,0
30/07/2012,01:15,0,0,0
30/07/2012,01:30,1,0,1
30/07/2012,01:45,1,0,1
30/07/2012,02:00,1,1,0
30/07/2012,02:15,0,0,0
30/07/2012,02:30,0,0,0
30/07/2012,02:45,0,0,0
30/07/2012,03:00,2,0,2
30/07/2012,03:15,1,1,0
30/07/2012,03:30,1,0,1
30/07/2012,03:45,2,1,1
30/07/2012,04:00,1,1,0
30/07/2012,04:15,1,1,0
30/07/2012,04:30,0,0,0
30/07/2012,04:45,2,2,0
30/07/2012,05:00,1,0,1
30/07/2012,05:15,6,3,3
30/07/2012,05:30,9,3,6
30/07/2012,05:45,8,3,5
30/07/2012,06:00,14,8,6
30/07/2012,06:15,16,7,9
30/07/2012,06:30,23,7,16
30/07/2012,06:45,36,14,22
30/07/2012,07:00,28,9,19
30/07/2012,07:15,31,15,16
30/07/2012,07:30,29,12,17
30/07/2012,07:45,27,14,13
30/07/2012,08:00,26,6,20
30/07/2012,08:15,26,12,14
30/07/2012,08:30,32,10,22
30/07/2012,08:45,23,11,12
30/07/2012,09:00,23,13,10
30/07/2012,09:15,15,4,11
30/07/2012,09:30,20,10,10
30/07/2012,09:45,9,3,6
30/07/2012,10:00,11,5,6
30/07/2012,10:15,12,6,6
30/07/2012,10:30,17,8,9
30/07/2012,10:45,11,7,4
30/07/2012,11:00,9,2,7
30/07/2012,11:15,12,7,5
30/07/2012,11:30,15,12,3
30/07/2012,11:45,9,1,8
30/07/2012,12:00,20,11,9
30/07/2012,12:15,14,11,3
30/07/2012,12:30,14,8,6
30/07/2012,12:45,14,7,7
30/07/2012,13:00,3,1,2
30/07/2012,13:15,12,8,4
30/07/2012,13:30,16,7,9
30/07/2012,13:45,20,13,7
30/07/2012,14:00,12,10,2
30/07/2012,14:15,9,5,4
30/07/2012,14:30,16,11,5
30/07/2012,14:45,9,3,6
30/07/2012,15:00,15,12,3
30/07/2012,15:15,10,8,2
30/07/2012,15:30,17,11,6
30/07/2012,15:45,21,12,9
30/07/2012,16:00,20,12,8
30/07/2012,16:15,19,10,9
30/07/2012,16:30,23,15,8
30/07/2012,16:45,24,15,9
30/07/2012,17:00,27,16,11
30/07/2012,17:15,42,30,12
30/07/2012,17:30,33,23,10
30/07/2012,17:45,39,27,12
30/07/2012,18:00,43,27,16
30/07/2012,18:15,44,26,18
30/07/2012,18:30,35,22,13
30/07/2012,18:45,31,23,8
30/07/2012,19:00,45,33,12
30/07/2012,19:15,41,25,16
30/07/2012,19:30,39,24,15
30/07/2012,19:45,43,25,18
30/07/2012,20:00,26,9,17
30/07/2012,20:15,20,12,8
30/07/2012,20:30,11,5,6
30/07/2012,20:45,9,6,3
30/07/2012,21:00,13,10,3
30/07/2012,21:15,7,4,3
30/07/2012,21:30,3,3,0
30/07/2012,21:45,6,1,5
30/07/2012,22:00,2,2,0
30/07/2012,22:15,5,3,2
30/07/2012,22:30,1,0,1
30/07/2012,22:45,3,2,1
30/07/2012,23:00,2,1,1
30/07/2012,23:15,1,1,0
30/07/2012,23:30,1,0,1
30/07/2012,23:45,1,1,0
31/07/2012,00:00,2,1,1
31/07/2012,00:15,0,0,0
31/07/2012,00:30,4,2,2
31/07/2012,00:45,3,3,0
31/07/2012,01:00,2,0,2
31/07/2012,01:15,0,0,0
31/07/2012,01:30,0,0,0
31/07/2012,01:45,1,0,1
31/07/2012,02:00,1,0,1
31/07/2012,02:15,1,0,1
31/07/2012,02:30,0,0,0
31/07/2012,02:45,0,0,0
31/07/2012,03:00,0,0,0
31/07/2012,03:15,2,0,2
31/07/2012,03:30,1,1,0
31/07/2012,03:45,1,0,1
31/07/2012,04:00,0,0,0
31/07/2012,04:15,0,0,0
31/07/2012,04:30,1,1,0
31/07/2012,04:45,2,1,1
31/07/2012,05:00,1,0,1
31/07/2012,05:15,1,1,0
31/07/2012,05:30,11,5,6
31/07/2012,05:45,9,5,4
31/07/2012,06:00,14,5,9
31/07/2012,06:15,21,3,18
31/07/2012,06:30,17,9,8
31/07/2012,06:45,29,13,16
31/07/2012,07:00,32,16,16
31/07/2012,07:15,44,14,30
31/07/2012,07:30,35,16,19
31/07/2012,07:45,44,19,25
31/07/2012,08:00,27,17,10
31/07/2012,08:15,33,13,20
31/07/2012,08:30,28,10,18
31/07/2012,08:45,23,13,10
31/07/2012,09:00,29,19,10
31/07/2012,09:15,30,12,18
31/07/2012,09:30,6,4,2
31/07/2012,09:45,9,5,4
31/07/2012,10:00,14,6,8
31/07/2012,10:15,8,7,1
31/07/2012,10:30,20,15,5
31/07/2012,10:45,35,25,10
31/07/2012,11:00,28,22,6
31/07/2012,11:15,21,18,3
31/07/2012,11:30,26,20,6
31/07/2012,11:45,25,20,5
31/07/2012,12:00,7,1,6
31/07/2012,12:15,12,5,7
31/07/2012,12:30,12,8,4
31/07/2012,12:45,16,10,6
31/07/2012,13:00,9,6,3
31/07/2012,13:15,15,12,3
31/07/2012,13:30,13,5,8
31/07/2012,13:45,22,13,9
31/07/2012,14:00,16,13,3
31/07/2012,14:15,13,9,4
31/07/2012,14:30,21,12,9
31/07/2012,14:45,18,13,5
31/07/2012,15:00,15,11,4
31/07/2012,15:15,15,7,8
31/07/2012,15:30,9,4,5
31/07/2012,15:45,13,6,7
31/07/2012,16:00,12,7,5
31/07/2012,16:15,18,13,5
31/07/2012,16:30,18,11,7
31/07/2012,16:45,20,13,7
31/07/2012,17:00,26,20,6
31/07/2012,17:15,35,26,9
31/07/2012,17:30,39,25,14
31/07/2012,17:45,46,22,24
31/07/2012,18:00,38,23,15
31/07/2012,18:15,23,14,9
31/07/2012,18:30,42,29,13
31/07/2012,18:45,37,17,20
31/07/2012,19:00,31,17,14
31/07/2012,19:15,26,13,13
31/07/2012,19:30,24,13,11
31/07/2012,19:45,29,20,9
31/07/2012,20:00,29,18,11
31/07/2012,20:15,15,13,2
31/07/2012,20:30,13,6,7
31/07/2012,20:45,10,3,7
31/07/2012,21:00,8,3,5
31/07/2012,21:15,7,2,5
31/07/2012,21:30,6,0,6
31/07/2012,21:45,3,3,0
31/07/2012,22:00,6,4,2
31/07/2012,22:15,2,2,0
31/07/2012,22:30,1,1,0
31/07/2012,22:45,3,0,3
31/07/2012,23:00,0,0,0
31/07/2012,23:15,5,3,2
31/07/2012,23:30,1,0,1
31/07/2012,23:45,2,2,0
01/08/2012,00:00,0,0,0
01/08/2012,00:15,2,1,1
01/08/2012,00:30,0,0,0
01/08/2012,00:45,2,2,0
01/08/2012,01:00,1,0,1
01/08/2012,01:15,0,0,0
01/08/2012,01:30,0,0,0
01/08/2012,01:45,0,0,0
01/08/2012,02:00,0,0,0
01/08/2012,02:15,0,0,0
01/08/2012,02:30,0,0,0
01/08/2012,02:45,1,1,0
01/08/2012,03:00,0,0,0
01/08/2012,03:15,2,1,1
01/08/2012,03:30,1,1,0
01/08/2012,03:45,0,0,0
01/08/2012,04:00,2,2,0
01/08/2012,04:15,0,0,0
01/08/2012,04:30,0,0,0
01/08/2012,04:45,1,0,1
01/08/2012,05:00,3,1,2
01/08/2012,05:15,2,0,2
01/08/2012,05:30,9,3,6
01/08/2012,05:45,7,3,4
01/08/2012,06:00,17,6,11
01/08/2012,06:15,25,14,11
01/08/2012,06:30,32,8,24
01/08/2012,06:45,18,2,16
01/08/2012,07:00,28,8,20
01/08/2012,07:15,36,14,22
01/08/2012,07:30,30,10,20
01/08/2012,07:45,38,14,24
01/08/2012,08:00,23,8,15
01/08/2012,08:15,23,14,9
01/08/2012,08:30,25,11,14
01/08/2012,08:45,15,6,9
01/08/2012,09:00,29,11,18
01/08/2012,09:15,14,6,8
01/08/2012,09:30,10,5,5
01/08/2012,09:45,19,9,10
01/08/2012,10:00,12,3,9
01/08/2012,10:15,8,4,4
01/08/2012,10:30,12,4,8
01/08/2012,10:45,11,4,7
01/08/2012,11:00,15,6,9
01/08/2012,11:15,19,9,10
01/08/2012,11:30,9,7,2
01/08/2012,11:45,15,9,6
01/08/2012,12:00,15,9,6
01/08/2012,12:15,14,7,7
01/08/2012,12:30,27,19,8
01/08/2012,12:45,23,16,7
01/08/2012,13:00,12,7,5
01/08/2012,13:15,9,6,3
01/08/2012,13:30,7,6,1
01/08/2012,13:45,14,10,4
01/08/2012,14:00,15,9,6
01/08/2012,14:15,24,16,8
01/08/2012,14:30,15,10,5
01/08/2012,14:45,14,4,10
01/08/2012,15:00,6,4,2
01/08/2012,15:15,15,8,7
01/08/2012,15:30,19,9,10
01/08/2012,15:45,16,11,5
01/08/2012,16:00,10,7,3
01/08/2012,16:15,17,9,8
01/08/2012,16:30,31,23,8
01/08/2012,16:45,27,22,5
01/08/2012,17:00,25,19,6
01/08/2012,17:15,31,23,8
01/08/2012,17:30,37,21,16
01/08/2012,17:45,48,35,13
01/08/2012,18:00,34,20,14
01/08/2012,18:15,50,34,16
01/08/2012,18:30,49,32,17
01/08/2012,18:45,29,20,9
01/08/2012,19:00,39,29,10
01/08/2012,19:15,33,25,8
01/08/2012,19:30,25,14,11
01/08/2012,19:45,23,11,12
01/08/2012,20:00,18,16,2
01/08/2012,20:15,10,7,3
01/08/2012,20:30,18,11,7
01/08/2012,20:45,11,2,9
01/08/2012,21:00,6,5,1
01/08/2012,21:15,5,4,1
01/08/2012,21:30,8,4,4
01/08/2012,21:45,3,2,1
01/08/2012,22:00,5,4,1
01/08/2012,22:15,6,6,0
01/08/2012,22:30,5,2,3
01/08/2012,22:45,6,0,6
01/08/2012,23:00,1,0,1
01/08/2012,23:15,3,0,3
01/08/2012,23:30,0,0,0
01/08/2012,23:45,2,2,0
02/08/2012,00:00,1,0,1
02/08/2012,00:15,1,1,0
02/08/2012,00:30,2,0,2
02/08/2012,00:45,0,0,0
02/08/2012,01:00,0,0,0
02/08/2012,01:15,1,1,0
02/08/2012,01:30,1,0,1
02/08/2012,01:45,1,0,1
02/08/2012,02:00,0,0,0
02/08/2012,02:15,0,0,0
02/08/2012,02:30,0,0,0
02/08/2012,02:45,1,0,1
02/08/2012,03:00,0,0,0
02/08/2012,03:15,1,0,1
02/08/2012,03:30,0,0,0
02/08/2012,03:45,2,0,2
02/08/2012,04:00,3,2,1
02/08/2012,04:15,2,1,1
02/08/2012,04:30,2,1,1
02/08/2012,04:45,2,1,1
02/08/2012,05:00,1,1,0
02/08/2012,05:15,6,3,3
02/08/2012,05:30,3,3,0
02/08/2012,05:45,11,7,4
02/08/2012,06:00,14,5,9
02/08/2012,06:15,19,7,12
02/08/2012,06:30,23,14,9
02/08/2012,06:45,37,9,28
02/08/2012,07:00,30,8,22
02/08/2012,07:15,35,15,20
02/08/2012,07:30,28,12,16
02/08/2012,07:45,33,16,17
02/08/2012,08:00,34,16,18
02/08/2012,08:15,31,16,15
02/08/2012,08:30,24,17,7
02/08/2012,08:45,34,22,12
02/08/2012,09:00,15,10,5
02/08/2012,09:15,17,9,8
02/08/2012,09:30,14,9,5
02/08/2012,09:45,14,8,6
02/08/2012,10:00,19,18,1
02/08/2012,10:15,23,16,7
02/08/2012,10:30,21,10,11
02/08/2012,10:45,17,13,4
02/08/2012,11:00,33,27,6
02/08/2012,11:15,22,11,11
02/08/2012,11:30,29,24,5
02/08/2012,11:45,20,18,2
02/08/2012,12:00,26,23,3
02/08/2012,12:15,17,12,5
02/08/2012,12:30,12,12,0
02/08/2012,12:45,20,19,1
02/08/2012,13:00,19,16,3
02/08/2012,13:15,18,11,7
02/08/2012,13:30,23,14,9
02/08/2012,13:45,11,7,4
02/08/2012,14:00,12,6,6
02/08/2012,14:15,18,12,6
02/08/2012,14:30,18,13,5
02/08/2012,14:45,11,5,6
02/08/2012,15:00,11,7,4
02/08/2012,15:15,11,10,1
02/08/2012,15:30,17,11,6
02/08/2012,15:45,25,22,3
02/08/2012,16:00,37,30,7
02/08/2012,16:15,22,18,4
02/08/2012,16:30,20,16,4
02/08/2012,16:45,21,13,8
02/08/2012,17:00,19,14,5
02/08/2012,17:15,27,18,9
02/08/2012,17:30,27,21,6
02/08/2012,17:45,33,24,9
02/08/2012,18:00,40,26,14
02/08/2012,18:15,35,25,10
02/08/2012,18:30,41,30,11
02/08/2012,18:45,33,24,9
02/08/2012,19:00,36,24,12
02/08/2012,19:15,36,25,11
02/08/2012,19:30,29,21,8
02/08/2012,19:45,33,25,8
02/08/2012,20:00,21,15,6
02/08/2012,20:15,16,13,3
02/08/2012,20:30,17,14,3
02/08/2012,20:45,7,6,1
02/08/2012,21:00,11,10,1
02/08/2012,21:15,6,5,1
02/08/2012,21:30,1,0,1
02/08/2012,21:45,4,4,0
02/08/2012,22:00,3,3,0
02/08/2012,22:15,2,2,0
02/08/2012,22:30,4,2,2
02/08/2012,22:45,3,2,1
02/08/2012,23:00,2,2,0
02/08/2012,23:15,1,0,1
02/08/2012,23:30,2,2,0
02/08/2012,23:45,1,1,0
03/08/2012,00:00,0,0,0
03/08/2012,00:15,5,2,3
03/08/2012,00:30,1,0,1
03/08/2012,00:45,2,1,1
03/08/2012,01:00,2,0,2
03/08/2012,01:15,0,0,0
03/08/2012,01:30,0,0,0
03/08/2012,01:45,0,0,0
03/08/2012,02:00,1,0,1
03/08/2012,02:15,0,0,0
03/08/2012,02:30,1,1,0
03/08/2012,02:45,0,0,0
03/08/2012,03:00,0,0,0
03/08/2012,03:15,1,0,1
03/08/2012,03:30,0,0,0
03/08/2012,03:45,0,0,0
03/08/2012,04:00,0,0,0
03/08/2012,04:15,2,1,1
03/08/2012,04:30,0,0,0
03/08/2012,04:45,4,1,3
03/08/2012,05:00,3,2,1
03/08/2012,05:15,5,4,1
03/08/2012,05:30,8,2,6
03/08/2012,05:45,10,4,6
03/08/2012,06:00,7,2,5
03/08/2012,06:15,9,4,5
03/08/2012,06:30,23,10,13
03/08/2012,06:45,21,9,12
03/08/2012,07:00,30,14,16
03/08/2012,07:15,52,24,28
03/08/2012,07:30,34,14,20
03/08/2012,07:45,33,10,23
03/08/2012,08:00,35,14,21
03/08/2012,08:15,20,10,10
03/08/2012,08:30,30,16,14
03/08/2012,08:45,22,11,11
03/08/2012,09:00,21,11,10
03/08/2012,09:15,16,9,7
03/08/2012,09:30,15,9,6
03/08/2012,09:45,20,15,5
03/08/2012,10:00,11,7,4
03/08/2012,10:15,19,9,10
03/08/2012,10:30,17,10,7
03/08/2012,10:45,22,18,4
03/08/2012,11:00,26,22,4
03/08/2012,11:15,27,20,7
03/08/2012,11:30,25,20,5
03/08/2012,11:45,32,26,6
03/08/2012,12:00,24,17,7
03/08/2012,12:15,35,32,3
03/08/2012,12:30,21,20,1
03/08/2012,12:45,27,23,4
03/08/2012,13:00,17,13,4
03/08/2012,13:15,18,11,7
03/08/2012,13:30,15,12,3
03/08/2012,13:45,19,11,8
03/08/2012,14:00,18,12,6
03/08/2012,14:15,11,8,3
03/08/2012,14:30,16,12,4
03/08/2012,14:45,13,8,5
03/08/2012,15:00,10,4,6
03/08/2012,15:15,8,7,1
03/08/2012,15:30,15,9,6
03/08/2012,15:45,10,9,1
03/08/2012,16:00,12,8,4
03/08/2012,16:15,19,13,6
03/08/2012,16:30,31,22,9
03/08/2012,16:45,15,11,4
03/08/2012,17:00,24,17,7
03/08/2012,17:15,27,18,9
03/08/2012,17:30,29,23,6
03/08/2012,17:45,34,25,9
03/08/2012,18:00,14,14,0
03/08/2012,18:15,27,25,2
03/08/2012,18:30,20,18,2
03/08/2012,18:45,18,18,0
03/08/2012,19:00,7,6,1
03/08/2012,19:15,28,24,4
03/08/2012,19:30,13,12,1
03/08/2012,19:45,14,11,3
03/08/2012,20:00,10,9,1
03/08/2012,20:15,14,12,2
03/08/2012,20:30,9,9,0
03/08/2012,20:45,8,7,1
03/08/2012,21:00,5,3,2
03/08/2012,21:15,6,4,2
03/08/2012,21:30,1,0,1
03/08/2012,21:45,5,4,1
03/08/2012,22:00,4,1,3
03/08/2012,22:15,2,2,0
03/08/2012,22:30,8,3,5
03/08/2012,22:45,5,1,4
03/08/2012,23:00,4,4,0
03/08/2012,23:15,0,0,0
03/08/2012,23:30,3,2,1
03/08/2012,23:45,2,2,0
04/08/2012,00:00,3,2,1
04/08/2012,00:15,0,0,0
04/08/2012,00:30,1,0,1
04/08/2012,00:45,4,2,2
04/08/2012,01:00,2,1,1
04/08/2012,01:15,0,0,0
04/08/2012,01:30,1,0,1
04/08/2012,01:45,0,0,0
04/08/2012,02:00,0,0,0
04/08/2012,02:15,0,0,0
04/08/2012,02:30,0,0,0
04/08/2012,02:45,0,0,0
04/08/2012,03:00,2,2,0
04/08/2012,03:15,2,1,1
04/08/2012,03:30,0,0,0
04/08/2012,03:45,0,0,0
04/08/2012,04:00,0,0,0
04/08/2012,04:15,2,1,1
04/08/2012,04:30,1,1,0
04/08/2012,04:45,1,0,1
04/08/2012,05:00,0,0,0
04/08/2012,05:15,0,0,0
04/08/2012,05:30,0,0,0
04/08/2012,05:45,5,4,1
04/08/2012,06:00,3,2,1
04/08/2012,06:15,9,4,5
04/08/2012,06:30,9,6,3
04/08/2012,06:45,12,7,5
04/08/2012,07:00,19,14,5
04/08/2012,07:15,39,20,19
04/08/2012,07:30,33,19,14
04/08/2012,07:45,36,24,12
04/08/2012,08:00,44,23,21
04/08/2012,08:15,38,22,16
04/08/2012,08:30,33,19,14
04/08/2012,08:45,38,21,17
04/08/2012,09:00,41,27,14
04/08/2012,09:15,51,26,25
04/08/2012,09:30,36,21,15
04/08/2012,09:45,50,31,19
04/08/2012,10:00,44,25,19
04/08/2012,10:15,51,35,16
04/08/2012,10:30,51,35,16
04/08/2012,10:45,51,28,23
04/08/2012,11:00,75,61,14
04/08/2012,11:15,36,28,8
04/08/2012,11:30,53,32,21
04/08/2012,11:45,55,39,16
04/08/2012,12:00,35,31,4
04/08/2012,12:15,46,35,11
04/08/2012,12:30,36,27,9
04/08/2012,12:45,24,18,6
04/08/2012,13:00,27,18,9
04/08/2012,13:15,42,33,9
04/08/2012,13:30,38,35,3
04/08/2012,13:45,43,35,8
04/08/2012,14:00,50,38,12
04/08/2012,14:15,25,16,9
04/08/2012,14:30,20,14,6
04/08/2012,14:45,20,17,3
04/08/2012,15:00,25,19,6
04/08/2012,15:15,21,17,4
04/08/2012,15:30,17,13,4
04/08/2012,15:45,18,13,5
04/08/2012,16:00,31,24,7
04/08/2012,16:15,14,11,3
04/08/2012,16:30,27,23,4
04/08/2012,16:45,31,26,5
04/08/2012,17:00,22,9,13
04/08/2012,17:15,10,7,3
04/08/2012,17:30,19,14,5
04/08/2012,17:45,13,9,4
04/08/2012,18:00,24,17,7
04/08/2012,18:15,19,14,5
04/08/2012,18:30,10,9,1
04/08/2012,18:45,19,14,5
04/08/2012,19:00,8,5,3
04/08/2012,19:15,14,9,5
04/08/2012,19:30,8,6,2
04/08/2012,19:45,12,10,2
04/08/2012,20:00,6,6,0
04/08/2012,20:15,10,10,0
04/08/2012,20:30,5,4,1
04/08/2012,20:45,5,4,1
04/08/2012,21:00,2,2,0
04/08/2012,21:15,0,0,0
04/08/2012,21:30,1,1,0
04/08/2012,21:45,7,7,0
04/08/2012,22:00,3,2,1
04/08/2012,22:15,2,2,0
04/08/2012,22:30,3,1,2
04/08/2012,22:45,2,1,1
04/08/2012,23:00,7,7,0
04/08/2012,23:15,1,1,0
04/08/2012,23:30,0,0,0
04/08/2012,23:45,6,5,1
05/08/2012,00:00,5,3,2
05/08/2012,00:15,2,0,2
05/08/2012,00:30,1,0,1
05/08/2012,00:45,0,0,0
05/08/2012,01:00,1,1,0
05/08/2012,01:15,0,0,0
05/08/2012,01:30,0,0,0
05/08/2012,01:45,1,1,0
05/08/2012,02:00,0,0,0
05/08/2012,02:15,1,0,1
05/08/2012,02:30,1,1,0
05/08/2012,02:45,0,0,0
05/08/2012,03:00,1,1,0
05/08/2012,03:15,0,0,0
05/08/2012,03:30,0,0,0
05/08/2012,03:45,1,0,1
05/08/2012,04:00,0,0,0
05/08/2012,04:15,0,0,0
05/08/2012,04:30,0,0,0
05/08/2012,04:45,1,1,0
05/08/2012,05:00,1,0,1
05/08/2012,05:15,0,0,0
05/08/2012,05:30,1,1,0
05/08/2012,05:45,5,3,2
05/08/2012,06:00,0,0,0
05/08/2012,06:15,2,1,1
05/08/2012,06:30,9,6,3
05/08/2012,06:45,7,4,3
05/08/2012,07:00,10,6,4
05/08/2012,07:15,16,11,5
05/08/2012,07:30,18,10,8
05/08/2012,07:45,17,10,7
05/08/2012,08:00,28,16,12
05/08/2012,08:15,28,12,16
05/08/2012,08:30,35,15,20
05/08/2012,08:45,38,25,13
05/08/2012,09:00,43,21,22
05/08/2012,09:15,43,24,19
05/08/2012,09:30,50,26,24
05/08/2012,09:45,54,31,23
05/08/2012,10:00,37,26,11
05/08/2012,10:15,52,32,20
05/08/2012,10:30,39,24,15
05/08/2012,10:45,52,35,17
05/08/2012,11:00,41,25,16
05/08/2012,11:15,44,27,17
05/08/2012,11:30,49,39,10
05/08/2012,11:45,72,48,24
05/08/2012,12:00,36,22,14
05/08/2012,12:15,41,36,5
05/08/2012,12:30,31,22,9
05/08/2012,12:45,41,32,9
05/08/2012,13:00,36,28,8
05/08/2012,13:15,63,52,11
05/08/2012,13:30,43,32,11
05/08/2012,13:45,35,25,10
05/08/2012,14:00,39,26,13
05/08/2012,14:15,21,14,7
05/08/2012,14:30,18,17,1
05/08/2012,14:45,27,17,10
05/08/2012,15:00,36,27,9
05/08/2012,15:15,30,24,6
05/08/2012,15:30,21,16,5
05/08/2012,15:45,21,17,4
05/08/2012,16:00,26,17,9
05/08/2012,16:15,23,12,11
05/08/2012,16:30,13,10,3
05/08/2012,16:45,15,14,1
05/08/2012,17:00,9,9,0
05/08/2012,17:15,8,8,0
05/08/2012,17:30,17,11,6
05/08/2012,17:45,11,9,2
05/08/2012,18:00,7,2,5
05/08/2012,18:15,9,5,4
05/08/2012,18:30,4,2,2
05/08/2012,18:45,5,4,1
05/08/2012,19:00,7,6,1
05/08/2012,19:15,9,1,8
05/08/2012,19:30,8,4,4
05/08/2012,19:45,10,6,4
05/08/2012,20:00,5,1,4
05/08/2012,20:15,14,9,5
05/08/2012,20:30,3,2,1
05/08/2012,20:45,2,1,1
05/08/2012,21:00,4,3,1
05/08/2012,21:15,3,1,2
05/08/2012,21:30,2,2,0
05/08/2012,21:45,1,1,0
05/08/2012,22:00,1,0,1
05/08/2012,22:15,3,1,2
05/08/2012,22:30,2,1,1
05/08/2012,22:45,1,1,0
05/08/2012,23:00,1,0,1
05/08/2012,23:15,2,1,1
05/08/2012,23:30,0,0,0
05/08/2012,23:45,2,2,0
06/08/2012,00:00,5,1,4
06/08/2012,00:15,0,0,0
06/08/2012,00:30,2,0,2
06/08/2012,00:45,1,0,1
06/08/2012,01:00,0,0,0
06/08/2012,01:15,2,1,1
06/08/2012,01:30,2,1,1
06/08/2012,01:45,1,1,0
06/08/2012,02:00,2,2,0
06/08/2012,02:15,0,0,0
06/08/2012,02:30,0,0,0
06/08/2012,02:45,1,0,1
06/08/2012,03:00,0,0,0
06/08/2012,03:15,0,0,0
06/08/2012,03:30,0,0,0
06/08/2012,03:45,0,0,0
06/08/2012,04:00,1,0,1
06/08/2012,04:15,1,1,0
06/08/2012,04:30,0,0,0
06/08/2012,04:45,0,0,0
06/08/2012,05:00,4,2,2
06/08/2012,05:15,3,2,1
06/08/2012,05:30,4,2,2
06/08/2012,05:45,11,5,6
06/08/2012,06:00,11,9,2
06/08/2012,06:15,10,5,5
06/08/2012,06:30,22,12,10
06/08/2012,06:45,26,14,12
06/08/2012,07:00,22,9,13
06/08/2012,07:15,27,11,16
06/08/2012,07:30,27,14,13
06/08/2012,07:45,27,15,12
06/08/2012,08:00,27,16,11
06/08/2012,08:15,15,7,8
06/08/2012,08:30,24,13,11
06/08/2012,08:45,12,4,8
06/08/2012,09:00,13,8,5
06/08/2012,09:15,7,5,2
06/08/2012,09:30,6,4,2
06/08/2012,09:45,6,5,1
06/08/2012,10:00,9,1,8
06/08/2012,10:15,11,4,7
06/08/2012,10:30,6,2,4
06/08/2012,10:45,4,1,3
06/08/2012,11:00,13,5,8
06/08/2012,11:15,8,3,5
06/08/2012,11:30,8,2,6
06/08/2012,11:45,5,4,1
06/08/2012,12:00,5,2,3
06/08/2012,12:15,7,6,1
06/08/2012,12:30,13,9,4
06/08/2012,12:45,9,3,6
06/08/2012,13:00,11,9,2
06/08/2012,13:15,5,2,3
06/08/2012,13:30,12,4,8
06/08/2012,13:45,11,8,3
06/08/2012,14:00,8,4,4
06/08/2012,14:15,9,5,4
06/08/2012,14:30,12,5,7
06/08/2012,14:45,22,9,13
06/08/2012,15:00,19,14,5
06/08/2012,15:15,9,5,4
06/08/2012,15:30,10,6,4
06/08/2012,15:45,16,10,6
06/08/2012,16:00,10,6,4
06/08/2012,16:15,16,9,7
06/08/2012,16:30,16,10,6
06/08/2012,16:45,24,18,6
06/08/2012,17:00,29,20,9
06/08/2012,17:15,25,22,3
06/08/2012,17:30,20,13,7
06/08/2012,17:45,39,31,8
06/08/2012,18:00,35,32,3
06/08/2012,18:15,44,31,13
06/08/2012,18:30,40,32,8
06/08/2012,18:45,37,33,4
06/08/2012,19:00,33,29,4
06/08/2012,19:15,29,23,6
06/08/2012,19:30,73,49,24
06/08/2012,19:45,40,33,7
06/08/2012,20:00,20,18,2
06/08/2012,20:15,28,17,11
06/08/2012,20:30,14,10,4
06/08/2012,20:45,11,7,4
06/08/2012,21:00,10,6,4
06/08/2012,21:15,9,5,4
06/08/2012,21:30,10,5,5
06/08/2012,21:45,3,1,2
06/08/2012,22:00,1,1,0
06/08/2012,22:15,1,1,0
06/08/2012,22:30,0,0,0
06/08/2012,22:45,1,1,0
06/08/2012,23:00,0,0,0
06/08/2012,23:15,2,1,1
06/08/2012,23:30,0,0,0
06/08/2012,23:45,0,0,0
07/08/2012,00:00,2,1,1
07/08/2012,00:15,0,0,0
07/08/2012,00:30,0,0,0
07/08/2012,00:45,0,0,0
07/08/2012,01:00,0,0,0
07/08/2012,01:15,0,0,0
07/08/2012,01:30,0,0,0
07/08/2012,01:45,1,0,1
07/08/2012,02:00,0,0,0
07/08/2012,02:15,1,1,0
07/08/2012,02:30,0,0,0
07/08/2012,02:45,3,0,3
07/08/2012,03:00,1,1,0
07/08/2012,03:15,3,0,3
07/08/2012,03:30,0,0,0
07/08/2012,03:45,0,0,0
07/08/2012,04:00,2,2,0
07/08/2012,04:15,5,4,1
07/08/2012,04:30,0,0,0
07/08/2012,04:45,3,2,1
07/08/2012,05:00,1,1,0
07/08/2012,05:15,7,3,4
07/08/2012,05:30,10,8,2
07/08/2012,05:45,11,5,6
07/08/2012,06:00,17,6,11
07/08/2012,06:15,19,11,8
07/08/2012,06:30,34,21,13
07/08/2012,06:45,39,14,25
07/08/2012,07:00,33,18,15
07/08/2012,07:15,39,13,26
07/08/2012,07:30,32,19,13
07/08/2012,07:45,33,19,14
07/08/2012,08:00,29,17,12
07/08/2012,08:15,35,17,18
07/08/2012,08:30,28,12,16
07/08/2012,08:45,29,14,15
07/08/2012,09:00,18,5,13
07/08/2012,09:15,10,7,3
07/08/2012,09:30,16,9,7
07/08/2012,09:45,11,2,9
07/08/2012,10:00,11,1,10
07/08/2012,10:15,16,6,10
07/08/2012,10:30,21,8,13
07/08/2012,10:45,15,6,9
07/08/2012,11:00,17,10,7
07/08/2012,11:15,13,4,9
07/08/2012,11:30,7,3,4
07/08/2012,11:45,14,8,6
07/08/2012,12:00,9,6,3
07/08/2012,12:15,9,4,5
07/08/2012,12:30,12,5,7
07/08/2012,12:45,13,7,6
07/08/2012,13:00,8,5,3
07/08/2012,13:15,12,10,2
07/08/2012,13:30,10,5,5
07/08/2012,13:45,9,5,4
07/08/2012,14:00,9,2,7
07/08/2012,14:15,11,4,7
07/08/2012,14:30,11,9,2
07/08/2012,14:45,16,7,9
07/08/2012,15:00,14,5,9
07/08/2012,15:15,11,9,2
07/08/2012,15:30,10,3,7
07/08/2012,15:45,17,12,5
07/08/2012,16:00,23,13,10
07/08/2012,16:15,20,12,8
07/08/2012,16:30,22,16,6
07/08/2012,16:45,29,18,11
07/08/2012,17:00,28,19,9
07/08/2012,17:15,35,27,8
07/08/2012,17:30,34,24,10
07/08/2012,17:45,38,28,10
07/08/2012,18:00,38,27,11
07/08/2012,18:15,42,30,12
07/08/2012,18:30,51,33,18
07/08/2012,18:45,31,22,9
07/08/2012,19:00,21,18,3
07/08/2012,19:15,29,20,9
07/08/2012,19:30,26,19,7
07/08/2012,19:45,36,23,13
07/08/2012,20:00,24,20,4
07/08/2012,20:15,20,12,8
07/08/2012,20:30,15,10,5
07/08/2012,20:45,13,9,4
07/08/2012,21:00,6,3,3
07/08/2012,21:15,6,2,4
07/08/2012,21:30,5,3,2
07/08/2012,21:45,3,2,1
07/08/2012,22:00,3,2,1
07/08/2012,22:15,6,2,4
07/08/2012,22:30,8,3,5
07/08/2012,22:45,2,0,2
07/08/2012,23:00,3,1,2
07/08/2012,23:15,5,1,4
07/08/2012,23:30,2,1,1
07/08/2012,23:45,0,0,0
08/08/2012,00:00,5,3,2
08/08/2012,00:15,0,0,0
08/08/2012,00:30,0,0,0
08/08/2012,00:45,2,2,0
08/08/2012,01:00,1,0,1
08/08/2012,01:15,0,0,0
08/08/2012,01:30,1,1,0
08/08/2012,01:45,0,0,0
08/08/2012,02:00,0,0,0
08/08/2012,02:15,1,0,1
08/08/2012,02:30,0,0,0
08/08/2012,02:45,0,0,0
08/08/2012,03:00,0,0,0
08/08/2012,03:15,1,0,1
08/08/2012,03:30,0,0,0
08/08/2012,03:45,0,0,0
08/08/2012,04:00,2,1,1
08/08/2012,04:15,3,3,0
08/08/2012,04:30,0,0,0
08/08/2012,04:45,2,1,1
08/08/2012,05:00,1,1,0
08/08/2012,05:15,4,3,1
08/08/2012,05:30,5,2,3
08/08/2012,05:45,8,3,5
08/08/2012,06:00,13,6,7
08/08/2012,06:15,25,10,15
08/08/2012,06:30,29,14,15
08/08/2012,06:45,21,10,11
08/08/2012,07:00,21,11,10
08/08/2012,07:15,41,16,25
08/08/2012,07:30,41,23,18
08/08/2012,07:45,37,19,18
08/08/2012,08:00,24,15,9
08/08/2012,08:15,26,14,12
08/08/2012,08:30,20,15,5
08/08/2012,08:45,26,15,11
08/08/2012,09:00,20,7,13
08/08/2012,09:15,21,10,11
08/08/2012,09:30,15,7,8
08/08/2012,09:45,7,2,5
08/08/2012,10:00,9,5,4
08/08/2012,10:15,10,4,6
08/08/2012,10:30,13,8,5
08/08/2012,10:45,5,1,4
08/08/2012,11:00,10,6,4
08/08/2012,11:15,13,9,4
08/08/2012,11:30,15,12,3
08/08/2012,11:45,8,6,2
08/08/2012,12:00,9,3,6
08/08/2012,12:15,8,4,4
08/08/2012,12:30,6,4,2
08/08/2012,12:45,4,1,3
08/08/2012,13:00,7,4,3
08/08/2012,13:15,8,3,5
08/08/2012,13:30,12,8,4
08/08/2012,13:45,7,3,4
08/08/2012,14:00,10,6,4
08/08/2012,14:15,10,5,5
08/08/2012,14:30,6,4,2
08/08/2012,14:45,9,3,6
08/08/2012,15:00,10,3,7
08/08/2012,15:15,14,6,8
08/08/2012,15:30,11,5,6
08/08/2012,15:45,20,15,5
08/08/2012,16:00,16,10,6
08/08/2012,16:15,9,5,4
08/08/2012,16:30,25,18,7
08/08/2012,16:45,23,15,8
08/08/2012,17:00,34,24,10
08/08/2012,17:15,31,22,9
08/08/2012,17:30,42,30,12
08/08/2012,17:45,29,18,11
08/08/2012,18:00,35,24,11
08/08/2012,18:15,34,28,6
08/08/2012,18:30,40,25,15
08/08/2012,18:45,40,28,12
08/08/2012,19:00,34,21,13
08/08/2012,19:15,38,25,13
08/08/2012,19:30,36,25,11
08/08/2012,19:45,27,14,13
08/08/2012,20:00,31,24,7
08/08/2012,20:15,20,13,7
08/08/2012,20:30,18,8,10
08/08/2012,20:45,10,5,5
08/08/2012,21:00,8,1,7
08/08/2012,21:15,3,3,0
08/08/2012,21:30,4,4,0
08/08/2012,21:45,8,6,2
08/08/2012,22:00,3,3,0
08/08/2012,22:15,3,2,1
08/08/2012,22:30,5,0,5
08/08/2012,22:45,1,0,1
08/08/2012,23:00,4,2,2
08/08/2012,23:15,3,0,3
08/08/2012,23:30,3,1,2
08/08/2012,23:45,2,0,2
09/08/2012,00:00,1,1,0
09/08/2012,00:15,1,0,1
09/08/2012,00:30,2,2,0
09/08/2012,00:45,2,0,2
09/08/2012,01:00,0,0,0
09/08/2012,01:15,0,0,0
09/08/2012,01:30,1,0,1
09/08/2012,01:45,0,0,0
09/08/2012,02:00,0,0,0
09/08/2012,02:15,1,1,0
09/08/2012,02:30,0,0,0
09/08/2012,02:45,0,0,0
09/08/2012,03:00,0,0,0
09/08/2012,03:15,1,0,1
09/08/2012,03:30,1,1,0
09/08/2012,03:45,0,0,0
09/08/2012,04:00,1,1,0
09/08/2012,04:15,0,0,0
09/08/2012,04:30,6,4,2
09/08/2012,04:45,0,0,0
09/08/2012,05:00,1,0,1
09/08/2012,05:15,2,2,0
09/08/2012,05:30,7,4,3
09/08/2012,05:45,14,3,11
09/08/2012,06:00,15,7,8
09/08/2012,06:15,28,9,19
09/08/2012,06:30,25,12,13
09/08/2012,06:45,27,13,14
09/08/2012,07:00,27,11,16
09/08/2012,07:15,38,17,21
09/08/2012,07:30,23,7,16
09/08/2012,07:45,28,12,16
09/08/2012,08:00,37,12,25
09/08/2012,08:15,27,11,16
09/08/2012,08:30,29,17,12
09/08/2012,08:45,22,9,13
09/08/2012,09:00,15,8,7
09/08/2012,09:15,19,6,13
09/08/2012,09:30,16,8,8
09/08/2012,09:45,10,5,5
09/08/2012,10:00,21,15,6
09/08/2012,10:15,13,9,4
09/08/2012,10:30,18,5,13
09/08/2012,10:45,11,11,0
09/08/2012,11:00,24,19,5
09/08/2012,11:15,26,18,8
09/08/2012,11:30,18,15,3
09/08/2012,11:45,16,12,4
09/08/2012,12:00,17,17,0
09/08/2012,12:15,16,13,3
09/08/2012,12:30,19,14,5
09/08/2012,12:45,10,9,1
09/08/2012,13:00,13,9,4
09/08/2012,13:15,13,9,4
09/08/2012,13:30,17,13,4
09/08/2012,13:45,15,13,2
09/08/2012,14:00,11,8,3
09/08/2012,14:15,13,9,4
09/08/2012,14:30,10,6,4
09/08/2012,14:45,6,5,1
09/08/2012,15:00,11,9,2
09/08/2012,15:15,17,10,7
09/08/2012,15:30,16,9,7
09/08/2012,15:45,13,11,2
09/08/2012,16:00,18,7,11
09/08/2012,16:15,14,13,1
09/08/2012,16:30,25,20,5
09/08/2012,16:45,24,19,5
09/08/2012,17:00,28,22,6
09/08/2012,17:15,28,24,4
09/08/2012,17:30,36,30,6
09/08/2012,17:45,34,26,8
09/08/2012,18:00,36,29,7
09/08/2012,18:15,31,28,3
09/08/2012,18:30,39,31,8
09/08/2012,18:45,40,32,8
09/08/2012,19:00,19,17,2
09/08/2012,19:15,21,18,3
09/08/2012,19:30,24,22,2
09/08/2012,19:45,13,13,0
09/08/2012,20:00,15,14,1
09/08/2012,20:15,16,13,3
09/08/2012,20:30,13,12,1
09/08/2012,20:45,9,8,1
09/08/2012,21:00,7,5,2
09/08/2012,21:15,2,0,2
09/08/2012,21:30,3,2,1
09/08/2012,21:45,4,1,3
09/08/2012,22:00,3,2,1
09/08/2012,22:15,3,1,2
09/08/2012,22:30,1,1,0
09/08/2012,22:45,0,0,0
09/08/2012,23:00,0,0,0
09/08/2012,23:15,5,3,2
09/08/2012,23:30,1,0,1
09/08/2012,23:45,3,0,3
10/08/2012,00:00,0,0,0
10/08/2012,00:15,1,1,0
10/08/2012,00:30,1,0,1
10/08/2012,00:45,3,1,2
10/08/2012,01:00,0,0,0
10/08/2012,01:15,0,0,0
10/08/2012,01:30,0,0,0
10/08/2012,01:45,1,1,0
10/08/2012,02:00,0,0,0
10/08/2012,02:15,0,0,0
10/08/2012,02:30,0,0,0
10/08/2012,02:45,0,0,0
10/08/2012,03:00,0,0,0
10/08/2012,03:15,1,0,1
10/08/2012,03:30,2,1,1
10/08/2012,03:45,1,1,0
10/08/2012,04:00,1,1,0
10/08/2012,04:15,2,2,0
10/08/2012,04:30,1,1,0
10/08/2012,04:45,3,1,2
10/08/2012,05:00,3,1,2
10/08/2012,05:15,9,7,2
10/08/2012,05:30,6,5,1
10/08/2012,05:45,2,1,1
10/08/2012,06:00,8,6,2
10/08/2012,06:15,6,4,2
10/08/2012,06:30,7,2,5
10/08/2012,06:45,7,5,2
10/08/2012,07:00,16,8,8
10/08/2012,07:15,19,9,10
10/08/2012,07:30,15,4,11
10/08/2012,07:45,10,6,4
10/08/2012,08:00,12,4,8
10/08/2012,08:15,4,2,2
10/08/2012,08:30,5,3,2
10/08/2012,08:45,4,2,2
10/08/2012,09:00,5,2,3
10/08/2012,09:15,5,2,3
10/08/2012,09:30,10,6,4
10/08/2012,09:45,5,0,5
10/08/2012,10:00,5,1,4
10/08/2012,10:15,15,6,9
10/08/2012,10:30,6,3,3
10/08/2012,10:45,10,6,4
10/08/2012,11:00,3,0,3
10/08/2012,11:15,10,4,6
10/08/2012,11:30,4,1,3
10/08/2012,11:45,6,2,4
10/08/2012,12:00,6,3,3
10/08/2012,12:15,6,5,1
10/08/2012,12:30,7,1,6
10/08/2012,12:45,4,1,3
10/08/2012,13:00,6,3,3
10/08/2012,13:15,6,2,4
10/08/2012,13:30,3,0,3
10/08/2012,13:45,4,2,2
10/08/2012,14:00,6,2,4
10/08/2012,14:15,10,2,8
10/08/2012,14:30,12,6,6
10/08/2012,14:45,8,2,6
10/08/2012,15:00,6,3,3
10/08/2012,15:15,11,5,6
10/08/2012,15:30,19,11,8
10/08/2012,15:45,10,2,8
10/08/2012,16:00,18,9,9
10/08/2012,16:15,18,8,10
10/08/2012,16:30,15,10,5
10/08/2012,16:45,19,10,9
10/08/2012,17:00,23,12,11
10/08/2012,17:15,15,5,10
10/08/2012,17:30,24,10,14
10/08/2012,17:45,14,6,8
10/08/2012,18:00,19,9,10
10/08/2012,18:15,17,7,10
10/08/2012,18:30,18,9,9
10/08/2012,18:45,16,13,3
10/08/2012,19:00,25,14,11
10/08/2012,19:15,15,8,7
10/08/2012,19:30,17,10,7
10/08/2012,19:45,14,10,4
10/08/2012,20:00,13,8,5
10/08/2012,20:15,11,7,4
10/08/2012,20:30,6,1,5
10/08/2012,20:45,5,3,2
10/08/2012,21:00,2,1,1
10/08/2012,21:15,2,0,2
10/08/2012,21:30,8,5,3
10/08/2012,21:45,2,1,1
10/08/2012,22:00,3,0,3
10/08/2012,22:15,1,0,1
10/08/2012,22:30,5,3,2
10/08/2012,22:45,1,0,1
10/08/2012,23:00,0,0,0
10/08/2012,23:15,2,0,2
10/08/2012,23:30,0,0,0
10/08/2012,23:45,2,1,1
11/08/2012,00:00,1,0,1
11/08/2012,00:15,0,0,0
11/08/2012,00:30,0,0,0
11/08/2012,00:45,2,1,1
11/08/2012,01:00,0,0,0
11/08/2012,01:15,1,0,1
11/08/2012,01:30,0,0,0
11/08/2012,01:45,2,1,1
11/08/2012,02:00,0,0,0
11/08/2012,02:15,0,0,0
11/08/2012,02:30,0,0,0
11/08/2012,02:45,0,0,0
11/08/2012,03:00,1,1,0
11/08/2012,03:15,1,1,0
11/08/2012,03:30,0,0,0
11/08/2012,03:45,0,0,0
11/08/2012,04:00,0,0,0
11/08/2012,04:15,0,0,0
11/08/2012,04:30,0,0,0
11/08/2012,04:45,0,0,0
11/08/2012,05:00,3,2,1
11/08/2012,05:15,4,2,2
11/08/2012,05:30,2,2,0
11/08/2012,05:45,3,3,0
11/08/2012,06:00,2,1,1
11/08/2012,06:15,9,5,4
11/08/2012,06:30,11,6,5
11/08/2012,06:45,15,4,11
11/08/2012,07:00,18,10,8
11/08/2012,07:15,16,8,8
11/08/2012,07:30,19,6,13
11/08/2012,07:45,32,12,20
11/08/2012,08:00,51,18,33
11/08/2012,08:15,48,6,42
11/08/2012,08:30,40,22,18
11/08/2012,08:45,26,10,16
11/08/2012,09:00,35,14,21
11/08/2012,09:15,47,17,30
11/08/2012,09:30,42,17,25
11/08/2012,09:45,35,17,18
11/08/2012,10:00,41,18,23
11/08/2012,10:15,79,44,35
11/08/2012,10:30,91,53,38
11/08/2012,10:45,51,21,30
11/08/2012,11:00,51,26,25
11/08/2012,11:15,48,23,25
11/08/2012,11:30,47,26,21
11/08/2012,11:45,42,23,19
11/08/2012,12:00,29,15,14
11/08/2012,12:15,32,15,17
11/08/2012,12:30,29,19,10
11/08/2012,12:45,30,11,19
11/08/2012,13:00,43,21,22
11/08/2012,13:15,46,25,21
11/08/2012,13:30,46,34,12
11/08/2012,13:45,35,19,16
11/08/2012,14:00,43,29,14
11/08/2012,14:15,20,14,6
11/08/2012,14:30,29,17,12
11/08/2012,14:45,28,14,14
11/08/2012,15:00,30,14,16
11/08/2012,15:15,47,21,26
11/08/2012,15:30,32,16,16
11/08/2012,15:45,32,16,16
11/08/2012,16:00,28,16,12
11/08/2012,16:15,30,10,20
11/08/2012,16:30,17,12,5
11/08/2012,16:45,30,20,10
11/08/2012,17:00,40,22,18
11/08/2012,17:15,26,11,15
11/08/2012,17:30,24,14,10
11/08/2012,17:45,17,10,7
11/08/2012,18:00,19,14,5
11/08/2012,18:15,15,10,5
11/08/2012,18:30,16,10,6
11/08/2012,18:45,17,9,8
11/08/2012,19:00,14,10,4
11/08/2012,19:15,12,2,10
11/08/2012,19:30,11,3,8
11/08/2012,19:45,14,3,11
11/08/2012,20:00,3,2,1
11/08/2012,20:15,9,6,3
11/08/2012,20:30,8,3,5
11/08/2012,20:45,2,1,1
11/08/2012,21:00,4,2,2
11/08/2012,21:15,3,2,1
11/08/2012,21:30,7,4,3
11/08/2012,21:45,1,0,1
11/08/2012,22:00,2,1,1
11/08/2012,22:15,1,0,1
11/08/2012,22:30,0,0,0
11/08/2012,22:45,0,0,0
11/08/2012,23:00,2,1,1
11/08/2012,23:15,0,0,0
11/08/2012,23:30,0,0,0
11/08/2012,23:45,3,1,2
12/08/2012,00:00,1,0,1
12/08/2012,00:15,0,0,0
12/08/2012,00:30,0,0,0
12/08/2012,00:45,0,0,0
12/08/2012,01:00,4,0,4
12/08/2012,01:15,0,0,0
12/08/2012,01:30,0,0,0
12/08/2012,01:45,0,0,0
12/08/2012,02:00,0,0,0
12/08/2012,02:15,1,1,0
12/08/2012,02:30,2,0,2
12/08/2012,02:45,0,0,0
12/08/2012,03:00,0,0,0
12/08/2012,03:15,1,0,1
12/08/2012,03:30,0,0,0
12/08/2012,03:45,0,0,0
12/08/2012,04:00,1,1,0
12/08/2012,04:15,0,0,0
12/08/2012,04:30,1,1,0
12/08/2012,04:45,0,0,0
12/08/2012,05:00,1,0,1
12/08/2012,05:15,0,0,0
12/08/2012,05:30,3,3,0
12/08/2012,05:45,2,1,1
12/08/2012,06:00,2,0,2
12/08/2012,06:15,5,3,2
12/08/2012,06:30,14,5,9
12/08/2012,06:45,13,7,6
12/08/2012,07:00,21,9,12
12/08/2012,07:15,22,11,11
12/08/2012,07:30,29,15,14
12/08/2012,07:45,28,14,14
12/08/2012,08:00,28,8,20
12/08/2012,08:15,36,14,22
12/08/2012,08:30,23,9,14
12/08/2012,08:45,38,24,14
12/08/2012,09:00,45,29,16
12/08/2012,09:15,56,24,32
12/08/2012,09:30,50,15,35
12/08/2012,09:45,54,29,25
12/08/2012,10:00,44,20,24
12/08/2012,10:15,60,32,28
12/08/2012,10:30,71,23,48
12/08/2012,10:45,54,29,25
12/08/2012,11:00,43,21,22
12/08/2012,11:15,60,32,28
12/08/2012,11:30,47,15,32
12/08/2012,11:45,49,28,21
12/08/2012,12:00,52,31,21
12/08/2012,12:15,55,29,26
12/08/2012,12:30,47,21,26
12/08/2012,12:45,42,21,21
12/08/2012,13:00,54,18,36
12/08/2012,13:15,49,23,26
12/08/2012,13:30,54,26,28
12/08/2012,13:45,49,24,25
12/08/2012,14:00,69,17,52
12/08/2012,14:15,63,34,29
12/08/2012,14:30,49,20,29
12/08/2012,14:45,57,28,29
12/08/2012,15:00,45,15,30
12/08/2012,15:15,32,17,15
12/08/2012,15:30,41,24,17
12/08/2012,15:45,38,21,17
12/08/2012,16:00,37,15,22
12/08/2012,16:15,32,16,16
12/08/2012,16:30,29,13,16
12/08/2012,16:45,47,21,26
12/08/2012,17:00,47,20,27
12/08/2012,17:15,42,26,16
12/08/2012,17:30,27,11,16
12/08/2012,17:45,38,14,24
12/08/2012,18:00,36,19,17
12/08/2012,18:15,29,18,11
12/08/2012,18:30,32,22,10
12/08/2012,18:45,28,17,11
12/08/2012,19:00,23,15,8
12/08/2012,19:15,17,8,9
12/08/2012,19:30,21,16,5
12/08/2012,19:45,14,12,2
12/08/2012,20:00,15,11,4
12/08/2012,20:15,10,7,3
12/08/2012,20:30,16,10,6
12/08/2012,20:45,5,2,3
12/08/2012,21:00,5,3,2
12/08/2012,21:15,5,2,3
12/08/2012,21:30,1,1,0
12/08/2012,21:45,0,0,0
12/08/2012,22:00,4,3,1
12/08/2012,22:15,2,0,2
12/08/2012,22:30,4,1,3
12/08/2012,22:45,3,2,1
12/08/2012,23:00,1,1,0
12/08/2012,23:15,1,0,1
12/08/2012,23:30,3,1,2
12/08/2012,23:45,0,0,0
13/08/2012,00:00,1,0,1
13/08/2012,00:15,1,1,0
13/08/2012,00:30,0,0,0
13/08/2012,00:45,1,1,0
13/08/2012,01:00,1,1,0
13/08/2012,01:15,0,0,0
13/08/2012,01:30,0,0,0
13/08/2012,01:45,0,0,0
13/08/2012,02:00,0,0,0
13/08/2012,02:15,1,1,0
13/08/2012,02:30,1,1,0
13/08/2012,02:45,1,0,1
13/08/2012,03:00,0,0,0
13/08/2012,03:15,0,0,0
13/08/2012,03:30,1,1,0
13/08/2012,03:45,1,1,0
13/08/2012,04:00,2,2,0
13/08/2012,04:15,0,0,0
13/08/2012,04:30,3,1,2
13/08/2012,04:45,2,0,2
13/08/2012,05:00,2,2,0
13/08/2012,05:15,9,5,4
13/08/2012,05:30,6,0,6
13/08/2012,05:45,14,3,11
13/08/2012,06:00,20,9,11
13/08/2012,06:15,19,7,12
13/08/2012,06:30,29,12,17
13/08/2012,06:45,29,10,19
13/08/2012,07:00,30,6,24
13/08/2012,07:15,49,17,32
13/08/2012,07:30,22,8,14
13/08/2012,07:45,35,17,18
13/08/2012,08:00,26,11,15
13/08/2012,08:15,20,8,12
13/08/2012,08:30,29,11,18
13/08/2012,08:45,22,9,13
13/08/2012,09:00,23,11,12
13/08/2012,09:15,16,9,7
13/08/2012,09:30,12,11,1
13/08/2012,09:45,11,6,5
13/08/2012,10:00,7,3,4
13/08/2012,10:15,23,11,12
13/08/2012,10:30,13,4,9
13/08/2012,10:45,7,4,3
13/08/2012,11:00,12,7,5
13/08/2012,11:15,36,28,8
13/08/2012,11:30,33,11,22
13/08/2012,11:45,25,22,3
13/08/2012,12:00,11,8,3
13/08/2012,12:15,17,11,6
13/08/2012,12:30,26,12,14
13/08/2012,12:45,20,17,3
13/08/2012,13:00,14,8,6
13/08/2012,13:15,9,7,2
13/08/2012,13:30,16,7,9
13/08/2012,13:45,8,7,1
13/08/2012,14:00,8,4,4
13/08/2012,14:15,11,8,3
13/08/2012,14:30,12,5,7
13/08/2012,14:45,13,6,7
13/08/2012,15:00,12,2,10
13/08/2012,15:15,20,10,10
13/08/2012,15:30,17,6,11
13/08/2012,15:45,14,7,7
13/08/2012,16:00,15,8,7
13/08/2012,16:15,16,3,13
13/08/2012,16:30,31,18,13
13/08/2012,16:45,33,17,16
13/08/2012,17:00,30,18,12
13/08/2012,17:15,45,28,17
13/08/2012,17:30,46,35,11
13/08/2012,17:45,37,21,16
13/08/2012,18:00,49,31,18
13/08/2012,18:15,47,31,16
13/08/2012,18:30,34,30,4
13/08/2012,18:45,48,31,17
13/08/2012,19:00,37,23,14
13/08/2012,19:15,30,21,9
13/08/2012,19:30,42,28,14
13/08/2012,19:45,26,20,6
13/08/2012,20:00,28,15,13
13/08/2012,20:15,12,8,4
13/08/2012,20:30,6,3,3
13/08/2012,20:45,8,3,5
13/08/2012,21:00,1,0,1
13/08/2012,21:15,5,4,1
13/08/2012,21:30,3,2,1
13/08/2012,21:45,5,0,5
13/08/2012,22:00,3,2,1
13/08/2012,22:15,2,0,2
13/08/2012,22:30,2,0,2
13/08/2012,22:45,3,0,3
13/08/2012,23:00,4,2,2
13/08/2012,23:15,1,1,0
13/08/2012,23:30,1,0,1
13/08/2012,23:45,1,1,0
14/08/2012,00:00,0,0,0
14/08/2012,00:15,0,0,0
14/08/2012,00:30,0,0,0
14/08/2012,00:45,3,2,1
14/08/2012,01:00,0,0,0
14/08/2012,01:15,0,0,0
14/08/2012,01:30,1,0,1
14/08/2012,01:45,0,0,0
14/08/2012,02:00,0,0,0
14/08/2012,02:15,0,0,0
14/08/2012,02:30,0,0,0
14/08/2012,02:45,2,0,2
14/08/2012,03:00,1,1,0
14/08/2012,03:15,0,0,0
14/08/2012,03:30,1,1,0
14/08/2012,03:45,1,1,0
14/08/2012,04:00,2,1,1
14/08/2012,04:15,0,0,0
14/08/2012,04:30,1,0,1
14/08/2012,04:45,2,0,2
14/08/2012,05:00,7,4,3
14/08/2012,05:15,6,2,4
14/08/2012,05:30,13,4,9
14/08/2012,05:45,16,9,7
14/08/2012,06:00,16,10,6
14/08/2012,06:15,10,4,6
14/08/2012,06:30,10,6,4
14/08/2012,06:45,11,5,6
14/08/2012,07:00,10,7,3
14/08/2012,07:15,14,6,8
14/08/2012,07:30,11,7,4
14/08/2012,07:45,12,4,8
14/08/2012,08:00,12,4,8
14/08/2012,08:15,11,3,8
14/08/2012,08:30,13,9,4
14/08/2012,08:45,13,4,9
14/08/2012,09:00,15,5,10
14/08/2012,09:15,7,0,7
14/08/2012,09:30,7,4,3
14/08/2012,09:45,13,6,7
14/08/2012,10:00,8,0,8
14/08/2012,10:15,14,2,12
14/08/2012,10:30,12,1,11
14/08/2012,10:45,3,1,2
14/08/2012,11:00,6,4,2
14/08/2012,11:15,8,5,3
14/08/2012,11:30,11,7,4
14/08/2012,11:45,16,12,4
14/08/2012,12:00,21,18,3
14/08/2012,12:15,18,12,6
14/08/2012,12:30,18,13,5
14/08/2012,12:45,15,12,3
14/08/2012,13:00,16,10,6
14/08/2012,13:15,17,11,6
14/08/2012,13:30,16,11,5
14/08/2012,13:45,12,8,4
14/08/2012,14:00,12,10,2
14/08/2012,14:15,9,5,4
14/08/2012,14:30,16,8,8
14/08/2012,14:45,13,7,6
14/08/2012,15:00,11,6,5
14/08/2012,15:15,14,9,5
14/08/2012,15:30,11,6,5
14/08/2012,15:45,9,3,6
14/08/2012,16:00,16,8,8
14/08/2012,16:15,17,12,5
14/08/2012,16:30,17,12,5
14/08/2012,16:45,32,20,12
14/08/2012,17:00,18,13,5
14/08/2012,17:15,24,16,8
14/08/2012,17:30,31,16,15
14/08/2012,17:45,29,18,11
14/08/2012,18:00,25,11,14
14/08/2012,18:15,31,24,7
14/08/2012,18:30,39,26,13
14/08/2012,18:45,23,16,7
14/08/2012,19:00,33,21,12
14/08/2012,19:15,23,16,7
14/08/2012,19:30,26,18,8
14/08/2012,19:45,12,7,5
14/08/2012,20:00,18,13,5
14/08/2012,20:15,8,4,4
14/08/2012,20:30,6,2,4
14/08/2012,20:45,4,2,2
14/08/2012,21:00,3,3,0
14/08/2012,21:15,6,4,2
14/08/2012,21:30,5,2,3
14/08/2012,21:45,12,9,3
14/08/2012,22:00,4,1,3
14/08/2012,22:15,1,1,0
14/08/2012,22:30,1,1,0
14/08/2012,22:45,0,0,0
14/08/2012,23:00,1,0,1
14/08/2012,23:15,5,2,3
14/08/2012,23:30,0,0,0
14/08/2012,23:45,0,0,0
15/08/2012,00:00,0,0,0
15/08/2012,00:15,1,1,0
15/08/2012,00:30,0,0,0
15/08/2012,00:45,0,0,0
15/08/2012,01:00,0,0,0
15/08/2012,01:15,0,0,0
15/08/2012,01:30,1,1,0
15/08/2012,01:45,0,0,0
15/08/2012,02:00,0,0,0
15/08/2012,02:15,3,1,2
15/08/2012,02:30,1,0,1
15/08/2012,02:45,0,0,0
15/08/2012,03:00,0,0,0
15/08/2012,03:15,0,0,0
15/08/2012,03:30,4,2,2
15/08/2012,03:45,0,0,0
15/08/2012,04:00,1,1,0
15/08/2012,04:15,1,1,0
15/08/2012,04:30,1,0,1
15/08/2012,04:45,1,0,1
15/08/2012,05:00,5,2,3
15/08/2012,05:15,3,2,1
15/08/2012,05:30,11,5,6
15/08/2012,05:45,16,4,12
15/08/2012,06:00,22,10,12
15/08/2012,06:15,24,12,12
15/08/2012,06:30,29,14,15
15/08/2012,06:45,32,10,22
15/08/2012,07:00,36,12,24
15/08/2012,07:15,43,17,26
15/08/2012,07:30,38,8,30
15/08/2012,07:45,35,11,24
15/08/2012,08:00,48,14,34
15/08/2012,08:15,31,12,19
15/08/2012,08:30,24,8,16
15/08/2012,08:45,18,4,14
15/08/2012,09:00,25,10,15
15/08/2012,09:15,20,5,15
15/08/2012,09:30,10,3,7
15/08/2012,09:45,17,6,11
15/08/2012,10:00,16,9,7
15/08/2012,10:15,22,4,18
15/08/2012,10:30,10,4,6
15/08/2012,10:45,18,8,10
15/08/2012,11:00,12,9,3
15/08/2012,11:15,12,4,8
15/08/2012,11:30,10,9,1
15/08/2012,11:45,11,7,4
15/08/2012,12:00,5,2,3
15/08/2012,12:15,9,5,4
15/08/2012,12:30,12,4,8
15/08/2012,12:45,19,9,10
15/08/2012,13:00,14,8,6
15/08/2012,13:15,11,4,7
15/08/2012,13:30,18,13,5
15/08/2012,13:45,6,3,3
15/08/2012,14:00,3,2,1
15/08/2012,14:15,18,6,12
15/08/2012,14:30,14,6,8
15/08/2012,14:45,11,5,6
15/08/2012,15:00,15,9,6
15/08/2012,15:15,8,1,7
15/08/2012,15:30,16,7,9
15/08/2012,15:45,24,10,14
15/08/2012,16:00,23,9,14
15/08/2012,16:15,17,7,10
15/08/2012,16:30,37,20,17
15/08/2012,16:45,37,20,17
15/08/2012,17:00,34,12,22
15/08/2012,17:15,26,10,16
15/08/2012,17:30,54,29,25
15/08/2012,17:45,33,17,16
15/08/2012,18:00,37,20,17
15/08/2012,18:15,43,22,21
15/08/2012,18:30,42,28,14
15/08/2012,18:45,38,21,17
15/08/2012,19:00,38,23,15
15/08/2012,19:15,23,14,9
15/08/2012,19:30,28,13,15
15/08/2012,19:45,17,8,9
15/08/2012,20:00,9,7,2
15/08/2012,20:15,16,11,5
15/08/2012,20:30,10,3,7
15/08/2012,20:45,3,1,2
15/08/2012,21:00,3,3,0
15/08/2012,21:15,5,2,3
15/08/2012,21:30,5,1,4
15/08/2012,21:45,4,2,2
15/08/2012,22:00,4,4,0
15/08/2012,22:15,4,2,2
15/08/2012,22:30,0,0,0
15/08/2012,22:45,3,1,2
15/08/2012,23:00,2,1,1
15/08/2012,23:15,3,0,3
15/08/2012,23:30,0,0,0
15/08/2012,23:45,0,0,0
16/08/2012,00:00,0,0,0
16/08/2012,00:15,0,0,0
16/08/2012,00:30,1,1,0
16/08/2012,00:45,0,0,0
16/08/2012,01:00,0,0,0
16/08/2012,01:15,0,0,0
16/08/2012,01:30,0,0,0
16/08/2012,01:45,0,0,0
16/08/2012,02:00,0,0,0
16/08/2012,02:15,1,1,0
16/08/2012,02:30,1,0,1
16/08/2012,02:45,1,1,0
16/08/2012,03:00,2,1,1
16/08/2012,03:15,0,0,0
16/08/2012,03:30,0,0,0
16/08/2012,03:45,1,1,0
16/08/2012,04:00,3,1,2
16/08/2012,04:15,3,3,0
16/08/2012,04:30,0,0,0
16/08/2012,04:45,0,0,0
16/08/2012,05:00,3,2,1
16/08/2012,05:15,8,2,6
16/08/2012,05:30,6,0,6
16/08/2012,05:45,9,1,8
16/08/2012,06:00,22,7,15
16/08/2012,06:15,22,6,16
16/08/2012,06:30,40,15,25
16/08/2012,06:45,31,9,22
16/08/2012,07:00,32,10,22
16/08/2012,07:15,40,10,30
16/08/2012,07:30,38,10,28
16/08/2012,07:45,40,15,25
16/08/2012,08:00,30,14,16
16/08/2012,08:15,21,7,14
16/08/2012,08:30,22,11,11
16/08/2012,08:45,27,8,19
16/08/2012,09:00,17,8,9
16/08/2012,09:15,13,8,5
16/08/2012,09:30,17,9,8
16/08/2012,09:45,34,22,12
16/08/2012,10:00,21,14,7
16/08/2012,10:15,28,11,17
16/08/2012,10:30,31,23,8
16/08/2012,10:45,16,12,4
16/08/2012,11:00,22,9,13
16/08/2012,11:15,41,34,7
16/08/2012,11:30,24,20,4
16/08/2012,11:45,31,29,2
16/08/2012,12:00,20,15,5
16/08/2012,12:15,30,25,5
16/08/2012,12:30,15,12,3
16/08/2012,12:45,12,5,7
16/08/2012,13:00,27,18,9
16/08/2012,13:15,14,9,5
16/08/2012,13:30,8,4,4
16/08/2012,13:45,13,8,5
16/08/2012,14:00,11,7,4
16/08/2012,14:15,25,16,9
16/08/2012,14:30,17,11,6
16/08/2012,14:45,16,7,9
16/08/2012,15:00,16,7,9
16/08/2012,15:15,17,9,8
16/08/2012,15:30,18,8,10
16/08/2012,15:45,23,16,7
16/08/2012,16:00,18,15,3
16/08/2012,16:15,20,12,8
16/08/2012,16:30,32,14,18
16/08/2012,16:45,39,19,20
16/08/2012,17:00,35,19,16
16/08/2012,17:15,38,25,13
16/08/2012,17:30,46,29,17
16/08/2012,17:45,69,50,19
16/08/2012,18:00,45,26,19
16/08/2012,18:15,55,34,21
16/08/2012,18:30,53,38,15
16/08/2012,18:45,47,37,10
16/08/2012,19:00,28,18,10
16/08/2012,19:15,27,23,4
16/08/2012,19:30,25,20,5
16/08/2012,19:45,19,10,9
16/08/2012,20:00,22,16,6
16/08/2012,20:15,20,15,5
16/08/2012,20:30,10,4,6
16/08/2012,20:45,5,0,5
16/08/2012,21:00,9,4,5
16/08/2012,21:15,8,5,3
16/08/2012,21:30,7,1,6
16/08/2012,21:45,4,1,3
16/08/2012,22:00,6,6,0
16/08/2012,22:15,7,3,4
16/08/2012,22:30,4,1,3
16/08/2012,22:45,2,2,0
16/08/2012,23:00,4,1,3
16/08/2012,23:15,3,1,2
16/08/2012,23:30,6,1,5
16/08/2012,23:45,1,1,0
17/08/2012,00:00,1,0,1
17/08/2012,00:15,3,2,1
17/08/2012,00:30,2,0,2
17/08/2012,00:45,0,0,0
17/08/2012,01:00,1,0,1
17/08/2012,01:15,2,1,1
17/08/2012,01:30,1,0,1
17/08/2012,01:45,0,0,0
17/08/2012,02:00,0,0,0
17/08/2012,02:15,0,0,0
17/08/2012,02:30,0,0,0
17/08/2012,02:45,1,1,0
17/08/2012,03:00,2,1,1
17/08/2012,03:15,0,0,0
17/08/2012,03:30,0,0,0
17/08/2012,03:45,1,1,0
17/08/2012,04:00,1,1,0
17/08/2012,04:15,1,0,1
17/08/2012,04:30,0,0,0
17/08/2012,04:45,1,0,1
17/08/2012,05:00,9,4,5
17/08/2012,05:15,2,1,1
17/08/2012,05:30,8,5,3
17/08/2012,05:45,13,5,8
17/08/2012,06:00,13,5,8
17/08/2012,06:15,17,10,7
17/08/2012,06:30,37,12,25
17/08/2012,06:45,21,8,13
17/08/2012,07:00,31,16,15
17/08/2012,07:15,29,10,19
17/08/2012,07:30,24,8,16
17/08/2012,07:45,32,8,24
17/08/2012,08:00,29,13,16
17/08/2012,08:15,36,15,21
17/08/2012,08:30,29,10,19
17/08/2012,08:45,18,10,8
17/08/2012,09:00,19,9,10
17/08/2012,09:15,16,7,9
17/08/2012,09:30,24,16,8
17/08/2012,09:45,15,6,9
17/08/2012,10:00,16,7,9
17/08/2012,10:15,21,6,15
17/08/2012,10:30,23,12,11
17/08/2012,10:45,20,10,10
17/08/2012,11:00,13,8,5
17/08/2012,11:15,7,5,2
17/08/2012,11:30,30,15,15
17/08/2012,11:45,18,15,3
17/08/2012,12:00,32,24,8
17/08/2012,12:15,20,14,6
17/08/2012,12:30,25,20,5
17/08/2012,12:45,18,15,3
17/08/2012,13:00,25,19,6
17/08/2012,13:15,24,21,3
17/08/2012,13:30,22,16,6
17/08/2012,13:45,21,14,7
17/08/2012,14:00,16,13,3
17/08/2012,14:15,17,13,4
17/08/2012,14:30,17,10,7
17/08/2012,14:45,16,15,1
17/08/2012,15:00,18,14,4
17/08/2012,15:15,27,17,10
17/08/2012,15:30,19,14,5
17/08/2012,15:45,16,6,10
17/08/2012,16:00,28,22,6
17/08/2012,16:15,12,8,4
17/08/2012,16:30,21,18,3
17/08/2012,16:45,35,23,12
17/08/2012,17:00,29,22,7
17/08/2012,17:15,37,30,7
17/08/2012,17:30,28,23,5
17/08/2012,17:45,40,27,13
17/08/2012,18:00,25,21,4
17/08/2012,18:15,23,21,2
17/08/2012,18:30,16,12,4
17/08/2012,18:45,20,19,1
17/08/2012,19:00,20,18,2
17/08/2012,19:15,15,13,2
17/08/2012,19:30,7,5,2
17/08/2012,19:45,11,7,4
17/08/2012,20:00,11,9,2
17/08/2012,20:15,8,5,3
17/08/2012,20:30,3,2,1
17/08/2012,20:45,3,1,2
17/08/2012,21:00,7,2,5
17/08/2012,21:15,6,1,5
17/08/2012,21:30,9,5,4
17/08/2012,21:45,1,0,1
17/08/2012,22:00,3,1,2
17/08/2012,22:15,2,0,2
17/08/2012,22:30,2,1,1
17/08/2012,22:45,2,0,2
17/08/2012,23:00,3,2,1
17/08/2012,23:15,0,0,0
17/08/2012,23:30,2,0,2
17/08/2012,23:45,2,1,1
18/08/2012,00:00,2,1,1
18/08/2012,00:15,3,2,1
18/08/2012,00:30,0,0,0
18/08/2012,00:45,2,1,1
18/08/2012,01:00,0,0,0
18/08/2012,01:15,0,0,0
18/08/2012,01:30,1,0,1
18/08/2012,01:45,3,2,1
18/08/2012,02:00,0,0,0
18/08/2012,02:15,1,1,0
18/08/2012,02:30,0,0,0
18/08/2012,02:45,0,0,0
18/08/2012,03:00,2,2,0
18/08/2012,03:15,1,0,1
18/08/2012,03:30,1,1,0
18/08/2012,03:45,0,0,0
18/08/2012,04:00,0,0,0
18/08/2012,04:15,0,0,0
18/08/2012,04:30,1,1,0
18/08/2012,04:45,2,2,0
18/08/2012,05:00,2,1,1
18/08/2012,05:15,1,1,0
18/08/2012,05:30,2,2,0
18/08/2012,05:45,1,1,0
18/08/2012,06:00,8,1,7
18/08/2012,06:15,2,2,0
18/08/2012,06:30,17,11,6
18/08/2012,06:45,11,4,7
18/08/2012,07:00,11,5,6
18/08/2012,07:15,19,10,9
18/08/2012,07:30,23,12,11
18/08/2012,07:45,26,15,11
18/08/2012,08:00,24,12,12
18/08/2012,08:15,41,20,21
18/08/2012,08:30,16,7,9
18/08/2012,08:45,40,18,22
18/08/2012,09:00,56,30,26
18/08/2012,09:15,38,15,23
18/08/2012,09:30,53,27,26
18/08/2012,09:45,55,29,26
18/08/2012,10:00,51,31,20
18/08/2012,10:15,58,36,22
18/08/2012,10:30,52,33,19
18/08/2012,10:45,67,48,19
18/08/2012,11:00,63,40,23
18/08/2012,11:15,72,43,29
18/08/2012,11:30,42,17,25
18/08/2012,11:45,47,24,23
18/08/2012,12:00,88,54,34
18/08/2012,12:15,61,30,31
18/08/2012,12:30,57,24,33
18/08/2012,12:45,41,23,18
18/08/2012,13:00,41,21,20
18/08/2012,13:15,52,23,29
18/08/2012,13:30,55,26,29
18/08/2012,13:45,40,19,21
18/08/2012,14:00,35,17,18
18/08/2012,14:15,45,19,26
18/08/2012,14:30,49,12,37
18/08/2012,14:45,34,13,21
18/08/2012,15:00,23,8,15
18/08/2012,15:15,35,8,27
18/08/2012,15:30,41,16,25
18/08/2012,15:45,29,5,24
18/08/2012,16:00,31,15,16
18/08/2012,16:15,36,8,28
18/08/2012,16:30,27,8,19
18/08/2012,16:45,26,12,14
18/08/2012,17:00,18,9,9
18/08/2012,17:15,36,10,26
18/08/2012,17:30,15,6,9
18/08/2012,17:45,26,12,14
18/08/2012,18:00,25,6,19
18/08/2012,18:15,25,14,11
18/08/2012,18:30,27,11,16
18/08/2012,18:45,36,14,22
18/08/2012,19:00,25,16,9
18/08/2012,19:15,17,11,6
18/08/2012,19:30,22,14,8
18/08/2012,19:45,14,9,5
18/08/2012,20:00,13,5,8
18/08/2012,20:15,7,3,4
18/08/2012,20:30,6,3,3
18/08/2012,20:45,2,1,1
18/08/2012,21:00,2,1,1
18/08/2012,21:15,9,4,5
18/08/2012,21:30,4,2,2
18/08/2012,21:45,1,1,0
18/08/2012,22:00,6,2,4
18/08/2012,22:15,4,3,1
18/08/2012,22:30,2,1,1
18/08/2012,22:45,2,1,1
18/08/2012,23:00,0,0,0
18/08/2012,23:15,2,0,2
18/08/2012,23:30,9,5,4
18/08/2012,23:45,6,2,4
19/08/2012,00:00,1,0,1
19/08/2012,00:15,2,0,2
19/08/2012,00:30,0,0,0
19/08/2012,00:45,0,0,0
19/08/2012,01:00,12,7,5
19/08/2012,01:15,1,0,1
19/08/2012,01:30,0,0,0
19/08/2012,01:45,3,1,2
19/08/2012,02:00,0,0,0
19/08/2012,02:15,0,0,0
19/08/2012,02:30,0,0,0
19/08/2012,02:45,1,0,1
19/08/2012,03:00,0,0,0
19/08/2012,03:15,0,0,0
19/08/2012,03:30,0,0,0
19/08/2012,03:45,0,0,0
19/08/2012,04:00,0,0,0
19/08/2012,04:15,0,0,0
19/08/2012,04:30,2,0,2
19/08/2012,04:45,0,0,0
19/08/2012,05:00,1,1,0
19/08/2012,05:15,1,0,1
19/08/2012,05:30,3,1,2
19/08/2012,05:45,1,1,0
19/08/2012,06:00,2,1,1
19/08/2012,06:15,1,1,0
19/08/2012,06:30,5,4,1
19/08/2012,06:45,8,4,4
19/08/2012,07:00,10,7,3
19/08/2012,07:15,27,13,14
19/08/2012,07:30,16,6,10
19/08/2012,07:45,17,7,10
19/08/2012,08:00,30,9,21
19/08/2012,08:15,26,10,16
19/08/2012,08:30,27,12,15
19/08/2012,08:45,26,10,16
19/08/2012,09:00,31,13,18
19/08/2012,09:15,40,20,20
19/08/2012,09:30,38,15,23
19/08/2012,09:45,37,16,21
19/08/2012,10:00,52,25,27
19/08/2012,10:15,39,17,22
19/08/2012,10:30,39,21,18
19/08/2012,10:45,45,18,27
19/08/2012,11:00,56,28,28
19/08/2012,11:15,25,11,14
19/08/2012,11:30,44,27,17
19/08/2012,11:45,30,16,14
19/08/2012,12:00,38,14,24
19/08/2012,12:15,32,15,17
19/08/2012,12:30,53,51,2
19/08/2012,12:45,20,19,1
19/08/2012,13:00,11,8,3
19/08/2012,13:15,5,4,1
19/08/2012,13:30,10,6,4
19/08/2012,13:45,11,8,3
19/08/2012,14:00,11,5,6
19/08/2012,14:15,6,6,0
19/08/2012,14:30,4,2,2
19/08/2012,14:45,4,1,3
19/08/2012,15:00,14,7,7
19/08/2012,15:15,11,7,4
19/08/2012,15:30,50,45,5
19/08/2012,15:45,30,27,3
19/08/2012,16:00,49,42,7
19/08/2012,16:15,71,65,6
19/08/2012,16:30,33,24,9
19/08/2012,16:45,43,35,8
19/08/2012,17:00,32,27,5
19/08/2012,17:15,25,18,7
19/08/2012,17:30,31,19,12
19/08/2012,17:45,14,9,5
19/08/2012,18:00,16,7,9
19/08/2012,18:15,11,6,5
19/08/2012,18:30,17,14,3
19/08/2012,18:45,13,4,9
19/08/2012,19:00,14,5,9
19/08/2012,19:15,7,0,7
19/08/2012,19:30,10,6,4
19/08/2012,19:45,6,3,3
19/08/2012,20:00,3,1,2
19/08/2012,20:15,6,3,3
19/08/2012,20:30,5,5,0
19/08/2012,20:45,9,7,2
19/08/2012,21:00,6,4,2
19/08/2012,21:15,4,2,2
19/08/2012,21:30,0,0,0
19/08/2012,21:45,11,10,1
19/08/2012,22:00,1,1,0
19/08/2012,22:15,16,15,1
19/08/2012,22:30,3,2,1
19/08/2012,22:45,15,15,0
19/08/2012,23:00,2,1,1
19/08/2012,23:15,31,29,2
19/08/2012,23:30,8,8,0
19/08/2012,23:45,14,14,0
20/08/2012,00:00,22,18,4
20/08/2012,00:15,1,1,0
20/08/2012,00:30,0,0,0
20/08/2012,00:45,0,0,0
20/08/2012,01:00,0,0,0
20/08/2012,01:15,0,0,0
20/08/2012,01:30,0,0,0
20/08/2012,01:45,0,0,0
20/08/2012,02:00,1,1,0
20/08/2012,02:15,0,0,0
20/08/2012,02:30,0,0,0
20/08/2012,02:45,0,0,0
20/08/2012,03:00,1,1,0
20/08/2012,03:15,1,0,1
20/08/2012,03:30,2,1,1
20/08/2012,03:45,1,1,0
20/08/2012,04:00,6,4,2
20/08/2012,04:15,0,0,0
20/08/2012,04:30,4,3,1
20/08/2012,04:45,3,0,3
20/08/2012,05:00,4,4,0
20/08/2012,05:15,12,4,8
20/08/2012,05:30,8,5,3
20/08/2012,05:45,9,4,5
20/08/2012,06:00,21,6,15
20/08/2012,06:15,14,4,10
20/08/2012,06:30,20,4,16
20/08/2012,06:45,17,4,13
20/08/2012,07:00,26,7,19
20/08/2012,07:15,25,12,13
20/08/2012,07:30,18,9,9
20/08/2012,07:45,15,0,15
20/08/2012,08:00,18,4,14
20/08/2012,08:15,15,8,7
20/08/2012,08:30,20,5,15
20/08/2012,08:45,13,7,6
20/08/2012,09:00,12,6,6
20/08/2012,09:15,9,5,4
20/08/2012,09:30,6,2,4
20/08/2012,09:45,10,2,8
20/08/2012,10:00,8,3,5
20/08/2012,10:15,9,0,9
20/08/2012,10:30,11,3,8
20/08/2012,10:45,9,2,7
20/08/2012,11:00,8,4,4
20/08/2012,11:15,12,7,5
20/08/2012,11:30,7,3,4
20/08/2012,11:45,19,8,11
20/08/2012,12:00,9,5,4
20/08/2012,12:15,11,6,5
20/08/2012,12:30,8,3,5
20/08/2012,12:45,6,5,1
20/08/2012,13:00,12,6,6
20/08/2012,13:15,10,5,5
20/08/2012,13:30,18,7,11
20/08/2012,13:45,14,7,7
20/08/2012,14:00,7,3,4
20/08/2012,14:15,12,9,3
20/08/2012,14:30,35,25,10
20/08/2012,14:45,17,4,13
20/08/2012,15:00,15,8,7
20/08/2012,15:15,14,6,8
20/08/2012,15:30,22,5,17
20/08/2012,15:45,24,15,9
20/08/2012,16:00,28,13,15
20/08/2012,16:15,28,10,18
20/08/2012,16:30,30,10,20
20/08/2012,16:45,38,20,18
20/08/2012,17:00,33,16,17
20/08/2012,17:15,35,17,18
20/08/2012,17:30,32,15,17
20/08/2012,17:45,55,24,31
20/08/2012,18:00,47,26,21
20/08/2012,18:15,47,22,25
20/08/2012,18:30,56,30,26
20/08/2012,18:45,39,19,20
20/08/2012,19:00,24,11,13
20/08/2012,19:15,27,10,17
20/08/2012,19:30,8,4,4
20/08/2012,19:45,15,6,9
20/08/2012,20:00,17,13,4
20/08/2012,20:15,8,4,4
20/08/2012,20:30,4,2,2
20/08/2012,20:45,4,2,2
20/08/2012,21:00,4,2,2
20/08/2012,21:15,9,7,2
20/08/2012,21:30,3,3,0
20/08/2012,21:45,4,4,0
20/08/2012,22:00,3,1,2
20/08/2012,22:15,4,1,3
20/08/2012,22:30,1,0,1
20/08/2012,22:45,2,0,2
20/08/2012,23:00,1,0,1
20/08/2012,23:15,1,1,0
20/08/2012,23:30,2,1,1
20/08/2012,23:45,2,0,2
21/08/2012,00:00,0,0,0
21/08/2012,00:15,2,1,1
21/08/2012,00:30,0,0,0
21/08/2012,00:45,0,0,0
21/08/2012,01:00,0,0,0
21/08/2012,01:15,0,0,0
21/08/2012,01:30,2,1,1
21/08/2012,01:45,1,0,1
21/08/2012,02:00,0,0,0
21/08/2012,02:15,1,1,0
21/08/2012,02:30,1,1,0
21/08/2012,02:45,1,0,1
21/08/2012,03:00,1,1,0
21/08/2012,03:15,2,2,0
21/08/2012,03:30,0,0,0
21/08/2012,03:45,0,0,0
21/08/2012,04:00,2,2,0
21/08/2012,04:15,3,0,3
21/08/2012,04:30,0,0,0
21/08/2012,04:45,2,1,1
21/08/2012,05:00,8,5,3
21/08/2012,05:15,7,3,4
21/08/2012,05:30,14,9,5
21/08/2012,05:45,9,4,5
21/08/2012,06:00,21,5,16
21/08/2012,06:15,19,10,9
21/08/2012,06:30,22,4,18
21/08/2012,06:45,39,14,25
21/08/2012,07:00,40,16,24
21/08/2012,07:15,33,14,19
21/08/2012,07:30,24,8,16
21/08/2012,07:45,29,10,19
21/08/2012,08:00,28,9,19
21/08/2012,08:15,29,8,21
21/08/2012,08:30,26,7,19
21/08/2012,08:45,19,7,12
21/08/2012,09:00,20,9,11
21/08/2012,09:15,8,4,4
21/08/2012,09:30,10,6,4
21/08/2012,09:45,13,5,8
21/08/2012,10:00,16,3,13
21/08/2012,10:15,19,10,9
21/08/2012,10:30,17,13,4
21/08/2012,10:45,21,6,15
21/08/2012,11:00,29,25,4
21/08/2012,11:15,21,7,14
21/08/2012,11:30,18,11,7
21/08/2012,11:45,25,16,9
21/08/2012,12:00,24,19,5
21/08/2012,12:15,22,13,9
21/08/2012,12:30,36,28,8
21/08/2012,12:45,18,12,6
21/08/2012,13:00,24,21,3
21/08/2012,13:15,13,7,6
21/08/2012,13:30,17,7,10
21/08/2012,13:45,16,7,9
21/08/2012,14:00,13,3,10
21/08/2012,14:15,14,6,8
21/08/2012,14:30,77,66,11
21/08/2012,14:45,35,22,13
21/08/2012,15:00,19,9,10
21/08/2012,15:15,23,8,15
21/08/2012,15:30,16,9,7
21/08/2012,15:45,18,11,7
21/08/2012,16:00,27,9,18
21/08/2012,16:15,27,16,11
21/08/2012,16:30,29,14,15
21/08/2012,16:45,37,17,20
21/08/2012,17:00,32,20,12
21/08/2012,17:15,46,31,15
21/08/2012,17:30,168,138,30
21/08/2012,17:45,48,23,25
21/08/2012,18:00,66,30,36
21/08/2012,18:15,64,51,13
21/08/2012,18:30,46,31,15
21/08/2012,18:45,50,29,21
21/08/2012,19:00,51,30,21
21/08/2012,19:15,32,20,12
21/08/2012,19:30,34,25,9
21/08/2012,19:45,27,17,10
21/08/2012,20:00,11,4,7
21/08/2012,20:15,15,11,4
21/08/2012,20:30,9,6,3
21/08/2012,20:45,4,1,3
21/08/2012,21:00,3,1,2
21/08/2012,21:15,6,2,4
21/08/2012,21:30,3,0,3
21/08/2012,21:45,1,1,0
21/08/2012,22:00,1,0,1
21/08/2012,22:15,1,0,1
21/08/2012,22:30,5,2,3
21/08/2012,22:45,2,0,2
21/08/2012,23:00,2,1,1
21/08/2012,23:15,0,0,0
21/08/2012,23:30,1,0,1
21/08/2012,23:45,0,0,0
22/08/2012,00:00,0,0,0
22/08/2012,00:15,0,0,0
22/08/2012,00:30,1,0,1
22/08/2012,00:45,0,0,0
22/08/2012,01:00,0,0,0
22/08/2012,01:15,1,0,1
22/08/2012,01:30,0,0,0
22/08/2012,01:45,0,0,0
22/08/2012,02:00,0,0,0
22/08/2012,02:15,0,0,0
22/08/2012,02:30,0,0,0
22/08/2012,02:45,1,1,0
22/08/2012,03:00,1,1,0
22/08/2012,03:15,0,0,0
22/08/2012,03:30,1,1,0
22/08/2012,03:45,5,1,4
22/08/2012,04:00,3,3,0
22/08/2012,04:15,0,0,0
22/08/2012,04:30,2,2,0
22/08/2012,04:45,3,1,2
22/08/2012,05:00,1,1,0
22/08/2012,05:15,9,3,6
22/08/2012,05:30,6,1,5
22/08/2012,05:45,9,4,5
22/08/2012,06:00,21,4,17
22/08/2012,06:15,23,7,16
22/08/2012,06:30,28,8,20
22/08/2012,06:45,36,14,22
22/08/2012,07:00,38,9,29
22/08/2012,07:15,39,9,30
22/08/2012,07:30,34,11,23
22/08/2012,07:45,33,14,19
22/08/2012,08:00,23,6,17
22/08/2012,08:15,34,15,19
22/08/2012,08:30,22,10,12
22/08/2012,08:45,26,10,16
22/08/2012,09:00,12,4,8
22/08/2012,09:15,13,7,6
22/08/2012,09:30,13,10,3
22/08/2012,09:45,17,11,6
22/08/2012,10:00,212,208,4
22/08/2012,10:15,28,22,6
22/08/2012,10:30,17,13,4
22/08/2012,10:45,12,8,4
22/08/2012,11:00,17,15,2
22/08/2012,11:15,7,4,3
22/08/2012,11:30,16,13,3
22/08/2012,11:45,12,11,1
22/08/2012,12:00,9,3,6
22/08/2012,12:15,7,6,1
22/08/2012,12:30,12,6,6
22/08/2012,12:45,10,7,3
22/08/2012,13:00,11,7,4
22/08/2012,13:15,19,9,10
22/08/2012,13:30,13,6,7
22/08/2012,13:45,11,4,7
22/08/2012,14:00,10,4,6
22/08/2012,14:15,13,5,8
22/08/2012,14:30,13,8,5
22/08/2012,14:45,17,3,14
22/08/2012,15:00,14,8,6
22/08/2012,15:15,15,4,11
22/08/2012,15:30,20,7,13
22/08/2012,15:45,24,8,16
22/08/2012,16:00,32,14,18
22/08/2012,16:15,25,8,17
22/08/2012,16:30,19,6,13
22/08/2012,16:45,33,16,17
22/08/2012,17:00,55,27,28
22/08/2012,17:15,38,26,12
22/08/2012,17:30,32,17,15
22/08/2012,17:45,20,17,3
22/08/2012,18:00,31,22,9
22/08/2012,18:15,24,16,8
22/08/2012,18:30,20,15,5
22/08/2012,18:45,28,20,8
22/08/2012,19:00,14,10,4
22/08/2012,19:15,20,14,6
22/08/2012,19:30,15,9,6
22/08/2012,19:45,25,11,14
22/08/2012,20:00,11,6,5
22/08/2012,20:15,14,8,6
22/08/2012,20:30,8,4,4
22/08/2012,20:45,5,1,4
22/08/2012,21:00,9,3,6
22/08/2012,21:15,18,14,4
22/08/2012,21:30,5,3,2
22/08/2012,21:45,5,5,0
22/08/2012,22:00,4,0,4
22/08/2012,22:15,1,0,1
22/08/2012,22:30,3,2,1
22/08/2012,22:45,3,2,1
22/08/2012,23:00,2,0,2
22/08/2012,23:15,2,0,2
22/08/2012,23:30,2,1,1
22/08/2012,23:45,4,3,1
23/08/2012,00:00,0,0,0
23/08/2012,00:15,0,0,0
23/08/2012,00:30,1,0,1
23/08/2012,00:45,1,1,0
23/08/2012,01:00,1,1,0
23/08/2012,01:15,1,1,0
23/08/2012,01:30,1,0,1
23/08/2012,01:45,0,0,0
23/08/2012,02:00,0,0,0
23/08/2012,02:15,0,0,0
23/08/2012,02:30,1,0,1
23/08/2012,02:45,0,0,0
23/08/2012,03:00,1,0,1
23/08/2012,03:15,0,0,0
23/08/2012,03:30,1,1,0
23/08/2012,03:45,1,1,0
23/08/2012,04:00,1,1,0
23/08/2012,04:15,1,1,0
23/08/2012,04:30,1,0,1
23/08/2012,04:45,1,0,1
23/08/2012,05:00,5,4,1
23/08/2012,05:15,6,1,5
23/08/2012,05:30,10,5,5
23/08/2012,05:45,7,3,4
23/08/2012,06:00,20,11,9
23/08/2012,06:15,21,9,12
23/08/2012,06:30,26,6,20
23/08/2012,06:45,25,7,18
23/08/2012,07:00,37,13,24
23/08/2012,07:15,27,12,15
23/08/2012,07:30,46,19,27
23/08/2012,07:45,30,8,22
23/08/2012,08:00,19,9,10
23/08/2012,08:15,20,14,6
23/08/2012,08:30,23,17,6
23/08/2012,08:45,16,16,0
23/08/2012,09:00,14,12,2
23/08/2012,09:15,12,8,4
23/08/2012,09:30,17,15,2
23/08/2012,09:45,11,8,3
23/08/2012,10:00,12,5,7
23/08/2012,10:15,17,9,8
23/08/2012,10:30,13,7,6
23/08/2012,10:45,18,7,11
23/08/2012,11:00,20,12,8
23/08/2012,11:15,16,12,4
23/08/2012,11:30,15,7,8
23/08/2012,11:45,17,12,5
23/08/2012,12:00,11,3,8
23/08/2012,12:15,10,4,6
23/08/2012,12:30,16,10,6
23/08/2012,12:45,12,3,9
23/08/2012,13:00,15,5,10
23/08/2012,13:15,8,5,3
23/08/2012,13:30,13,9,4
23/08/2012,13:45,17,10,7
23/08/2012,14:00,13,7,6
23/08/2012,14:15,11,8,3
23/08/2012,14:30,14,7,7
23/08/2012,14:45,14,5,9
23/08/2012,15:00,28,8,20
23/08/2012,15:15,9,5,4
23/08/2012,15:30,19,9,10
23/08/2012,15:45,20,6,14
23/08/2012,16:00,24,10,14
23/08/2012,16:15,19,6,13
23/08/2012,16:30,31,6,25
23/08/2012,16:45,34,16,18
23/08/2012,17:00,31,16,15
23/08/2012,17:15,42,26,16
23/08/2012,17:30,37,20,17
23/08/2012,17:45,43,23,20
23/08/2012,18:00,39,25,14
23/08/2012,18:15,36,24,12
23/08/2012,18:30,60,43,17
23/08/2012,18:45,34,18,16
23/08/2012,19:00,47,28,19
23/08/2012,19:15,31,19,12
23/08/2012,19:30,44,23,21
23/08/2012,19:45,32,16,16
23/08/2012,20:00,17,13,4
23/08/2012,20:15,12,6,6
23/08/2012,20:30,8,2,6
23/08/2012,20:45,3,1,2
23/08/2012,21:00,1,1,0
23/08/2012,21:15,2,0,2
23/08/2012,21:30,4,3,1
23/08/2012,21:45,4,2,2
23/08/2012,22:00,2,1,1
23/08/2012,22:15,4,2,2
23/08/2012,22:30,5,1,4
23/08/2012,22:45,3,2,1
23/08/2012,23:00,3,0,3
23/08/2012,23:15,1,1,0
23/08/2012,23:30,1,0,1
23/08/2012,23:45,0,0,0
24/08/2012,00:00,0,0,0
24/08/2012,00:15,1,1,1
24/08/2012,00:30,1,0,1
24/08/2012,00:45,2,1,1
24/08/2012,01:00,0,0,0
24/08/2012,01:15,1,0,1
24/08/2012,01:30,0,0,0
24/08/2012,01:45,1,0,0
24/08/2012,02:00,0,0,0
24/08/2012,02:15,0,0,0
24/08/2012,02:30,0,0,0
24/08/2012,02:45,0,0,0
24/08/2012,03:00,2,1,1
24/08/2012,03:15,0,0,0
24/08/2012,03:30,1,1,0
24/08/2012,03:45,2,2,0
24/08/2012,04:00,1,1,0
24/08/2012,04:15,1,1,0
24/08/2012,04:30,1,1,1
24/08/2012,04:45,1,0,1
24/08/2012,05:00,5,3,3
24/08/2012,05:15,6,4,2
24/08/2012,05:30,7,5,2
24/08/2012,05:45,9,3,7
24/08/2012,06:00,13,7,6
24/08/2012,06:15,15,8,8
24/08/2012,06:30,22,8,14
24/08/2012,06:45,19,7,12
24/08/2012,07:00,26,10,16
24/08/2012,07:15,26,8,18
24/08/2012,07:30,26,10,16
24/08/2012,07:45,31,12,19
24/08/2012,08:00,26,11,16
24/08/2012,08:15,23,8,15
24/08/2012,08:30,18,7,11
24/08/2012,08:45,18,9,9
24/08/2012,09:00,13,6,7
24/08/2012,09:15,9,4,6
24/08/2012,09:30,19,12,8
24/08/2012,09:45,14,6,7
24/08/2012,10:00,13,7,6
24/08/2012,10:15,17,7,11
24/08/2012,10:30,21,12,9
24/08/2012,10:45,21,14,6
24/08/2012,11:00,16,9,7
24/08/2012,11:15,13,9,5
24/08/2012,11:30,18,10,8
24/08/2012,11:45,18,14,5
24/08/2012,12:00,21,16,6
24/08/2012,12:15,15,11,4
24/08/2012,12:30,19,15,5
24/08/2012,12:45,17,13,4
24/08/2012,13:00,16,12,4
24/08/2012,13:15,18,14,4
24/08/2012,13:30,16,11,5
24/08/2012,13:45,14,9,6
24/08/2012,14:00,16,12,4
24/08/2012,14:15,14,8,6
24/08/2012,14:30,17,11,6
24/08/2012,14:45,13,9,3
24/08/2012,15:00,15,10,5
24/08/2012,15:15,18,11,7
24/08/2012,15:30,23,16,7
24/08/2012,15:45,19,8,11
24/08/2012,16:00,23,15,8
24/08/2012,16:15,23,14,9
24/08/2012,16:30,22,17,6
24/08/2012,16:45,25,15,10
24/08/2012,17:00,28,17,11
24/08/2012,17:15,26,17,10
24/08/2012,17:30,28,19,9
24/08/2012,17:45,27,15,12
24/08/2012,18:00,25,17,8
24/08/2012,18:15,23,16,7
24/08/2012,18:30,22,14,8
24/08/2012,18:45,19,15,5
24/08/2012,19:00,21,16,5
24/08/2012,19:15,19,13,6
24/08/2012,19:30,17,13,4
24/08/2012,19:45,13,9,4
24/08/2012,20:00,11,7,4
24/08/2012,20:15,7,3,3
24/08/2012,20:30,4,2,2
24/08/2012,20:45,4,2,2
24/08/2012,21:00,5,3,2
24/08/2012,21:15,3,1,2
24/08/2012,21:30,7,5,2
24/08/2012,21:45,3,2,2
24/08/2012,22:00,5,2,2
24/08/2012,22:15,3,2,1
24/08/2012,22:30,3,2,1
24/08/2012,22:45,2,1,1
24/08/2012,23:00,1,1,1
24/08/2012,23:15,1,0,1
24/08/2012,23:30,2,1,1
24/08/2012,23:45,2,1,1
25/08/2012,00:00,2,1,1
25/08/2012,00:15,1,1,1
25/08/2012,00:30,1,0,1
25/08/2012,00:45,1,1,1
25/08/2012,01:00,1,0,1
25/08/2012,01:15,1,0,1
25/08/2012,01:30,1,0,0
25/08/2012,01:45,2,1,1
25/08/2012,02:00,1,0,1
25/08/2012,02:15,1,0,0
25/08/2012,02:30,1,1,0
25/08/2012,02:45,1,1,0
25/08/2012,03:00,1,1,0
25/08/2012,03:15,1,0,0
25/08/2012,03:30,1,0,0
25/08/2012,03:45,0,0,0
25/08/2012,04:00,0,0,0
25/08/2012,04:15,1,1,0
25/08/2012,04:30,1,1,0
25/08/2012,04:45,1,1,0
25/08/2012,05:00,2,1,1
25/08/2012,05:15,2,1,1
25/08/2012,05:30,3,3,0
25/08/2012,05:45,3,2,1
25/08/2012,06:00,5,2,3
25/08/2012,06:15,7,4,3
25/08/2012,06:30,13,7,6
25/08/2012,06:45,13,5,8
25/08/2012,07:00,22,10,13
25/08/2012,07:15,22,10,12
25/08/2012,07:30,21,10,11
25/08/2012,07:45,25,14,12
25/08/2012,08:00,35,15,20
25/08/2012,08:15,37,16,21
25/08/2012,08:30,35,20,14
25/08/2012,08:45,36,17,18
25/08/2012,09:00,41,20,21
25/08/2012,09:15,43,20,23
25/08/2012,09:30,45,21,24
25/08/2012,09:45,42,21,21
25/08/2012,10:00,46,24,21
25/08/2012,10:15,58,30,28
25/08/2012,10:30,55,32,24
25/08/2012,10:45,54,31,23
25/08/2012,11:00,55,31,25
25/08/2012,11:15,56,35,20
25/08/2012,11:30,49,26,23
25/08/2012,11:45,41,24,17
25/08/2012,12:00,54,33,21
25/08/2012,12:15,43,25,18
25/08/2012,12:30,39,22,17
25/08/2012,12:45,43,22,21
25/08/2012,13:00,37,19,18
25/08/2012,13:15,44,25,19
25/08/2012,13:30,38,22,16
25/08/2012,13:45,35,20,15
25/08/2012,14:00,38,21,17
25/08/2012,14:15,27,15,13
25/08/2012,14:30,33,15,18
25/08/2012,14:45,31,17,14
25/08/2012,15:00,27,14,13
25/08/2012,15:15,32,12,20
25/08/2012,15:30,27,13,14
25/08/2012,15:45,36,22,14
25/08/2012,16:00,20,11,9
25/08/2012,16:15,26,10,16
25/08/2012,16:30,16,9,8
25/08/2012,16:45,22,12,10
25/08/2012,17:00,20,11,9
25/08/2012,17:15,22,10,12
25/08/2012,17:30,14,8,6
25/08/2012,17:45,17,9,8
25/08/2012,18:00,17,9,7
25/08/2012,18:15,16,11,5
25/08/2012,18:30,15,9,6
25/08/2012,18:45,15,7,8
25/08/2012,19:00,14,10,4
25/08/2012,19:15,11,6,5
25/08/2012,19:30,12,7,5
25/08/2012,19:45,10,5,5
25/08/2012,20:00,7,3,4
25/08/2012,20:15,5,3,2
25/08/2012,20:30,5,2,2
25/08/2012,20:45,3,2,1
25/08/2012,21:00,3,2,1
25/08/2012,21:15,4,2,2
25/08/2012,21:30,4,3,2
25/08/2012,21:45,2,1,1
25/08/2012,22:00,3,1,1
25/08/2012,22:15,3,2,1
25/08/2012,22:30,2,1,1
25/08/2012,22:45,1,0,1
25/08/2012,23:00,1,1,1
25/08/2012,23:15,1,0,1
25/08/2012,23:30,3,1,2
25/08/2012,23:45,3,1,2
26/08/2012,00:00,0,0,0
26/08/2012,00:15,0,0,0
26/08/2012,00:30,2,0,2
26/08/2012,00:45,0,0,0
26/08/2012,01:00,0,0,0
26/08/2012,01:15,0,0,0
26/08/2012,01:30,1,0,1
26/08/2012,01:45,0,0,0
26/08/2012,02:00,1,1,0
26/08/2012,02:15,1,1,0
26/08/2012,02:30,0,0,0
26/08/2012,02:45,0,0,0
26/08/2012,03:00,0,0,0
26/08/2012,03:15,0,0,0
26/08/2012,03:30,0,0,0
26/08/2012,03:45,0,0,0
26/08/2012,04:00,1,0,1
26/08/2012,04:15,0,0,0
26/08/2012,04:30,1,1,0
26/08/2012,04:45,2,0,2
26/08/2012,05:00,0,0,0
26/08/2012,05:15,0,0,0
26/08/2012,05:30,3,2,1
26/08/2012,05:45,1,0,1
26/08/2012,06:00,1,0,1
26/08/2012,06:15,9,6,3
26/08/2012,06:30,3,1,2
26/08/2012,06:45,9,6,3
26/08/2012,07:00,6,4,2
26/08/2012,07:15,11,3,8
26/08/2012,07:30,19,11,8
26/08/2012,07:45,22,8,14
26/08/2012,08:00,19,8,11
26/08/2012,08:15,30,16,14
26/08/2012,08:30,34,13,21
26/08/2012,08:45,26,11,15
26/08/2012,09:00,32,17,15
26/08/2012,09:15,26,11,15
26/08/2012,09:30,30,22,8
26/08/2012,09:45,39,19,20
26/08/2012,10:00,22,10,12
26/08/2012,10:15,31,16,15
26/08/2012,10:30,33,20,13
26/08/2012,10:45,44,22,22
26/08/2012,11:00,56,27,29
26/08/2012,11:15,43,25,18
26/08/2012,11:30,45,20,25
26/08/2012,11:45,39,27,12
26/08/2012,12:00,38,16,22
26/08/2012,12:15,39,16,23
26/08/2012,12:30,33,11,22
26/08/2012,12:45,38,23,15
26/08/2012,13:00,23,10,13
26/08/2012,13:15,25,15,10
26/08/2012,13:30,16,7,9
26/08/2012,13:45,18,7,11
26/08/2012,14:00,22,11,11
26/08/2012,14:15,13,4,9
26/08/2012,14:30,15,8,7
26/08/2012,14:45,14,10,4
26/08/2012,15:00,23,9,14
26/08/2012,15:15,24,12,12
26/08/2012,15:30,17,5,12
26/08/2012,15:45,16,4,12
26/08/2012,16:00,15,7,8
26/08/2012,16:15,10,7,3
26/08/2012,16:30,8,6,2
26/08/2012,16:45,14,10,4
26/08/2012,17:00,16,10,6
26/08/2012,17:15,6,3,3
26/08/2012,17:30,6,2,4
26/08/2012,17:45,6,2,4
26/08/2012,18:00,11,1,10
26/08/2012,18:15,12,5,7
26/08/2012,18:30,12,7,5
26/08/2012,18:45,17,6,11
26/08/2012,19:00,14,5,9
26/08/2012,19:15,6,2,4
26/08/2012,19:30,7,3,4
26/08/2012,19:45,9,3,6
26/08/2012,20:00,7,4,3
26/08/2012,20:15,3,0,3
26/08/2012,20:30,4,2,2
26/08/2012,20:45,1,1,0
26/08/2012,21:00,0,0,0
26/08/2012,21:15,1,1,0
26/08/2012,21:30,0,0,0
26/08/2012,21:45,2,0,2
26/08/2012,22:00,4,3,1
26/08/2012,22:15,2,0,2
26/08/2012,22:30,0,0,0
26/08/2012,22:45,2,1,1
26/08/2012,23:00,1,0,1
26/08/2012,23:15,0,0,0
26/08/2012,23:30,8,4,4
26/08/2012,23:45,1,1,0
27/08/2012,00:00,2,1,1
27/08/2012,00:15,3,2,1
27/08/2012,00:30,1,1,0
27/08/2012,00:45,0,0,0
27/08/2012,01:00,1,0,1
27/08/2012,01:15,0,0,0
27/08/2012,01:30,0,0,0
27/08/2012,01:45,0,0,0
27/08/2012,02:00,0,0,0
27/08/2012,02:15,1,1,0
27/08/2012,02:30,1,1,0
27/08/2012,02:45,0,0,0
27/08/2012,03:00,0,0,0
27/08/2012,03:15,0,0,0
27/08/2012,03:30,0,0,0
27/08/2012,03:45,2,1,1
27/08/2012,04:00,1,1,0
27/08/2012,04:15,6,5,1
27/08/2012,04:30,1,1,0
27/08/2012,04:45,3,1,2
27/08/2012,05:00,4,2,2
27/08/2012,05:15,9,3,6
27/08/2012,05:30,9,1,8
27/08/2012,05:45,11,4,7
27/08/2012,06:00,13,5,8
27/08/2012,06:15,16,3,13
27/08/2012,06:30,30,8,22
27/08/2012,06:45,23,8,15
27/08/2012,07:00,25,12,13
27/08/2012,07:15,28,7,21
27/08/2012,07:30,35,16,19
27/08/2012,07:45,28,11,17
27/08/2012,08:00,24,8,16
27/08/2012,08:15,21,7,14
27/08/2012,08:30,18,7,11
27/08/2012,08:45,24,9,15
27/08/2012,09:00,16,5,11
27/08/2012,09:15,14,10,4
27/08/2012,09:30,17,9,8
27/08/2012,09:45,17,15,2
27/08/2012,10:00,17,8,9
27/08/2012,10:15,18,13,5
27/08/2012,10:30,16,8,8
27/08/2012,10:45,16,11,5
27/08/2012,11:00,18,13,5
27/08/2012,11:15,22,11,11
27/08/2012,11:30,28,19,9
27/08/2012,11:45,16,6,10
27/08/2012,12:00,16,7,9
27/08/2012,12:15,23,14,9
27/08/2012,12:30,20,13,7
27/08/2012,12:45,14,7,7
27/08/2012,13:00,26,22,4
27/08/2012,13:15,17,14,3
27/08/2012,13:30,13,8,5
27/08/2012,13:45,18,14,4
27/08/2012,14:00,19,15,4
27/08/2012,14:15,20,14,6
27/08/2012,14:30,18,11,7
27/08/2012,14:45,18,4,14
27/08/2012,15:00,14,6,8
27/08/2012,15:15,18,3,15
27/08/2012,15:30,17,6,11
27/08/2012,15:45,16,8,8
27/08/2012,16:00,17,6,11
27/08/2012,16:15,20,10,10
27/08/2012,16:30,30,15,15
27/08/2012,16:45,37,14,23
27/08/2012,17:00,35,19,16
27/08/2012,17:15,34,23,11
27/08/2012,17:30,47,27,20
27/08/2012,17:45,35,21,14
27/08/2012,18:00,70,43,27
27/08/2012,18:15,46,28,18
27/08/2012,18:30,47,29,18
27/08/2012,18:45,35,20,15
27/08/2012,19:00,45,32,13
27/08/2012,19:15,33,21,12
27/08/2012,19:30,35,19,16
27/08/2012,19:45,27,14,13
27/08/2012,20:00,16,10,6
27/08/2012,20:15,15,5,10
27/08/2012,20:30,4,0,4
27/08/2012,20:45,7,5,2
27/08/2012,21:00,7,5,2
27/08/2012,21:15,11,1,10
27/08/2012,21:30,5,2,3
27/08/2012,21:45,7,4,3
27/08/2012,22:00,4,1,3
27/08/2012,22:15,10,5,5
27/08/2012,22:30,2,1,1
27/08/2012,22:45,3,3,0
27/08/2012,23:00,2,1,1
27/08/2012,23:15,2,1,1
27/08/2012,23:30,2,0,2
27/08/2012,23:45,2,2,0
28/08/2012,00:00,6,4,2
28/08/2012,00:15,2,0,2
28/08/2012,00:30,0,0,0
28/08/2012,00:45,0,0,0
28/08/2012,01:00,0,0,0
28/08/2012,01:15,0,0,0
28/08/2012,01:30,0,0,0
28/08/2012,01:45,0,0,0
28/08/2012,02:00,0,0,0
28/08/2012,02:15,1,0,1
28/08/2012,02:30,1,0,1
28/08/2012,02:45,0,0,0
28/08/2012,03:00,1,1,0
28/08/2012,03:15,0,0,0
28/08/2012,03:30,0,0,0
28/08/2012,03:45,1,0,1
28/08/2012,04:00,1,0,1
28/08/2012,04:15,3,2,1
28/08/2012,04:30,0,0,0
28/08/2012,04:45,2,0,2
28/08/2012,05:00,4,1,3
28/08/2012,05:15,11,5,6
28/08/2012,05:30,8,3,5
28/08/2012,05:45,15,5,10
28/08/2012,06:00,14,6,8
28/08/2012,06:15,32,12,20
28/08/2012,06:30,29,12,17
28/08/2012,06:45,20,10,10
28/08/2012,07:00,24,14,10
28/08/2012,07:15,34,18,16
28/08/2012,07:30,22,8,14
28/08/2012,07:45,23,10,13
28/08/2012,08:00,23,4,19
28/08/2012,08:15,17,12,5
28/08/2012,08:30,18,7,11
28/08/2012,08:45,19,8,11
28/08/2012,09:00,11,6,5
28/08/2012,09:15,9,3,6
28/08/2012,09:30,5,2,3
28/08/2012,09:45,6,3,3
28/08/2012,10:00,8,2,6
28/08/2012,10:15,11,2,9
28/08/2012,10:30,6,5,1
28/08/2012,10:45,15,11,4
28/08/2012,11:00,12,6,6
28/08/2012,11:15,6,3,3
28/08/2012,11:30,11,4,7
28/08/2012,11:45,14,9,5
28/08/2012,12:00,8,3,5
28/08/2012,12:15,14,9,5
28/08/2012,12:30,13,11,2
28/08/2012,12:45,13,8,5
28/08/2012,13:00,26,20,6
28/08/2012,13:15,16,10,6
28/08/2012,13:30,10,5,5
28/08/2012,13:45,16,11,5
28/08/2012,14:00,20,8,12
28/08/2012,14:15,10,5,5
28/08/2012,14:30,11,5,6
28/08/2012,14:45,12,7,5
28/08/2012,15:00,24,16,8
28/08/2012,15:15,16,7,9
28/08/2012,15:30,12,5,7
28/08/2012,15:45,16,7,9
28/08/2012,16:00,13,4,9
28/08/2012,16:15,20,13,7
28/08/2012,16:30,23,15,8
28/08/2012,16:45,31,15,16
28/08/2012,17:00,28,18,10
28/08/2012,17:15,35,18,17
28/08/2012,17:30,55,34,21
28/08/2012,17:45,47,27,20
28/08/2012,18:00,53,35,18
28/08/2012,18:15,61,34,27
28/08/2012,18:30,55,36,19
28/08/2012,18:45,54,43,11
28/08/2012,19:00,50,34,16
28/08/2012,19:15,51,40,11
28/08/2012,19:30,25,22,3
28/08/2012,19:45,26,23,3
28/08/2012,20:00,16,11,5
28/08/2012,20:15,20,13,7
28/08/2012,20:30,7,6,1
28/08/2012,20:45,7,4,3
28/08/2012,21:00,2,0,2
28/08/2012,21:15,3,2,1
28/08/2012,21:30,3,1,2
28/08/2012,21:45,1,1,0
28/08/2012,22:00,4,1,3
28/08/2012,22:15,1,1,0
28/08/2012,22:30,4,2,2
28/08/2012,22:45,1,1,0
28/08/2012,23:00,2,1,1
28/08/2012,23:15,3,1,2
28/08/2012,23:30,1,0,1
28/08/2012,23:45,1,0,1
29/08/2012,00:00,0,0,0
29/08/2012,00:15,1,0,1
29/08/2012,00:30,0,0,0
29/08/2012,00:45,1,0,1
29/08/2012,01:00,1,1,0
29/08/2012,01:15,0,0,0
29/08/2012,01:30,0,0,0
29/08/2012,01:45,0,0,0
29/08/2012,02:00,0,0,0
29/08/2012,02:15,0,0,0
29/08/2012,02:30,0,0,0
29/08/2012,02:45,0,0,0
29/08/2012,03:00,2,2,0
29/08/2012,03:15,0,0,0
29/08/2012,03:30,0,0,0
29/08/2012,03:45,0,0,0
29/08/2012,04:00,1,0,1
29/08/2012,04:15,4,3,1
29/08/2012,04:30,1,1,0
29/08/2012,04:45,1,1,0
29/08/2012,05:00,5,2,3
29/08/2012,05:15,8,4,4
29/08/2012,05:30,8,2,6
29/08/2012,05:45,13,6,7
29/08/2012,06:00,14,8,6
29/08/2012,06:15,26,12,14
29/08/2012,06:30,38,15,23
29/08/2012,06:45,44,12,32
29/08/2012,07:00,36,11,25
29/08/2012,07:15,36,9,27
29/08/2012,07:30,41,13,28
29/08/2012,07:45,42,15,27
29/08/2012,08:00,36,9,27
29/08/2012,08:15,29,9,20
29/08/2012,08:30,26,11,15
29/08/2012,08:45,30,17,13
29/08/2012,09:00,25,14,11
29/08/2012,09:15,32,18,14
29/08/2012,09:30,18,14,4
29/08/2012,09:45,37,29,8
29/08/2012,10:00,15,6,9
29/08/2012,10:15,25,8,17
29/08/2012,10:30,26,21,5
29/08/2012,10:45,33,26,7
29/08/2012,11:00,40,27,13
29/08/2012,11:15,39,30,9
29/08/2012,11:30,26,17,9
29/08/2012,11:45,24,14,10
29/08/2012,12:00,34,27,7
29/08/2012,12:15,40,30,10
29/08/2012,12:30,34,26,8
29/08/2012,12:45,23,11,12
29/08/2012,13:00,15,8,7
29/08/2012,13:15,19,4,15
29/08/2012,13:30,15,5,10
29/08/2012,13:45,16,10,6
29/08/2012,14:00,14,6,8
29/08/2012,14:15,12,6,6
29/08/2012,14:30,15,4,11
29/08/2012,14:45,12,3,9
29/08/2012,15:00,17,7,10
29/08/2012,15:15,18,6,12
29/08/2012,15:30,16,4,12
29/08/2012,15:45,27,14,13
29/08/2012,16:00,28,10,18
29/08/2012,16:15,32,19,13
29/08/2012,16:30,25,16,9
29/08/2012,16:45,39,21,18
29/08/2012,17:00,40,18,22
29/08/2012,17:15,44,21,23
29/08/2012,17:30,40,22,18
29/08/2012,17:45,50,33,17
29/08/2012,18:00,52,27,25
29/08/2012,18:15,54,32,22
29/08/2012,18:30,55,32,23
29/08/2012,18:45,34,19,15
29/08/2012,19:00,47,36,11
29/08/2012,19:15,38,22,16
29/08/2012,19:30,50,24,26
29/08/2012,19:45,32,19,13
29/08/2012,20:00,26,9,17
29/08/2012,20:15,18,8,10
29/08/2012,20:30,14,8,6
29/08/2012,20:45,11,6,5
29/08/2012,21:00,11,6,5
29/08/2012,21:15,5,1,4
29/08/2012,21:30,5,2,3
29/08/2012,21:45,5,3,2
29/08/2012,22:00,2,0,2
29/08/2012,22:15,1,0,1
29/08/2012,22:30,1,0,1
29/08/2012,22:45,3,1,2
29/08/2012,23:00,1,1,0
29/08/2012,23:15,1,1,0
29/08/2012,23:30,3,1,2
29/08/2012,23:45,2,1,1
30/08/2012,00:00,0,0,0
30/08/2012,00:15,1,0,1
30/08/2012,00:30,0,0,0
30/08/2012,00:45,1,0,1
30/08/2012,01:00,0,0,0
30/08/2012,01:15,0,0,0
30/08/2012,01:30,0,0,0
30/08/2012,01:45,0,0,0
30/08/2012,02:00,0,0,0
30/08/2012,02:15,0,0,0
30/08/2012,02:30,0,0,0
30/08/2012,02:45,1,1,0
30/08/2012,03:00,1,0,1
30/08/2012,03:15,0,0,0
30/08/2012,03:30,3,3,0
30/08/2012,03:45,0,0,0
30/08/2012,04:00,3,3,0
30/08/2012,04:15,1,0,1
30/08/2012,04:30,1,0,1
30/08/2012,04:45,1,0,1
30/08/2012,05:00,6,3,3
30/08/2012,05:15,6,4,2
30/08/2012,05:30,12,5,7
30/08/2012,05:45,10,4,6
30/08/2012,06:00,24,12,12
30/08/2012,06:15,20,8,12
30/08/2012,06:30,34,14,20
30/08/2012,06:45,25,8,17
30/08/2012,07:00,47,15,32
30/08/2012,07:15,36,15,21
30/08/2012,07:30,38,10,28
30/08/2012,07:45,36,12,24
30/08/2012,08:00,32,9,23
30/08/2012,08:15,33,13,20
30/08/2012,08:30,26,7,19
30/08/2012,08:45,18,8,10
30/08/2012,09:00,16,8,8
30/08/2012,09:15,21,6,15
30/08/2012,09:30,5,1,4
30/08/2012,09:45,11,8,3
30/08/2012,10:00,10,3,7
30/08/2012,10:15,22,8,14
30/08/2012,10:30,22,17,5
30/08/2012,10:45,21,14,7
30/08/2012,11:00,15,10,5
30/08/2012,11:15,18,13,5
30/08/2012,11:30,22,16,6
30/08/2012,11:45,18,11,7
30/08/2012,12:00,9,5,4
30/08/2012,12:15,33,23,10
30/08/2012,12:30,18,12,6
30/08/2012,12:45,15,7,8
30/08/2012,13:00,14,8,6
30/08/2012,13:15,13,5,8
30/08/2012,13:30,23,16,7
30/08/2012,13:45,17,5,12
30/08/2012,14:00,12,3,9
30/08/2012,14:15,14,10,4
30/08/2012,14:30,19,12,7
30/08/2012,14:45,17,7,10
30/08/2012,15:00,11,5,6
30/08/2012,15:15,15,8,7
30/08/2012,15:30,13,4,9
30/08/2012,15:45,20,13,7
30/08/2012,16:00,20,5,15
30/08/2012,16:15,19,13,6
30/08/2012,16:30,28,20,8
30/08/2012,16:45,32,14,18
30/08/2012,17:00,39,19,20
30/08/2012,17:15,46,33,13
30/08/2012,17:30,46,30,16
30/08/2012,17:45,56,34,22
30/08/2012,18:00,53,33,20
30/08/2012,18:15,43,26,17
30/08/2012,18:30,42,28,14
30/08/2012,18:45,45,41,4
30/08/2012,19:00,40,27,13
30/08/2012,19:15,23,14,9
30/08/2012,19:30,26,18,8
30/08/2012,19:45,21,13,8
30/08/2012,20:00,15,7,8
30/08/2012,20:15,12,3,9
30/08/2012,20:30,9,4,5
30/08/2012,20:45,8,6,2
30/08/2012,21:00,8,6,2
30/08/2012,21:15,8,3,5
30/08/2012,21:30,3,1,2
30/08/2012,21:45,2,1,1
30/08/2012,22:00,5,2,3
30/08/2012,22:15,4,0,4
30/08/2012,22:30,2,1,1
30/08/2012,22:45,2,1,1
30/08/2012,23:00,3,1,2
30/08/2012,23:15,2,1,1
30/08/2012,23:30,1,0,1
30/08/2012,23:45,0,0,0
31/08/2012,00:00,0,0,0
31/08/2012,00:15,0,0,0
31/08/2012,00:30,1,0,1
31/08/2012,00:45,2,2,0
31/08/2012,01:00,0,0,0
31/08/2012,01:15,0,0,0
31/08/2012,01:30,0,0,0
31/08/2012,01:45,1,0,1
31/08/2012,02:00,0,0,0
31/08/2012,02:15,0,0,0
31/08/2012,02:30,0,0,0
31/08/2012,02:45,0,0,0
31/08/2012,03:00,2,1,1
31/08/2012,03:15,0,0,0
31/08/2012,03:30,0,0,0
31/08/2012,03:45,3,3,0
31/08/2012,04:00,0,0,0
31/08/2012,04:15,1,1,0
31/08/2012,04:30,2,1,1
31/08/2012,04:45,0,0,0
31/08/2012,05:00,7,4,3
31/08/2012,05:15,3,3,0
31/08/2012,05:30,9,5,4
31/08/2012,05:45,9,2,7
31/08/2012,06:00,16,10,6
31/08/2012,06:15,23,11,12
31/08/2012,06:30,30,10,20
31/08/2012,06:45,22,6,16
31/08/2012,07:00,29,6,23
31/08/2012,07:15,27,7,20
31/08/2012,07:30,35,12,23
31/08/2012,07:45,44,25,19
31/08/2012,08:00,35,18,17
31/08/2012,08:15,24,6,18
31/08/2012,08:30,21,7,14
31/08/2012,08:45,29,16,13
31/08/2012,09:00,11,5,6
31/08/2012,09:15,4,2,2
31/08/2012,09:30,28,17,11
31/08/2012,09:45,19,11,8
31/08/2012,10:00,10,5,5
31/08/2012,10:15,17,7,10
31/08/2012,10:30,28,15,13
31/08/2012,10:45,18,12,6
31/08/2012,11:00,21,11,10
31/08/2012,11:15,13,9,4
31/08/2012,11:30,18,10,8
31/08/2012,11:45,23,19,4
31/08/2012,12:00,26,19,7
31/08/2012,12:15,17,14,3
31/08/2012,12:30,13,10,3
31/08/2012,12:45,28,21,7
31/08/2012,13:00,19,14,5
31/08/2012,13:15,13,7,6
31/08/2012,13:30,17,16,1
31/08/2012,13:45,17,9,8
31/08/2012,14:00,14,10,4
31/08/2012,14:15,10,5,5
31/08/2012,14:30,18,13,5
31/08/2012,14:45,17,13,4
31/08/2012,15:00,16,11,5
31/08/2012,15:15,15,13,2
31/08/2012,15:30,33,26,7
31/08/2012,15:45,23,14,9
31/08/2012,16:00,19,15,4
31/08/2012,16:15,31,28,3
31/08/2012,16:30,24,18,6
31/08/2012,16:45,25,19,6
31/08/2012,17:00,30,21,9
31/08/2012,17:15,19,13,6
31/08/2012,17:30,29,23,6
31/08/2012,17:45,18,13,5
31/08/2012,18:00,11,11,0
31/08/2012,18:15,17,13,4
31/08/2012,18:30,22,14,8
31/08/2012,18:45,14,11,3
31/08/2012,19:00,10,10,0
31/08/2012,19:15,10,8,2
31/08/2012,19:30,21,20,1
31/08/2012,19:45,9,7,2
31/08/2012,20:00,10,9,1
31/08/2012,20:15,4,1,3
31/08/2012,20:30,2,2,0
31/08/2012,20:45,2,2,0
31/08/2012,21:00,6,6,0
31/08/2012,21:15,1,1,0
31/08/2012,21:30,4,4,0
31/08/2012,21:45,3,2,1
31/08/2012,22:00,4,4,0
31/08/2012,22:15,4,3,1
31/08/2012,22:30,1,1,0
31/08/2012,22:45,2,1,1
31/08/2012,23:00,1,1,0
31/08/2012,23:15,1,0,1
31/08/2012,23:30,1,0,1
31/08/2012,23:45,1,1,0
01/09/2012,00:00,1,1,0
01/09/2012,00:15,1,0,1
01/09/2012,00:30,1,0,1
01/09/2012,00:45,0,0,0
01/09/2012,01:00,1,0,1
01/09/2012,01:15,0,0,0
01/09/2012,01:30,1,1,0
01/09/2012,01:45,1,1,0
01/09/2012,02:00,3,1,2
01/09/2012,02:15,1,0,1
01/09/2012,02:30,2,1,1
01/09/2012,02:45,2,2,0
01/09/2012,03:00,1,0,1
01/09/2012,03:15,0,0,0
01/09/2012,03:30,0,0,0
01/09/2012,03:45,0,0,0
01/09/2012,04:00,0,0,0
01/09/2012,04:15,0,0,0
01/09/2012,04:30,2,1,1
01/09/2012,04:45,0,0,0
01/09/2012,05:00,1,0,1
01/09/2012,05:15,0,0,0
01/09/2012,05:30,4,3,1
01/09/2012,05:45,1,1,0
01/09/2012,06:00,9,5,4
01/09/2012,06:15,11,6,5
01/09/2012,06:30,13,5,8
01/09/2012,06:45,16,10,6
01/09/2012,07:00,40,12,28
01/09/2012,07:15,34,17,17
01/09/2012,07:30,17,8,9
01/09/2012,07:45,25,17,8
01/09/2012,08:00,24,11,13
01/09/2012,08:15,37,25,12
01/09/2012,08:30,43,29,14
01/09/2012,08:45,41,27,14
01/09/2012,09:00,22,12,10
01/09/2012,09:15,37,22,15
01/09/2012,09:30,38,23,15
01/09/2012,09:45,40,27,13
01/09/2012,10:00,41,26,15
01/09/2012,10:15,33,18,15
01/09/2012,10:30,36,19,17
01/09/2012,10:45,47,28,19
01/09/2012,11:00,42,25,17
01/09/2012,11:15,40,25,15
01/09/2012,11:30,36,21,15
01/09/2012,11:45,26,21,5
01/09/2012,12:00,31,18,13
01/09/2012,12:15,38,27,11
01/09/2012,12:30,30,17,13
01/09/2012,12:45,43,23,20
01/09/2012,13:00,25,13,12
01/09/2012,13:15,25,15,10
01/09/2012,13:30,24,15,9
01/09/2012,13:45,36,26,10
01/09/2012,14:00,38,23,15
01/09/2012,14:15,25,18,7
01/09/2012,14:30,26,15,11
01/09/2012,14:45,26,19,7
01/09/2012,15:00,14,9,5
01/09/2012,15:15,11,6,5
01/09/2012,15:30,17,10,7
01/09/2012,15:45,22,10,12
01/09/2012,16:00,16,12,4
01/09/2012,16:15,28,22,6
01/09/2012,16:30,11,9,2
01/09/2012,16:45,17,12,5
01/09/2012,17:00,10,7,3
01/09/2012,17:15,21,19,2
01/09/2012,17:30,14,10,4
01/09/2012,17:45,17,11,6
01/09/2012,18:00,15,15,0
01/09/2012,18:15,21,18,3
01/09/2012,18:30,10,9,1
01/09/2012,18:45,5,4,1
01/09/2012,19:00,10,8,2
01/09/2012,19:15,9,9,0
01/09/2012,19:30,10,8,2
01/09/2012,19:45,7,7,0
01/09/2012,20:00,11,6,5
01/09/2012,20:15,2,1,1
01/09/2012,20:30,2,2,0
01/09/2012,20:45,2,2,0
01/09/2012,21:00,4,4,0
01/09/2012,21:15,2,2,0
01/09/2012,21:30,0,0,0
01/09/2012,21:45,4,2,2
01/09/2012,22:00,1,1,0
01/09/2012,22:15,1,1,0
01/09/2012,22:30,0,0,0
01/09/2012,22:45,1,0,1
01/09/2012,23:00,0,0,0
01/09/2012,23:15,1,0,1
01/09/2012,23:30,1,0,1
01/09/2012,23:45,1,0,1
02/09/2012,00:00,0,0,0
02/09/2012,00:15,1,0,1
02/09/2012,00:30,0,0,0
02/09/2012,00:45,0,0,0
02/09/2012,01:00,0,0,0
02/09/2012,01:15,3,1,2
02/09/2012,01:30,0,0,0
02/09/2012,01:45,2,0,2
02/09/2012,02:00,0,0,0
02/09/2012,02:15,0,0,0
02/09/2012,02:30,0,0,0
02/09/2012,02:45,0,0,0
02/09/2012,03:00,0,0,0
02/09/2012,03:15,0,0,0
02/09/2012,03:30,0,0,0
02/09/2012,03:45,0,0,0
02/09/2012,04:00,2,2,0
02/09/2012,04:15,0,0,0
02/09/2012,04:30,0,0,0
02/09/2012,04:45,0,0,0
02/09/2012,05:00,0,0,0
02/09/2012,05:15,1,0,1
02/09/2012,05:30,2,2,0
02/09/2012,05:45,1,0,1
02/09/2012,06:00,3,1,2
02/09/2012,06:15,5,2,3
02/09/2012,06:30,2,0,2
02/09/2012,06:45,10,7,3
02/09/2012,07:00,6,3,3
02/09/2012,07:15,7,3,4
02/09/2012,07:30,16,9,7
02/09/2012,07:45,14,11,3
02/09/2012,08:00,30,13,17
02/09/2012,08:15,18,5,13
02/09/2012,08:30,21,7,14
02/09/2012,08:45,26,11,15
02/09/2012,09:00,25,7,18
02/09/2012,09:15,36,19,17
02/09/2012,09:30,33,14,19
02/09/2012,09:45,33,12,21
02/09/2012,10:00,43,15,28
02/09/2012,10:15,29,7,22
02/09/2012,10:30,46,16,30
02/09/2012,10:45,34,13,21
02/09/2012,11:00,49,18,31
02/09/2012,11:15,34,17,17
02/09/2012,11:30,47,25,22
02/09/2012,11:45,31,16,15
02/09/2012,12:00,33,14,19
02/09/2012,12:15,24,9,15
02/09/2012,12:30,41,18,23
02/09/2012,12:45,26,18,8
02/09/2012,13:00,18,12,6
02/09/2012,13:15,18,13,5
02/09/2012,13:30,20,5,15
02/09/2012,13:45,22,9,13
02/09/2012,14:00,14,5,9
02/09/2012,14:15,15,4,11
02/09/2012,14:30,13,1,12
02/09/2012,14:45,10,2,8
02/09/2012,15:00,10,5,5
02/09/2012,15:15,13,2,11
02/09/2012,15:30,6,3,3
02/09/2012,15:45,7,3,4
02/09/2012,16:00,15,4,11
02/09/2012,16:15,6,1,5
02/09/2012,16:30,12,2,10
02/09/2012,16:45,10,3,7
02/09/2012,17:00,11,4,7
02/09/2012,17:15,11,6,5
02/09/2012,17:30,15,8,7
02/09/2012,17:45,18,13,5
02/09/2012,18:00,18,9,9
02/09/2012,18:15,19,7,12
02/09/2012,18:30,14,9,5
02/09/2012,18:45,17,15,2
02/09/2012,19:00,24,12,12
02/09/2012,19:15,11,5,6
02/09/2012,19:30,13,7,6
02/09/2012,19:45,11,4,7
02/09/2012,20:00,5,3,2
02/09/2012,20:15,5,4,1
02/09/2012,20:30,4,3,1
02/09/2012,20:45,3,2,1
02/09/2012,21:00,8,4,4
02/09/2012,21:15,3,2,1
02/09/2012,21:30,3,0,3
02/09/2012,21:45,2,2,0
02/09/2012,22:00,0,0,0
02/09/2012,22:15,0,0,0
02/09/2012,22:30,0,0,0
02/09/2012,22:45,0,0,0
02/09/2012,23:00,3,2,1
02/09/2012,23:15,0,0,0
02/09/2012,23:30,0,0,0
02/09/2012,23:45,0,0,0
03/09/2012,00:00,0,0,0
03/09/2012,00:15,1,0,1
03/09/2012,00:30,0,0,0
03/09/2012,00:45,0,0,0
03/09/2012,01:00,0,0,0
03/09/2012,01:15,0,0,0
03/09/2012,01:30,1,0,1
03/09/2012,01:45,0,0,0
03/09/2012,02:00,2,1,1
03/09/2012,02:15,0,0,0
03/09/2012,02:30,0,0,0
03/09/2012,02:45,0,0,0
03/09/2012,03:00,0,0,0
03/09/2012,03:15,1,1,0
03/09/2012,03:30,0,0,0
03/09/2012,03:45,0,0,0
03/09/2012,04:00,0,0,0
03/09/2012,04:15,0,0,0
03/09/2012,04:30,3,2,1
03/09/2012,04:45,0,0,0
03/09/2012,05:00,1,1,0
03/09/2012,05:15,4,0,4
03/09/2012,05:30,0,0,0
03/09/2012,05:45,0,0,0
03/09/2012,06:00,5,4,1
03/09/2012,06:15,10,5,5
03/09/2012,06:30,3,2,1
03/09/2012,06:45,8,3,5
03/09/2012,07:00,10,5,5
03/09/2012,07:15,9,3,6
03/09/2012,07:30,21,10,11
03/09/2012,07:45,14,7,7
03/09/2012,08:00,18,5,13
03/09/2012,08:15,21,9,12
03/09/2012,08:30,16,10,6
03/09/2012,08:45,27,11,16
03/09/2012,09:00,29,11,18
03/09/2012,09:15,33,11,22
03/09/2012,09:30,37,15,22
03/09/2012,09:45,38,14,24
03/09/2012,10:00,38,20,18
03/09/2012,10:15,41,13,28
03/09/2012,10:30,47,16,31
03/09/2012,10:45,44,20,24
03/09/2012,11:00,31,13,18
03/09/2012,11:15,42,18,24
03/09/2012,11:30,55,21,34
03/09/2012,11:45,47,19,28
03/09/2012,12:00,45,15,30
03/09/2012,12:15,41,14,27
03/09/2012,12:30,34,11,23
03/09/2012,12:45,31,12,19
03/09/2012,13:00,41,15,26
03/09/2012,13:15,39,12,27
03/09/2012,13:30,37,12,25
03/09/2012,13:45,38,11,27
03/09/2012,14:00,51,22,29
03/09/2012,14:15,36,18,18
03/09/2012,14:30,30,9,21
03/09/2012,14:45,25,11,14
03/09/2012,15:00,32,13,19
03/09/2012,15:15,21,13,8
03/09/2012,15:30,36,11,25
03/09/2012,15:45,46,17,29
03/09/2012,16:00,15,11,4
03/09/2012,16:15,26,14,12
03/09/2012,16:30,27,7,20
03/09/2012,16:45,23,14,9
03/09/2012,17:00,24,13,11
03/09/2012,17:15,13,5,8
03/09/2012,17:30,21,11,10
03/09/2012,17:45,32,16,16
03/09/2012,18:00,23,9,14
03/09/2012,18:15,14,7,7
03/09/2012,18:30,19,10,9
03/09/2012,18:45,22,14,8
03/09/2012,19:00,12,6,6
03/09/2012,19:15,21,9,12
03/09/2012,19:30,13,6,7
03/09/2012,19:45,11,5,6
03/09/2012,20:00,9,2,7
03/09/2012,20:15,8,3,5
03/09/2012,20:30,4,3,1
03/09/2012,20:45,7,1,6
03/09/2012,21:00,3,2,1
03/09/2012,21:15,3,1,2
03/09/2012,21:30,1,0,1
03/09/2012,21:45,1,1,0
03/09/2012,22:00,1,1,0
03/09/2012,22:15,2,2,0
03/09/2012,22:30,1,1,0
03/09/2012,22:45,0,0,0
03/09/2012,23:00,1,0,1
03/09/2012,23:15,0,0,0
03/09/2012,23:30,0,0,0
03/09/2012,23:45,1,0,1
04/09/2012,00:00,1,0,1
04/09/2012,00:15,0,0,0
04/09/2012,00:30,1,1,0
04/09/2012,00:45,0,0,0
04/09/2012,01:00,0,0,0
04/09/2012,01:15,2,2,0
04/09/2012,01:30,1,0,1
04/09/2012,01:45,0,0,0
04/09/2012,02:00,0,0,0
04/09/2012,02:15,0,0,0
04/09/2012,02:30,0,0,0
04/09/2012,02:45,0,0,0
04/09/2012,03:00,0,0,0
04/09/2012,03:15,2,2,0
04/09/2012,03:30,1,0,1
04/09/2012,03:45,0,0,0
04/09/2012,04:00,2,2,0
04/09/2012,04:15,0,0,0
04/09/2012,04:30,1,1,0
04/09/2012,04:45,2,0,2
04/09/2012,05:00,4,4,0
04/09/2012,05:15,2,2,0
04/09/2012,05:30,12,5,7
04/09/2012,05:45,10,6,4
04/09/2012,06:00,15,2,13
04/09/2012,06:15,19,4,15
04/09/2012,06:30,15,6,9
04/09/2012,06:45,31,8,23
04/09/2012,07:00,26,8,18
04/09/2012,07:15,27,11,16
04/09/2012,07:30,29,9,20
04/09/2012,07:45,26,12,14
04/09/2012,08:00,19,7,12
04/09/2012,08:15,23,9,14
04/09/2012,08:30,24,11,13
04/09/2012,08:45,19,6,13
04/09/2012,09:00,13,2,11
04/09/2012,09:15,9,4,5
04/09/2012,09:30,19,10,9
04/09/2012,09:45,15,8,7
04/09/2012,10:00,6,5,1
04/09/2012,10:15,12,4,8
04/09/2012,10:30,9,2,7
04/09/2012,10:45,7,3,4
04/09/2012,11:00,11,3,8
04/09/2012,11:15,8,4,4
04/09/2012,11:30,3,1,2
04/09/2012,11:45,7,3,4
04/09/2012,12:00,13,9,4
04/09/2012,12:15,15,11,4
04/09/2012,12:30,10,4,6
04/09/2012,12:45,9,5,4
04/09/2012,13:00,6,2,4
04/09/2012,13:15,13,8,5
04/09/2012,13:30,18,7,11
04/09/2012,13:45,7,5,2
04/09/2012,14:00,22,16,6
04/09/2012,14:15,13,9,4
04/09/2012,14:30,18,11,7
04/09/2012,14:45,11,6,5
04/09/2012,15:00,16,8,8
04/09/2012,15:15,14,9,5
04/09/2012,15:30,16,11,5
04/09/2012,15:45,22,14,8
04/09/2012,16:00,13,5,8
04/09/2012,16:15,18,6,12
04/09/2012,16:30,27,16,11
04/09/2012,16:45,21,15,6
04/09/2012,17:00,36,18,18
04/09/2012,17:15,30,17,13
04/09/2012,17:30,41,28,13
04/09/2012,17:45,33,27,6
04/09/2012,18:00,40,31,9
04/09/2012,18:15,42,29,13
04/09/2012,18:30,45,28,17
04/09/2012,18:45,29,16,13
04/09/2012,19:00,21,11,10
04/09/2012,19:15,30,18,12
04/09/2012,19:30,30,13,17
04/09/2012,19:45,20,16,4
04/09/2012,20:00,5,4,1
04/09/2012,20:15,6,3,3
04/09/2012,20:30,3,2,1
04/09/2012,20:45,4,2,2
04/09/2012,21:00,0,0,0
04/09/2012,21:15,2,0,2
04/09/2012,21:30,1,0,1
04/09/2012,21:45,4,2,2
04/09/2012,22:00,1,1,0
04/09/2012,22:15,1,0,1
04/09/2012,22:30,0,0,0
04/09/2012,22:45,3,1,2
04/09/2012,23:00,1,0,1
04/09/2012,23:15,1,0,1
04/09/2012,23:30,1,1,0
04/09/2012,23:45,0,0,0
05/09/2012,00:00,0,0,0
05/09/2012,00:15,0,0,0
05/09/2012,00:30,0,0,0
05/09/2012,00:45,0,0,0
05/09/2012,01:00,0,0,0
05/09/2012,01:15,1,1,0
05/09/2012,01:30,0,0,0
05/09/2012,01:45,1,0,1
05/09/2012,02:00,0,0,0
05/09/2012,02:15,0,0,0
05/09/2012,02:30,0,0,0
05/09/2012,02:45,0,0,0
05/09/2012,03:00,0,0,0
05/09/2012,03:15,0,0,0
05/09/2012,03:30,1,1,0
05/09/2012,03:45,3,2,1
05/09/2012,04:00,0,0,0
05/09/2012,04:15,1,1,0
05/09/2012,04:30,2,0,2
05/09/2012,04:45,1,1,0
05/09/2012,05:00,2,2,0
05/09/2012,05:15,8,7,1
05/09/2012,05:30,7,4,3
05/09/2012,05:45,8,3,5
05/09/2012,06:00,18,11,7
05/09/2012,06:15,25,11,14
05/09/2012,06:30,19,5,14
05/09/2012,06:45,31,11,20
05/09/2012,07:00,31,14,17
05/09/2012,07:15,26,11,15
05/09/2012,07:30,31,14,17
05/09/2012,07:45,26,11,15
05/09/2012,08:00,28,8,20
05/09/2012,08:15,26,14,12
05/09/2012,08:30,22,8,14
05/09/2012,08:45,24,13,11
05/09/2012,09:00,12,3,9
05/09/2012,09:15,19,9,10
05/09/2012,09:30,11,5,6
05/09/2012,09:45,12,7,5
05/09/2012,10:00,13,8,5
05/09/2012,10:15,21,10,11
05/09/2012,10:30,10,3,7
05/09/2012,10:45,19,11,8
05/09/2012,11:00,7,3,4
05/09/2012,11:15,14,8,6
05/09/2012,11:30,12,4,8
05/09/2012,11:45,18,6,12
05/09/2012,12:00,8,5,3
05/09/2012,12:15,18,12,6
05/09/2012,12:30,16,10,6
05/09/2012,12:45,7,3,4
05/09/2012,13:00,8,4,4
05/09/2012,13:15,7,4,3
05/09/2012,13:30,6,2,4
05/09/2012,13:45,9,6,3
05/09/2012,14:00,10,4,6
05/09/2012,14:15,14,3,11
05/09/2012,14:30,5,3,2
05/09/2012,14:45,17,6,11
05/09/2012,15:00,11,5,6
05/09/2012,15:15,14,8,6
05/09/2012,15:30,13,6,7
05/09/2012,15:45,12,8,4
05/09/2012,16:00,19,8,11
05/09/2012,16:15,27,14,13
05/09/2012,16:30,26,15,11
05/09/2012,16:45,24,14,10
05/09/2012,17:00,25,14,11
05/09/2012,17:15,35,25,10
05/09/2012,17:30,48,30,18
05/09/2012,17:45,40,21,19
05/09/2012,18:00,39,22,17
05/09/2012,18:15,44,25,19
05/09/2012,18:30,31,10,21
05/09/2012,18:45,41,27,14
05/09/2012,19:00,42,24,18
05/09/2012,19:15,25,17,8
05/09/2012,19:30,21,16,5
05/09/2012,19:45,14,12,2
05/09/2012,20:00,10,7,3
05/09/2012,20:15,5,4,1
05/09/2012,20:30,6,4,2
05/09/2012,20:45,3,1,2
05/09/2012,21:00,2,1,1
05/09/2012,21:15,4,1,3
05/09/2012,21:30,8,5,3
05/09/2012,21:45,4,1,3
05/09/2012,22:00,1,1,0
05/09/2012,22:15,2,1,1
05/09/2012,22:30,5,1,4
05/09/2012,22:45,1,0,1
05/09/2012,23:00,3,1,2
05/09/2012,23:15,3,2,1
05/09/2012,23:30,1,0,1
05/09/2012,23:45,1,1,0
06/09/2012,00:00,0,0,0
06/09/2012,00:15,0,0,0
06/09/2012,00:30,0,0,0
06/09/2012,00:45,1,0,1
06/09/2012,01:00,0,0,0
06/09/2012,01:15,2,0,2
06/09/2012,01:30,0,0,0
06/09/2012,01:45,0,0,0
06/09/2012,02:00,0,0,0
06/09/2012,02:15,1,0,1
06/09/2012,02:30,0,0,0
06/09/2012,02:45,0,0,0
06/09/2012,03:00,1,0,1
06/09/2012,03:15,0,0,0
06/09/2012,03:30,0,0,0
06/09/2012,03:45,1,1,0
06/09/2012,04:00,2,1,1
06/09/2012,04:15,1,0,1
06/09/2012,04:30,1,0,1
06/09/2012,04:45,3,1,2
06/09/2012,05:00,8,4,4
06/09/2012,05:15,3,1,2
06/09/2012,05:30,10,4,6
06/09/2012,05:45,6,4,2
06/09/2012,06:00,11,6,5
06/09/2012,06:15,17,12,5
06/09/2012,06:30,19,7,12
06/09/2012,06:45,26,9,17
06/09/2012,07:00,31,15,16
06/09/2012,07:15,28,12,16
06/09/2012,07:30,32,15,17
06/09/2012,07:45,33,15,18
06/09/2012,08:00,27,7,20
06/09/2012,08:15,22,8,14
06/09/2012,08:30,19,9,10
06/09/2012,08:45,13,7,6
06/09/2012,09:00,8,4,4
06/09/2012,09:15,3,1,2
06/09/2012,09:30,2,1,1
06/09/2012,09:45,7,4,3
06/09/2012,10:00,3,3,0
06/09/2012,10:15,4,2,2
06/09/2012,10:30,5,2,3
06/09/2012,10:45,3,0,3
06/09/2012,11:00,5,1,4
06/09/2012,11:15,1,0,1
06/09/2012,11:30,3,3,0
06/09/2012,11:45,2,1,1
06/09/2012,12:00,5,1,4
06/09/2012,12:15,2,0,2
06/09/2012,12:30,6,2,4
06/09/2012,12:45,3,2,1
06/09/2012,13:00,8,2,6
06/09/2012,13:15,7,4,3
06/09/2012,13:30,5,1,4
06/09/2012,13:45,7,1,6
06/09/2012,14:00,8,2,6
06/09/2012,14:15,9,6,3
06/09/2012,14:30,4,1,3
06/09/2012,14:45,11,2,9
06/09/2012,15:00,10,4,6
06/09/2012,15:15,10,6,4
06/09/2012,15:30,9,2,7
06/09/2012,15:45,8,3,5
06/09/2012,16:00,11,2,9
06/09/2012,16:15,21,10,11
06/09/2012,16:30,33,13,20
06/09/2012,16:45,28,9,19
06/09/2012,17:00,26,10,16
06/09/2012,17:15,33,8,25
06/09/2012,17:30,27,13,14
06/09/2012,17:45,39,22,17
06/09/2012,18:00,38,18,20
06/09/2012,18:15,43,24,19
06/09/2012,18:30,49,18,31
06/09/2012,18:45,34,17,17
06/09/2012,19:00,45,23,22
06/09/2012,19:15,25,9,16
06/09/2012,19:30,19,10,9
06/09/2012,19:45,18,10,8
06/09/2012,20:00,13,8,5
06/09/2012,20:15,10,6,4
06/09/2012,20:30,8,4,4
06/09/2012,20:45,6,2,4
06/09/2012,21:00,5,1,4
06/09/2012,21:15,5,2,3
06/09/2012,21:30,1,0,1
06/09/2012,21:45,3,1,2
06/09/2012,22:00,1,1,0
06/09/2012,22:15,3,3,0
06/09/2012,22:30,2,1,1
06/09/2012,22:45,2,1,1
06/09/2012,23:00,2,2,0
06/09/2012,23:15,2,0,2
06/09/2012,23:30,3,2,1
06/09/2012,23:45,2,1,1
07/09/2012,00:00,0,0,0
07/09/2012,00:15,1,0,1
07/09/2012,00:30,0,0,0
07/09/2012,00:45,1,0,1
07/09/2012,01:00,0,0,0
07/09/2012,01:15,1,0,1
07/09/2012,01:30,0,0,0
07/09/2012,01:45,0,0,0
07/09/2012,02:00,0,0,0
07/09/2012,02:15,0,0,0
07/09/2012,02:30,0,0,0
07/09/2012,02:45,0,0,0
07/09/2012,03:00,2,2,0
07/09/2012,03:15,0,0,0
07/09/2012,03:30,1,1,0
07/09/2012,03:45,1,1,0
07/09/2012,04:00,1,1,0
07/09/2012,04:15,0,0,0
07/09/2012,04:30,2,1,1
07/09/2012,04:45,1,0,1
07/09/2012,05:00,2,2,0
07/09/2012,05:15,9,4,5
07/09/2012,05:30,5,4,1
07/09/2012,05:45,13,3,10
07/09/2012,06:00,13,6,7
07/09/2012,06:15,15,6,9
07/09/2012,06:30,14,8,6
07/09/2012,06:45,26,9,17
07/09/2012,07:00,27,8,19
07/09/2012,07:15,30,7,23
07/09/2012,07:30,28,14,14
07/09/2012,07:45,39,9,30
07/09/2012,08:00,29,7,22
07/09/2012,08:15,26,7,19
07/09/2012,08:30,16,8,8
07/09/2012,08:45,21,9,12
07/09/2012,09:00,18,8,10
07/09/2012,09:15,12,4,8
07/09/2012,09:30,15,7,8
07/09/2012,09:45,15,8,7
07/09/2012,10:00,20,13,7
07/09/2012,10:15,16,8,8
07/09/2012,10:30,25,18,7
07/09/2012,10:45,34,29,5
07/09/2012,11:00,28,17,11
07/09/2012,11:15,23,16,7
07/09/2012,11:30,18,12,6
07/09/2012,11:45,26,19,7
07/09/2012,12:00,20,16,4
07/09/2012,12:15,17,12,5
07/09/2012,12:30,31,27,4
07/09/2012,12:45,18,14,4
07/09/2012,13:00,15,13,2
07/09/2012,13:15,29,25,4
07/09/2012,13:30,22,13,9
07/09/2012,13:45,15,10,5
07/09/2012,14:00,27,22,5
07/09/2012,14:15,18,12,6
07/09/2012,14:30,20,13,7
07/09/2012,14:45,9,7,2
07/09/2012,15:00,19,10,9
07/09/2012,15:15,20,10,10
07/09/2012,15:30,21,14,7
07/09/2012,15:45,27,11,16
07/09/2012,16:00,27,13,14
07/09/2012,16:15,32,13,19
07/09/2012,16:30,29,21,8
07/09/2012,16:45,22,8,14
07/09/2012,17:00,30,12,18
07/09/2012,17:15,34,18,16
07/09/2012,17:30,32,21,11
07/09/2012,17:45,36,15,21
07/09/2012,18:00,44,28,16
07/09/2012,18:15,34,24,10
07/09/2012,18:30,31,20,11
07/09/2012,18:45,26,15,11
07/09/2012,19:00,27,21,6
07/09/2012,19:15,34,22,12
07/09/2012,19:30,22,16,6
07/09/2012,19:45,16,10,6
07/09/2012,20:00,9,3,6
07/09/2012,20:15,3,0,3
07/09/2012,20:30,3,1,2
07/09/2012,20:45,7,2,5
07/09/2012,21:00,4,3,1
07/09/2012,21:15,2,0,2
07/09/2012,21:30,6,4,2
07/09/2012,21:45,7,3,4
07/09/2012,22:00,8,4,4
07/09/2012,22:15,4,3,1
07/09/2012,22:30,2,2,0
07/09/2012,22:45,3,2,1
07/09/2012,23:00,1,0,1
07/09/2012,23:15,1,0,1
07/09/2012,23:30,3,2,1
07/09/2012,23:45,2,0,2
08/09/2012,00:00,5,2,3
08/09/2012,00:15,1,1,0
08/09/2012,00:30,2,0,2
08/09/2012,00:45,0,0,0
08/09/2012,01:00,2,0,2
08/09/2012,01:15,1,0,1
08/09/2012,01:30,0,0,0
08/09/2012,01:45,0,0,0
08/09/2012,02:00,1,0,1
08/09/2012,02:15,0,0,0
08/09/2012,02:30,1,1,0
08/09/2012,02:45,0,0,0
08/09/2012,03:00,1,1,0
08/09/2012,03:15,0,0,0
08/09/2012,03:30,1,0,1
08/09/2012,03:45,0,0,0
08/09/2012,04:00,1,0,1
08/09/2012,04:15,3,2,1
08/09/2012,04:30,1,1,0
08/09/2012,04:45,2,1,1
08/09/2012,05:00,1,1,0
08/09/2012,05:15,1,0,1
08/09/2012,05:30,4,4,0
08/09/2012,05:45,6,2,4
08/09/2012,06:00,2,2,0
08/09/2012,06:15,7,4,3
08/09/2012,06:30,12,6,6
08/09/2012,06:45,10,3,7
08/09/2012,07:00,19,11,8
08/09/2012,07:15,17,5,12
08/09/2012,07:30,26,15,11
08/09/2012,07:45,18,10,8
08/09/2012,08:00,42,19,23
08/09/2012,08:15,21,12,9
08/09/2012,08:30,39,23,16
08/09/2012,08:45,35,14,21
08/09/2012,09:00,50,22,28
08/09/2012,09:15,49,25,24
08/09/2012,09:30,45,15,30
08/09/2012,09:45,39,12,27
08/09/2012,10:00,49,22,27
08/09/2012,10:15,61,20,41
08/09/2012,10:30,42,21,21
08/09/2012,10:45,52,27,25
08/09/2012,11:00,65,32,33
08/09/2012,11:15,62,50,12
08/09/2012,11:30,69,38,31
08/09/2012,11:45,49,29,20
08/09/2012,12:00,67,45,22
08/09/2012,12:15,42,29,13
08/09/2012,12:30,39,27,12
08/09/2012,12:45,57,30,27
08/09/2012,13:00,38,22,16
08/09/2012,13:15,51,35,16
08/09/2012,13:30,27,14,13
08/09/2012,13:45,28,14,14
08/09/2012,14:00,37,16,21
08/09/2012,14:15,18,7,11
08/09/2012,14:30,26,16,10
08/09/2012,14:45,34,21,13
08/09/2012,15:00,41,25,16
08/09/2012,15:15,36,13,23
08/09/2012,15:30,17,8,9
08/09/2012,15:45,62,57,5
08/09/2012,16:00,6,2,4
08/09/2012,16:15,9,1,8
08/09/2012,16:30,10,6,4
08/09/2012,16:45,14,5,9
08/09/2012,17:00,13,6,7
08/09/2012,17:15,5,1,4
08/09/2012,17:30,3,2,1
08/09/2012,17:45,7,1,6
08/09/2012,18:00,7,2,5
08/09/2012,18:15,2,2,0
08/09/2012,18:30,5,4,1
08/09/2012,18:45,3,1,2
08/09/2012,19:00,5,5,0
08/09/2012,19:15,4,1,3
08/09/2012,19:30,4,3,1
08/09/2012,19:45,4,2,2
08/09/2012,20:00,2,0,2
08/09/2012,20:15,2,1,1
08/09/2012,20:30,2,1,1
08/09/2012,20:45,4,2,2
08/09/2012,21:00,2,0,2
08/09/2012,21:15,2,0,2
08/09/2012,21:30,6,4,2
08/09/2012,21:45,0,0,0
08/09/2012,22:00,1,1,0
08/09/2012,22:15,6,5,1
08/09/2012,22:30,4,3,1
08/09/2012,22:45,0,0,0
08/09/2012,23:00,2,1,1
08/09/2012,23:15,2,0,2
08/09/2012,23:30,1,0,1
08/09/2012,23:45,0,0,0
09/09/2012,00:00,1,0,1
09/09/2012,00:15,3,1,2
09/09/2012,00:30,0,0,0
09/09/2012,00:45,1,0,1
09/09/2012,01:00,0,0,0
09/09/2012,01:15,0,0,0
09/09/2012,01:30,1,1,0
09/09/2012,01:45,1,0,1
09/09/2012,02:00,0,0,0
09/09/2012,02:15,0,0,0
09/09/2012,02:30,0,0,0
09/09/2012,02:45,0,0,0
09/09/2012,03:00,0,0,0
09/09/2012,03:15,1,0,1
09/09/2012,03:30,0,0,0
09/09/2012,03:45,0,0,0
09/09/2012,04:00,0,0,0
09/09/2012,04:15,0,0,0
09/09/2012,04:30,1,0,1
09/09/2012,04:45,1,0,1
09/09/2012,05:00,1,1,0
09/09/2012,05:15,2,0,2
09/09/2012,05:30,2,2,0
09/09/2012,05:45,2,1,1
09/09/2012,06:00,2,1,1
09/09/2012,06:15,2,2,0
09/09/2012,06:30,5,4,1
09/09/2012,06:45,8,3,5
09/09/2012,07:00,22,7,15
09/09/2012,07:15,17,7,10
09/09/2012,07:30,27,13,14
09/09/2012,07:45,24,13,11
09/09/2012,08:00,29,13,16
09/09/2012,08:15,48,22,26
09/09/2012,08:30,38,18,20
09/09/2012,08:45,32,13,19
09/09/2012,09:00,50,24,26
09/09/2012,09:15,77,43,34
09/09/2012,09:30,54,27,27
09/09/2012,09:45,62,38,24
09/09/2012,10:00,57,34,23
09/09/2012,10:15,63,31,32
09/09/2012,10:30,68,29,39
09/09/2012,10:45,75,39,36
09/09/2012,11:00,64,33,31
09/09/2012,11:15,86,38,48
09/09/2012,11:30,107,68,39
09/09/2012,11:45,94,60,34
09/09/2012,12:00,62,32,30
09/09/2012,12:15,88,40,48
09/09/2012,12:30,67,33,34
09/09/2012,12:45,47,17,30
09/09/2012,13:00,58,29,29
09/09/2012,13:15,68,40,28
09/09/2012,13:30,53,30,23
09/09/2012,13:45,63,29,34
09/09/2012,14:00,48,18,30
09/09/2012,14:15,53,16,37
09/09/2012,14:30,53,16,37
09/09/2012,14:45,33,20,13
09/09/2012,15:00,44,20,24
09/09/2012,15:15,66,26,40
09/09/2012,15:30,50,17,33
09/09/2012,15:45,47,23,24
09/09/2012,16:00,38,18,20
09/09/2012,16:15,43,8,35
09/09/2012,16:30,44,17,27
09/09/2012,16:45,54,22,32
09/09/2012,17:00,55,15,40
09/09/2012,17:15,35,14,21
09/09/2012,17:30,56,22,34
09/09/2012,17:45,37,17,20
09/09/2012,18:00,39,20,19
09/09/2012,18:15,47,23,24
09/09/2012,18:30,37,17,20
09/09/2012,18:45,38,10,28
09/09/2012,19:00,20,10,10
09/09/2012,19:15,25,12,13
09/09/2012,19:30,13,8,5
09/09/2012,19:45,14,10,4
09/09/2012,20:00,8,2,6
09/09/2012,20:15,8,6,2
09/09/2012,20:30,3,2,1
09/09/2012,20:45,3,1,2
09/09/2012,21:00,3,2,1
09/09/2012,21:15,8,4,4
09/09/2012,21:30,5,2,3
09/09/2012,21:45,5,3,2
09/09/2012,22:00,2,2,0
09/09/2012,22:15,3,1,2
09/09/2012,22:30,0,0,0
09/09/2012,22:45,2,2,0
09/09/2012,23:00,1,1,0
09/09/2012,23:15,1,0,1
09/09/2012,23:30,2,0,2
09/09/2012,23:45,0,0,0
10/09/2012,00:00,2,1,1
10/09/2012,00:15,0,0,0
10/09/2012,00:30,0,0,0
10/09/2012,00:45,0,0,0
10/09/2012,01:00,1,1,0
10/09/2012,01:15,0,0,0
10/09/2012,01:30,0,0,0
10/09/2012,01:45,0,0,0
10/09/2012,02:00,0,0,0
10/09/2012,02:15,0,0,0
10/09/2012,02:30,0,0,0
10/09/2012,02:45,1,0,1
10/09/2012,03:00,1,0,1
10/09/2012,03:15,1,0,1
10/09/2012,03:30,1,0,1
10/09/2012,03:45,0,0,0
10/09/2012,04:00,2,2,0
10/09/2012,04:15,1,0,1
10/09/2012,04:30,2,1,1
10/09/2012,04:45,5,0,5
10/09/2012,05:00,5,3,2
10/09/2012,05:15,9,6,3
10/09/2012,05:30,7,4,3
10/09/2012,05:45,10,6,4
10/09/2012,06:00,14,6,8
10/09/2012,06:15,24,7,17
10/09/2012,06:30,20,4,16
10/09/2012,06:45,31,8,23
10/09/2012,07:00,32,7,25
10/09/2012,07:15,41,14,27
10/09/2012,07:30,42,13,29
10/09/2012,07:45,30,8,22
10/09/2012,08:00,25,10,15
10/09/2012,08:15,17,6,11
10/09/2012,08:30,23,8,15
10/09/2012,08:45,17,5,12
10/09/2012,09:00,13,8,5
10/09/2012,09:15,16,7,9
10/09/2012,09:30,14,11,3
10/09/2012,09:45,18,13,5
10/09/2012,10:00,22,14,8
10/09/2012,10:15,23,15,8
10/09/2012,10:30,30,22,8
10/09/2012,10:45,28,26,2
10/09/2012,11:00,17,8,9
10/09/2012,11:15,27,19,8
10/09/2012,11:30,25,18,7
10/09/2012,11:45,14,7,7
10/09/2012,12:00,11,8,3
10/09/2012,12:15,20,13,7
10/09/2012,12:30,11,5,6
10/09/2012,12:45,21,17,4
10/09/2012,13:00,18,10,8
10/09/2012,13:15,19,14,5
10/09/2012,13:30,24,17,7
10/09/2012,13:45,14,10,4
10/09/2012,14:00,18,11,7
10/09/2012,14:15,14,4,10
10/09/2012,14:30,10,7,3
10/09/2012,14:45,22,9,13
10/09/2012,15:00,14,8,6
10/09/2012,15:15,15,6,9
10/09/2012,15:30,25,9,16
10/09/2012,15:45,20,5,15
10/09/2012,16:00,29,13,16
10/09/2012,16:15,17,7,10
10/09/2012,16:30,33,10,23
10/09/2012,16:45,27,16,11
10/09/2012,17:00,43,17,26
10/09/2012,17:15,45,20,25
10/09/2012,17:30,38,12,26
10/09/2012,17:45,70,30,40
10/09/2012,18:00,70,37,33
10/09/2012,18:15,70,36,34
10/09/2012,18:30,57,22,35
10/09/2012,18:45,41,21,20
10/09/2012,19:00,61,28,33
10/09/2012,19:15,37,18,19
10/09/2012,19:30,26,12,14
10/09/2012,19:45,18,10,8
10/09/2012,20:00,15,9,6
10/09/2012,20:15,7,5,2
10/09/2012,20:30,9,4,5
10/09/2012,20:45,4,0,4
10/09/2012,21:00,8,5,3
10/09/2012,21:15,5,3,2
10/09/2012,21:30,1,0,1
10/09/2012,21:45,1,0,1
10/09/2012,22:00,3,1,2
10/09/2012,22:15,1,1,0
10/09/2012,22:30,1,1,0
10/09/2012,22:45,2,2,0
10/09/2012,23:00,5,4,1
10/09/2012,23:15,4,3,1
10/09/2012,23:30,0,0,0
10/09/2012,23:45,2,0,2
11/09/2012,00:00,0,0,0
11/09/2012,00:15,0,0,0
11/09/2012,00:30,2,0,2
11/09/2012,00:45,0,0,0
11/09/2012,01:00,0,0,0
11/09/2012,01:15,0,0,0
11/09/2012,01:30,0,0,0
11/09/2012,01:45,0,0,0
11/09/2012,02:00,1,1,0
11/09/2012,02:15,0,0,0
11/09/2012,02:30,1,1,0
11/09/2012,02:45,0,0,0
11/09/2012,03:00,0,0,0
11/09/2012,03:15,1,1,0
11/09/2012,03:30,0,0,0
11/09/2012,03:45,3,3,0
11/09/2012,04:00,1,1,0
11/09/2012,04:15,1,1,0
11/09/2012,04:30,1,0,1
11/09/2012,04:45,2,0,2
11/09/2012,05:00,4,2,2
11/09/2012,05:15,8,4,4
11/09/2012,05:30,8,4,4
11/09/2012,05:45,13,7,6
11/09/2012,06:00,15,6,9
11/09/2012,06:15,21,11,10
11/09/2012,06:30,37,14,23
11/09/2012,06:45,29,10,19
11/09/2012,07:00,44,11,33
11/09/2012,07:15,38,14,24
11/09/2012,07:30,35,10,25
11/09/2012,07:45,35,13,22
11/09/2012,08:00,27,8,19
11/09/2012,08:15,29,4,25
11/09/2012,08:30,24,5,19
11/09/2012,08:45,23,11,12
11/09/2012,09:00,25,12,13
11/09/2012,09:15,15,8,7
11/09/2012,09:30,19,12,7
11/09/2012,09:45,20,15,5
11/09/2012,10:00,15,6,9
11/09/2012,10:15,25,19,6
11/09/2012,10:30,38,35,3
11/09/2012,10:45,21,18,3
11/09/2012,11:00,12,8,4
11/09/2012,11:15,20,17,3
11/09/2012,11:30,39,32,7
11/09/2012,11:45,42,28,14
11/09/2012,12:00,18,8,10
11/09/2012,12:15,21,16,5
11/09/2012,12:30,26,20,6
11/09/2012,12:45,37,32,5
11/09/2012,13:00,45,37,8
11/09/2012,13:15,18,11,7
11/09/2012,13:30,7,6,1
11/09/2012,13:45,23,15,8
11/09/2012,14:00,30,19,11
11/09/2012,14:15,12,5,7
11/09/2012,14:30,22,18,4
11/09/2012,14:45,18,9,9
11/09/2012,15:00,12,6,6
11/09/2012,15:15,17,9,8
11/09/2012,15:30,24,5,19
11/09/2012,15:45,24,11,13
11/09/2012,16:00,19,3,16
11/09/2012,16:15,38,13,25
11/09/2012,16:30,28,12,16
11/09/2012,16:45,49,23,26
11/09/2012,17:00,54,24,30
11/09/2012,17:15,49,29,20
11/09/2012,17:30,55,27,28
11/09/2012,17:45,58,31,27
11/09/2012,18:00,62,24,38
11/09/2012,18:15,63,28,35
11/09/2012,18:30,52,25,27
11/09/2012,18:45,49,24,25
11/09/2012,19:00,57,26,31
11/09/2012,19:15,38,20,18
11/09/2012,19:30,33,13,20
11/09/2012,19:45,18,10,8
11/09/2012,20:00,6,2,4
11/09/2012,20:15,7,4,3
11/09/2012,20:30,13,4,9
11/09/2012,20:45,12,7,5
11/09/2012,21:00,3,1,2
11/09/2012,21:15,4,0,4
11/09/2012,21:30,1,0,1
11/09/2012,21:45,4,1,3
11/09/2012,22:00,3,2,1
11/09/2012,22:15,1,0,1
11/09/2012,22:30,1,0,1
11/09/2012,22:45,2,1,1
11/09/2012,23:00,2,2,0
11/09/2012,23:15,1,0,1
11/09/2012,23:30,2,1,1
11/09/2012,23:45,1,0,1
12/09/2012,00:00,1,1,0
12/09/2012,00:15,0,0,0
12/09/2012,00:30,1,1,0
12/09/2012,00:45,1,1,0
12/09/2012,01:00,1,1,0
12/09/2012,01:15,0,0,0
12/09/2012,01:30,1,1,0
12/09/2012,01:45,0,0,0
12/09/2012,02:00,1,1,0
12/09/2012,02:15,2,1,1
12/09/2012,02:30,0,0,0
12/09/2012,02:45,0,0,0
12/09/2012,03:00,0,0,0
12/09/2012,03:15,0,0,0
12/09/2012,03:30,1,1,0
12/09/2012,03:45,3,1,2
12/09/2012,04:00,2,1,1
12/09/2012,04:15,1,1,0
12/09/2012,04:30,0,0,0
12/09/2012,04:45,0,0,0
12/09/2012,05:00,4,2,2
12/09/2012,05:15,9,4,5
12/09/2012,05:30,9,7,2
12/09/2012,05:45,11,4,7
12/09/2012,06:00,16,6,10
12/09/2012,06:15,20,10,10
12/09/2012,06:30,30,7,23
12/09/2012,06:45,34,7,27
12/09/2012,07:00,30,5,25
12/09/2012,07:15,28,10,18
12/09/2012,07:30,49,14,35
12/09/2012,07:45,43,18,25
12/09/2012,08:00,35,11,24
12/09/2012,08:15,21,4,17
12/09/2012,08:30,27,10,17
12/09/2012,08:45,23,10,13
12/09/2012,09:00,22,12,10
12/09/2012,09:15,14,5,9
12/09/2012,09:30,17,5,12
12/09/2012,09:45,12,3,9
12/09/2012,10:00,24,16,8
12/09/2012,10:15,19,13,6
12/09/2012,10:30,15,9,6
12/09/2012,10:45,49,44,5
12/09/2012,11:00,34,23,11
12/09/2012,11:15,25,14,11
12/09/2012,11:30,23,16,7
12/09/2012,11:45,22,17,5
12/09/2012,12:00,22,18,4
12/09/2012,12:15,31,23,8
12/09/2012,12:30,32,15,17
12/09/2012,12:45,38,28,10
12/09/2012,13:00,20,13,7
12/09/2012,13:15,18,14,4
12/09/2012,13:30,10,9,1
12/09/2012,13:45,27,22,5
12/09/2012,14:00,24,14,10
12/09/2012,14:15,24,20,4
12/09/2012,14:30,15,8,7
12/09/2012,14:45,11,3,8
12/09/2012,15:00,12,3,9
12/09/2012,15:15,23,8,15
12/09/2012,15:30,18,9,9
12/09/2012,15:45,27,7,20
12/09/2012,16:00,32,15,17
12/09/2012,16:15,29,11,18
12/09/2012,16:30,34,17,17
12/09/2012,16:45,35,21,14
12/09/2012,17:00,45,25,20
12/09/2012,17:15,32,14,18
12/09/2012,17:30,47,18,29
12/09/2012,17:45,48,22,26
12/09/2012,18:00,63,26,37
12/09/2012,18:15,54,21,33
12/09/2012,18:30,49,22,27
12/09/2012,18:45,57,33,24
12/09/2012,19:00,38,20,18
12/09/2012,19:15,39,21,18
12/09/2012,19:30,21,7,14
12/09/2012,19:45,15,8,7
12/09/2012,20:00,9,5,4
12/09/2012,20:15,8,5,3
12/09/2012,20:30,5,4,1
12/09/2012,20:45,3,2,1
12/09/2012,21:00,7,3,4
12/09/2012,21:15,6,4,2
12/09/2012,21:30,6,2,4
12/09/2012,21:45,5,4,1
12/09/2012,22:00,5,3,2
12/09/2012,22:15,1,0,1
12/09/2012,22:30,1,1,0
12/09/2012,22:45,3,2,1
12/09/2012,23:00,1,1,0
12/09/2012,23:15,2,1,1
12/09/2012,23:30,1,0,1
12/09/2012,23:45,1,1,0
13/09/2012,00:00,1,1,0
13/09/2012,00:15,0,0,0
13/09/2012,00:30,0,0,0
13/09/2012,00:45,0,0,0
13/09/2012,01:00,0,0,0
13/09/2012,01:15,1,1,0
13/09/2012,01:30,1,1,0
13/09/2012,01:45,1,1,0
13/09/2012,02:00,0,0,0
13/09/2012,02:15,1,0,1
13/09/2012,02:30,0,0,0
13/09/2012,02:45,1,0,1
13/09/2012,03:00,0,0,0
13/09/2012,03:15,0,0,0
13/09/2012,03:30,1,1,0
13/09/2012,03:45,2,2,0
13/09/2012,04:00,2,1,1
13/09/2012,04:15,0,0,0
13/09/2012,04:30,2,1,1
13/09/2012,04:45,3,0,3
13/09/2012,05:00,3,3,0
13/09/2012,05:15,7,4,3
13/09/2012,05:30,5,1,4
13/09/2012,05:45,10,4,6
13/09/2012,06:00,14,8,6
13/09/2012,06:15,22,4,18
13/09/2012,06:30,19,4,15
13/09/2012,06:45,21,9,12
13/09/2012,07:00,38,8,30
13/09/2012,07:15,32,10,22
13/09/2012,07:30,31,14,17
13/09/2012,07:45,33,13,20
13/09/2012,08:00,21,9,12
13/09/2012,08:15,23,7,16
13/09/2012,08:30,17,7,10
13/09/2012,08:45,17,6,11
13/09/2012,09:00,15,3,12
13/09/2012,09:15,12,5,7
13/09/2012,09:30,15,8,7
13/09/2012,09:45,18,13,5
13/09/2012,10:00,14,10,4
13/09/2012,10:15,12,11,1
13/09/2012,10:30,13,7,6
13/09/2012,10:45,26,19,7
13/09/2012,11:00,35,27,8
13/09/2012,11:15,15,7,8
13/09/2012,11:30,23,13,10
13/09/2012,11:45,26,18,8
13/09/2012,12:00,37,28,9
13/09/2012,12:15,38,26,12
13/09/2012,12:30,38,34,4
13/09/2012,12:45,32,23,9
13/09/2012,13:00,20,13,7
13/09/2012,13:15,31,22,9
13/09/2012,13:30,19,17,2
13/09/2012,13:45,21,15,6
13/09/2012,14:00,15,7,8
13/09/2012,14:15,20,15,5
13/09/2012,14:30,8,4,4
13/09/2012,14:45,12,4,8
13/09/2012,15:00,14,2,12
13/09/2012,15:15,14,10,4
13/09/2012,15:30,18,9,9
13/09/2012,15:45,17,8,9
13/09/2012,16:00,26,15,11
13/09/2012,16:15,27,6,21
13/09/2012,16:30,37,15,22
13/09/2012,16:45,38,13,25
13/09/2012,17:00,48,17,31
13/09/2012,17:15,50,22,28
13/09/2012,17:30,36,10,26
13/09/2012,17:45,57,23,34
13/09/2012,18:00,64,36,28
13/09/2012,18:15,62,28,34
13/09/2012,18:30,41,19,22
13/09/2012,18:45,45,24,21
13/09/2012,19:00,53,23,30
13/09/2012,19:15,28,13,15
13/09/2012,19:30,22,16,6
13/09/2012,19:45,13,4,9
13/09/2012,20:00,7,6,1
13/09/2012,20:15,6,1,5
13/09/2012,20:30,8,4,4
13/09/2012,20:45,7,4,3
13/09/2012,21:00,9,1,8
13/09/2012,21:15,4,2,2
13/09/2012,21:30,4,1,3
13/09/2012,21:45,4,1,3
13/09/2012,22:00,3,1,2
13/09/2012,22:15,1,0,1
13/09/2012,22:30,2,2,0
13/09/2012,22:45,2,0,2
13/09/2012,23:00,2,2,0
13/09/2012,23:15,2,1,1
13/09/2012,23:30,2,0,2
13/09/2012,23:45,0,0,0
14/09/2012,00:00,0,0,0
14/09/2012,00:15,1,0,1
14/09/2012,00:30,0,0,0
14/09/2012,00:45,0,0,0
14/09/2012,01:00,3,2,1
14/09/2012,01:15,0,0,0
14/09/2012,01:30,0,0,0
14/09/2012,01:45,2,1,1
14/09/2012,02:00,2,1,1
14/09/2012,02:15,0,0,0
14/09/2012,02:30,1,1,0
14/09/2012,02:45,2,2,0
14/09/2012,03:00,1,1,0
14/09/2012,03:15,0,0,0
14/09/2012,03:30,2,1,1
14/09/2012,03:45,0,0,0
14/09/2012,04:00,1,1,0
14/09/2012,04:15,1,1,0
14/09/2012,04:30,3,2,1
14/09/2012,04:45,1,0,1
14/09/2012,05:00,4,2,2
14/09/2012,05:15,6,2,4
14/09/2012,05:30,6,1,5
14/09/2012,05:45,6,6,0
14/09/2012,06:00,7,4,3
14/09/2012,06:15,19,9,10
14/09/2012,06:30,13,2,11
14/09/2012,06:45,25,10,15
14/09/2012,07:00,25,4,21
14/09/2012,07:15,33,9,24
14/09/2012,07:30,27,19,8
14/09/2012,07:45,31,8,23
14/09/2012,08:00,26,11,15
14/09/2012,08:15,25,7,18
14/09/2012,08:30,17,6,11
14/09/2012,08:45,25,8,17
14/09/2012,09:00,15,4,11
14/09/2012,09:15,15,6,9
14/09/2012,09:30,17,7,10
14/09/2012,09:45,22,9,13
14/09/2012,10:00,17,10,7
14/09/2012,10:15,11,3,8
14/09/2012,10:30,12,3,9
14/09/2012,10:45,17,8,9
14/09/2012,11:00,16,3,13
14/09/2012,11:15,18,9,9
14/09/2012,11:30,29,16,13
14/09/2012,11:45,20,12,8
14/09/2012,12:00,25,16,9
14/09/2012,12:15,19,12,7
14/09/2012,12:30,40,26,14
14/09/2012,12:45,29,16,13
14/09/2012,13:00,11,7,4
14/09/2012,13:15,23,16,7
14/09/2012,13:30,10,7,3
14/09/2012,13:45,17,10,7
14/09/2012,14:00,14,8,6
14/09/2012,14:15,8,2,6
14/09/2012,14:30,15,6,9
14/09/2012,14:45,11,4,7
14/09/2012,15:00,12,3,9
14/09/2012,15:15,27,19,8
14/09/2012,15:30,20,7,13
14/09/2012,15:45,21,3,18
14/09/2012,16:00,27,11,16
14/09/2012,16:15,24,10,14
14/09/2012,16:30,32,12,20
14/09/2012,16:45,26,8,18
14/09/2012,17:00,36,17,19
14/09/2012,17:15,39,13,26
14/09/2012,17:30,37,15,22
14/09/2012,17:45,37,14,23
14/09/2012,18:00,34,11,23
14/09/2012,18:15,43,24,19
14/09/2012,18:30,43,16,27
14/09/2012,18:45,36,14,22
14/09/2012,19:00,34,13,21
14/09/2012,19:15,27,16,11
14/09/2012,19:30,17,8,9
14/09/2012,19:45,19,9,10
14/09/2012,20:00,11,6,5
14/09/2012,20:15,5,2,3
14/09/2012,20:30,3,2,1
14/09/2012,20:45,2,1,1
14/09/2012,21:00,7,3,4
14/09/2012,21:15,2,1,1
14/09/2012,21:30,3,3,0
14/09/2012,21:45,2,1,1
14/09/2012,22:00,0,0,0
14/09/2012,22:15,6,4,2
14/09/2012,22:30,0,0,0
14/09/2012,22:45,2,1,1
14/09/2012,23:00,1,0,1
14/09/2012,23:15,1,1,0
14/09/2012,23:30,1,0,1
14/09/2012,23:45,0,0,0
15/09/2012,00:00,5,2,3
15/09/2012,00:15,1,0,1
15/09/2012,00:30,1,0,1
15/09/2012,00:45,4,1,3
15/09/2012,01:00,1,0,1
15/09/2012,01:15,1,1,0
15/09/2012,01:30,0,0,0
15/09/2012,01:45,0,0,0
15/09/2012,02:00,0,0,0
15/09/2012,02:15,0,0,0
15/09/2012,02:30,0,0,0
15/09/2012,02:45,8,7,1
15/09/2012,03:00,0,0,0
15/09/2012,03:15,0,0,0
15/09/2012,03:30,0,0,0
15/09/2012,03:45,1,0,1
15/09/2012,04:00,0,0,0
15/09/2012,04:15,0,0,0
15/09/2012,04:30,1,1,0
15/09/2012,04:45,0,0,0
15/09/2012,05:00,3,2,1
15/09/2012,05:15,1,1,0
15/09/2012,05:30,3,1,2
15/09/2012,05:45,2,2,0
15/09/2012,06:00,1,0,1
15/09/2012,06:15,7,5,2
15/09/2012,06:30,8,3,5
15/09/2012,06:45,17,11,6
15/09/2012,07:00,21,3,18
15/09/2012,07:15,9,4,5
15/09/2012,07:30,34,20,14
15/09/2012,07:45,27,12,15
15/09/2012,08:00,39,18,21
15/09/2012,08:15,29,18,11
15/09/2012,08:30,37,23,14
15/09/2012,08:45,64,31,33
15/09/2012,09:00,55,35,20
15/09/2012,09:15,68,38,30
15/09/2012,09:30,89,73,16
15/09/2012,09:45,48,30,18
15/09/2012,10:00,87,62,25
15/09/2012,10:15,75,51,24
15/09/2012,10:30,102,76,26
15/09/2012,10:45,140,109,31
15/09/2012,11:00,87,60,27
15/09/2012,11:15,97,62,35
15/09/2012,11:30,88,47,41
15/09/2012,11:45,89,65,24
15/09/2012,12:00,68,45,23
15/09/2012,12:15,53,34,19
15/09/2012,12:30,47,26,21
15/09/2012,12:45,70,42,28
15/09/2012,13:00,55,25,30
15/09/2012,13:15,94,62,32
15/09/2012,13:30,70,43,27
15/09/2012,13:45,65,45,20
15/09/2012,14:00,60,37,23
15/09/2012,14:15,33,12,21
15/09/2012,14:30,64,35,29
15/09/2012,14:45,31,13,18
15/09/2012,15:00,41,15,26
15/09/2012,15:15,41,16,25
15/09/2012,15:30,33,14,19
15/09/2012,15:45,59,24,35
15/09/2012,16:00,33,11,22
15/09/2012,16:15,35,16,19
15/09/2012,16:30,46,15,31
15/09/2012,16:45,30,12,18
15/09/2012,17:00,28,11,17
15/09/2012,17:15,26,14,12
15/09/2012,17:30,23,8,15
15/09/2012,17:45,19,6,13
15/09/2012,18:00,30,11,19
15/09/2012,18:15,21,7,14
15/09/2012,18:30,20,7,13
15/09/2012,18:45,29,20,9
15/09/2012,19:00,22,10,12
15/09/2012,19:15,13,9,4
15/09/2012,19:30,15,10,5
15/09/2012,19:45,7,3,4
15/09/2012,20:00,3,2,1
15/09/2012,20:15,1,1,0
15/09/2012,20:30,0,0,0
15/09/2012,20:45,3,3,0
15/09/2012,21:00,2,1,1
15/09/2012,21:15,5,4,1
15/09/2012,21:30,4,3,1
15/09/2012,21:45,1,1,0
15/09/2012,22:00,1,1,0
15/09/2012,22:15,1,0,1
15/09/2012,22:30,2,0,2
15/09/2012,22:45,1,0,1
15/09/2012,23:00,0,0,0
15/09/2012,23:15,0,0,0
15/09/2012,23:30,3,2,1
15/09/2012,23:45,0,0,0
16/09/2012,00:00,5,0,5
16/09/2012,00:15,1,1,0
16/09/2012,00:30,0,0,0
16/09/2012,00:45,2,1,1
16/09/2012,01:00,0,0,0
16/09/2012,01:15,4,0,4
16/09/2012,01:30,1,0,1
16/09/2012,01:45,2,2,0
16/09/2012,02:00,1,0,1
16/09/2012,02:15,0,0,0
16/09/2012,02:30,0,0,0
16/09/2012,02:45,0,0,0
16/09/2012,03:00,0,0,0
16/09/2012,03:15,2,2,0
16/09/2012,03:30,2,2,0
16/09/2012,03:45,1,1,0
16/09/2012,04:00,0,0,0
16/09/2012,04:15,0,0,0
16/09/2012,04:30,1,0,1
16/09/2012,04:45,1,0,1
16/09/2012,05:00,1,1,0
16/09/2012,05:15,0,0,0
16/09/2012,05:30,1,0,1
16/09/2012,05:45,0,0,0
16/09/2012,06:00,1,1,0
16/09/2012,06:15,0,0,0
16/09/2012,06:30,1,0,1
16/09/2012,06:45,2,1,1
16/09/2012,07:00,9,6,3
16/09/2012,07:15,11,5,6
16/09/2012,07:30,13,6,7
16/09/2012,07:45,19,3,16
16/09/2012,08:00,24,13,11
16/09/2012,08:15,27,14,13
16/09/2012,08:30,35,17,18
16/09/2012,08:45,44,19,25
16/09/2012,09:00,37,21,16
16/09/2012,09:15,44,22,22
16/09/2012,09:30,31,15,16
16/09/2012,09:45,44,18,26
16/09/2012,10:00,49,25,24
16/09/2012,10:15,48,25,23
16/09/2012,10:30,60,27,33
16/09/2012,10:45,71,34,37
16/09/2012,11:00,72,47,25
16/09/2012,11:15,64,38,26
16/09/2012,11:30,55,25,30
16/09/2012,11:45,68,42,26
16/09/2012,12:00,48,18,30
16/09/2012,12:15,55,25,30
16/09/2012,12:30,48,16,32
16/09/2012,12:45,30,14,16
16/09/2012,13:00,42,13,29
16/09/2012,13:15,45,14,31
16/09/2012,13:30,47,21,26
16/09/2012,13:45,49,16,33
16/09/2012,14:00,40,24,16
16/09/2012,14:15,32,18,14
16/09/2012,14:30,54,24,30
16/09/2012,14:45,41,22,19
16/09/2012,15:00,37,19,18
16/09/2012,15:15,43,20,23
16/09/2012,15:30,43,16,27
16/09/2012,15:45,27,11,16
16/09/2012,16:00,34,11,23
16/09/2012,16:15,43,17,26
16/09/2012,16:30,35,12,23
16/09/2012,16:45,24,12,12
16/09/2012,17:00,40,18,22
16/09/2012,17:15,32,10,22
16/09/2012,17:30,29,12,17
16/09/2012,17:45,24,8,16
16/09/2012,18:00,36,18,18
16/09/2012,18:15,27,11,16
16/09/2012,18:30,29,10,19
16/09/2012,18:45,29,13,16
16/09/2012,19:00,10,5,5
16/09/2012,19:15,8,3,5
16/09/2012,19:30,4,3,1
16/09/2012,19:45,9,6,3
16/09/2012,20:00,6,1,5
16/09/2012,20:15,13,5,8
16/09/2012,20:30,3,2,1
16/09/2012,20:45,2,0,2
16/09/2012,21:00,1,1,0
16/09/2012,21:15,3,3,0
16/09/2012,21:30,2,1,1
16/09/2012,21:45,4,2,2
16/09/2012,22:00,4,3,1
16/09/2012,22:15,0,0,0
16/09/2012,22:30,2,1,1
16/09/2012,22:45,0,0,0
16/09/2012,23:00,3,0,3
16/09/2012,23:15,2,0,2
16/09/2012,23:30,2,0,2
16/09/2012,23:45,0,0,0
17/09/2012,00:00,2,2,0
17/09/2012,00:15,1,1,0
17/09/2012,00:30,1,1,0
17/09/2012,00:45,0,0,0
17/09/2012,01:00,0,0,0
17/09/2012,01:15,0,0,0
17/09/2012,01:30,1,1,0
17/09/2012,01:45,0,0,0
17/09/2012,02:00,1,0,1
17/09/2012,02:15,0,0,0
17/09/2012,02:30,0,0,0
17/09/2012,02:45,0,0,0
17/09/2012,03:00,0,0,0
17/09/2012,03:15,0,0,0
17/09/2012,03:30,1,1,0
17/09/2012,03:45,1,1,0
17/09/2012,04:00,0,0,0
17/09/2012,04:15,1,1,0
17/09/2012,04:30,2,1,1
17/09/2012,04:45,4,2,2
17/09/2012,05:00,1,0,1
17/09/2012,05:15,7,5,2
17/09/2012,05:30,7,3,4
17/09/2012,05:45,13,4,9
17/09/2012,06:00,13,4,9
17/09/2012,06:15,18,6,12
17/09/2012,06:30,18,6,12
17/09/2012,06:45,23,7,16
17/09/2012,07:00,25,6,19
17/09/2012,07:15,40,10,30
17/09/2012,07:30,35,8,27
17/09/2012,07:45,27,12,15
17/09/2012,08:00,18,6,12
17/09/2012,08:15,27,8,19
17/09/2012,08:30,14,2,12
17/09/2012,08:45,26,9,17
17/09/2012,09:00,23,12,11
17/09/2012,09:15,16,10,6
17/09/2012,09:30,15,13,2
17/09/2012,09:45,14,10,4
17/09/2012,10:00,18,4,14
17/09/2012,10:15,13,8,5
17/09/2012,10:30,17,13,4
17/09/2012,10:45,20,9,11
17/09/2012,11:00,20,14,6
17/09/2012,11:15,8,2,6
17/09/2012,11:30,19,12,7
17/09/2012,11:45,21,9,12
17/09/2012,12:00,15,6,9
17/09/2012,12:15,20,7,13
17/09/2012,12:30,16,5,11
17/09/2012,12:45,13,3,10
17/09/2012,13:00,15,6,9
17/09/2012,13:15,10,2,8
17/09/2012,13:30,14,8,6
17/09/2012,13:45,15,8,7
17/09/2012,14:00,12,9,3
17/09/2012,14:15,22,10,12
17/09/2012,14:30,20,8,12
17/09/2012,14:45,18,7,11
17/09/2012,15:00,14,8,6
17/09/2012,15:15,17,7,10
17/09/2012,15:30,16,4,12
17/09/2012,15:45,23,7,16
17/09/2012,16:00,22,7,15
17/09/2012,16:15,23,11,12
17/09/2012,16:30,32,14,18
17/09/2012,16:45,30,15,15
17/09/2012,17:00,28,17,11
17/09/2012,17:15,39,20,19
17/09/2012,17:30,38,22,16
17/09/2012,17:45,40,16,24
17/09/2012,18:00,37,19,18
17/09/2012,18:15,28,16,12
17/09/2012,18:30,38,21,17
17/09/2012,18:45,25,13,12
17/09/2012,19:00,22,10,12
17/09/2012,19:15,25,15,10
17/09/2012,19:30,17,4,13
17/09/2012,19:45,9,7,2
17/09/2012,20:00,5,2,3
17/09/2012,20:15,6,4,2
17/09/2012,20:30,4,2,2
17/09/2012,20:45,3,3,0
17/09/2012,21:00,3,1,2
17/09/2012,21:15,3,2,1
17/09/2012,21:30,6,4,2
17/09/2012,21:45,1,1,0
17/09/2012,22:00,3,2,1
17/09/2012,22:15,0,0,0
17/09/2012,22:30,0,0,0
17/09/2012,22:45,1,1,0
17/09/2012,23:00,2,0,2
17/09/2012,23:15,1,1,0
17/09/2012,23:30,0,0,0
17/09/2012,23:45,0,0,0
18/09/2012,00:00,0,0,0
18/09/2012,00:15,1,0,1
18/09/2012,00:30,0,0,0
18/09/2012,00:45,0,0,0
18/09/2012,01:00,0,0,0
18/09/2012,01:15,0,0,0
18/09/2012,01:30,0,0,0
18/09/2012,01:45,0,0,0
18/09/2012,02:00,0,0,0
18/09/2012,02:15,0,0,0
18/09/2012,02:30,0,0,0
18/09/2012,02:45,0,0,0
18/09/2012,03:00,0,0,0
18/09/2012,03:15,1,0,1
18/09/2012,03:30,1,1,0
18/09/2012,03:45,2,2,0
18/09/2012,04:00,0,0,0
18/09/2012,04:15,0,0,0
18/09/2012,04:30,2,2,0
18/09/2012,04:45,1,0,1
18/09/2012,05:00,1,1,0
18/09/2012,05:15,6,5,1
18/09/2012,05:30,8,3,5
18/09/2012,05:45,3,1,2
18/09/2012,06:00,9,5,4
18/09/2012,06:15,8,4,4
18/09/2012,06:30,15,8,7
18/09/2012,06:45,12,3,9
18/09/2012,07:00,12,4,8
18/09/2012,07:15,23,12,11
18/09/2012,07:30,14,6,8
18/09/2012,07:45,12,8,4
18/09/2012,08:00,14,4,10
18/09/2012,08:15,11,7,4
18/09/2012,08:30,9,1,8
18/09/2012,08:45,10,7,3
18/09/2012,09:00,9,7,2
18/09/2012,09:15,4,3,1
18/09/2012,09:30,7,2,5
18/09/2012,09:45,8,5,3
18/09/2012,10:00,4,0,4
18/09/2012,10:15,3,2,1
18/09/2012,10:30,3,0,3
18/09/2012,10:45,9,4,5
18/09/2012,11:00,5,2,3
18/09/2012,11:15,7,4,3
18/09/2012,11:30,0,0,0
18/09/2012,11:45,2,2,0
18/09/2012,12:00,2,1,1
18/09/2012,12:15,9,6,3
18/09/2012,12:30,4,1,3
18/09/2012,12:45,2,1,1
18/09/2012,13:00,1,1,0
18/09/2012,13:15,6,0,6
18/09/2012,13:30,1,0,1
18/09/2012,13:45,2,2,0
18/09/2012,14:00,2,1,1
18/09/2012,14:15,2,0,2
18/09/2012,14:30,7,0,7
18/09/2012,14:45,6,4,2
18/09/2012,15:00,16,14,2
18/09/2012,15:15,0,0,0
18/09/2012,15:30,2,2,0
18/09/2012,15:45,2,2,0
18/09/2012,16:00,7,3,4
18/09/2012,16:15,4,2,2
18/09/2012,16:30,7,5,2
18/09/2012,16:45,8,4,4
18/09/2012,17:00,9,5,4
18/09/2012,17:15,7,5,2
18/09/2012,17:30,9,3,6
18/09/2012,17:45,12,9,3
18/09/2012,18:00,9,7,2
18/09/2012,18:15,10,6,4
18/09/2012,18:30,6,3,3
18/09/2012,18:45,12,5,7
18/09/2012,19:00,4,2,2
18/09/2012,19:15,2,1,1
18/09/2012,19:30,6,4,2
18/09/2012,19:45,1,0,1
18/09/2012,20:00,3,3,0
18/09/2012,20:15,0,0,0
18/09/2012,20:30,3,1,2
18/09/2012,20:45,3,0,3
18/09/2012,21:00,3,0,3
18/09/2012,21:15,1,0,1
18/09/2012,21:30,3,2,1
18/09/2012,21:45,1,1,0
18/09/2012,22:00,1,0,1
18/09/2012,22:15,0,0,0
18/09/2012,22:30,0,0,0
18/09/2012,22:45,1,0,1
18/09/2012,23:00,1,0,1
18/09/2012,23:15,1,0,1
18/09/2012,23:30,0,0,0
18/09/2012,23:45,0,0,0
19/09/2012,00:00,0,0,0
19/09/2012,00:15,1,0,1
19/09/2012,00:30,0,0,0
19/09/2012,00:45,1,0,1
19/09/2012,01:00,0,0,0
19/09/2012,01:15,0,0,0
19/09/2012,01:30,0,0,0
19/09/2012,01:45,0,0,0
19/09/2012,02:00,0,0,0
19/09/2012,02:15,0,0,0
19/09/2012,02:30,0,0,0
19/09/2012,02:45,0,0,0
19/09/2012,03:00,0,0,0
19/09/2012,03:15,1,0,1
19/09/2012,03:30,0,0,0
19/09/2012,03:45,2,1,1
19/09/2012,04:00,0,0,0
19/09/2012,04:15,3,3,0
19/09/2012,04:30,2,1,1
19/09/2012,04:45,0,0,0
19/09/2012,05:00,3,1,2
19/09/2012,05:15,6,3,3
19/09/2012,05:30,9,4,5
19/09/2012,05:45,8,2,6
19/09/2012,06:00,15,6,9
19/09/2012,06:15,9,2,7
19/09/2012,06:30,22,6,16
19/09/2012,06:45,28,8,20
19/09/2012,07:00,24,6,18
19/09/2012,07:15,35,15,20
19/09/2012,07:30,35,13,22
19/09/2012,07:45,30,14,16
19/09/2012,08:00,31,6,25
19/09/2012,08:15,25,8,17
19/09/2012,08:30,17,5,12
19/09/2012,08:45,23,9,14
19/09/2012,09:00,14,4,10
19/09/2012,09:15,15,7,8
19/09/2012,09:30,15,7,8
19/09/2012,09:45,16,7,9
19/09/2012,10:00,12,7,5
19/09/2012,10:15,12,7,5
19/09/2012,10:30,31,26,5
19/09/2012,10:45,20,12,8
19/09/2012,11:00,21,17,4
19/09/2012,11:15,34,27,7
19/09/2012,11:30,41,35,6
19/09/2012,11:45,12,9,3
19/09/2012,12:00,16,10,6
19/09/2012,12:15,17,13,4
19/09/2012,12:30,15,10,5
19/09/2012,12:45,16,13,3
19/09/2012,13:00,13,10,3
19/09/2012,13:15,24,16,8
19/09/2012,13:30,32,22,10
19/09/2012,13:45,20,18,2
19/09/2012,14:00,20,10,10
19/09/2012,14:15,21,14,7
19/09/2012,14:30,21,6,15
19/09/2012,14:45,10,4,6
19/09/2012,15:00,11,5,6
19/09/2012,15:15,26,15,11
19/09/2012,15:30,8,4,4
19/09/2012,15:45,21,11,10
19/09/2012,16:00,24,9,15
19/09/2012,16:15,20,8,12
19/09/2012,16:30,28,16,12
19/09/2012,16:45,43,29,14
19/09/2012,17:00,43,13,30
19/09/2012,17:15,43,14,29
19/09/2012,17:30,56,25,31
19/09/2012,17:45,58,33,25
19/09/2012,18:00,59,31,28
19/09/2012,18:15,65,28,37
19/09/2012,18:30,49,20,29
19/09/2012,18:45,49,24,25
19/09/2012,19:00,39,21,18
19/09/2012,19:15,35,21,14
19/09/2012,19:30,16,8,8
19/09/2012,19:45,8,4,4
19/09/2012,20:00,9,4,5
19/09/2012,20:15,9,5,4
19/09/2012,20:30,9,6,3
19/09/2012,20:45,3,0,3
19/09/2012,21:00,4,2,2
19/09/2012,21:15,3,2,1
19/09/2012,21:30,1,0,1
19/09/2012,21:45,4,2,2
19/09/2012,22:00,3,1,2
19/09/2012,22:15,1,0,1
19/09/2012,22:30,2,1,1
19/09/2012,22:45,0,0,0
19/09/2012,23:00,2,1,1
19/09/2012,23:15,2,1,1
19/09/2012,23:30,0,0,0
19/09/2012,23:45,1,0,1
20/09/2012,00:00,0,0,0
20/09/2012,00:15,1,0,1
20/09/2012,00:30,2,1,1
20/09/2012,00:45,0,0,0
20/09/2012,01:00,0,0,0
20/09/2012,01:15,0,0,0
20/09/2012,01:30,2,1,1
20/09/2012,01:45,0,0,0
20/09/2012,02:00,0,0,0
20/09/2012,02:15,0,0,0
20/09/2012,02:30,0,0,0
20/09/2012,02:45,0,0,0
20/09/2012,03:00,1,1,0
20/09/2012,03:15,1,1,0
20/09/2012,03:30,0,0,0
20/09/2012,03:45,3,3,0
20/09/2012,04:00,2,0,2
20/09/2012,04:15,2,2,0
20/09/2012,04:30,2,1,1
20/09/2012,04:45,1,0,1
20/09/2012,05:00,5,3,2
20/09/2012,05:15,10,5,5
20/09/2012,05:30,6,4,2
20/09/2012,05:45,9,5,4
20/09/2012,06:00,12,6,6
20/09/2012,06:15,14,4,10
20/09/2012,06:30,27,9,18
20/09/2012,06:45,15,5,10
20/09/2012,07:00,34,8,26
20/09/2012,07:15,32,11,21
20/09/2012,07:30,29,10,19
20/09/2012,07:45,28,11,17
20/09/2012,08:00,19,5,14
20/09/2012,08:15,20,4,16
20/09/2012,08:30,21,10,11
20/09/2012,08:45,18,6,12
20/09/2012,09:00,26,9,17
20/09/2012,09:15,18,14,4
20/09/2012,09:30,22,10,12
20/09/2012,09:45,12,9,3
20/09/2012,10:00,27,15,12
20/09/2012,10:15,11,2,9
20/09/2012,10:30,29,21,8
20/09/2012,10:45,31,24,7
20/09/2012,11:00,25,19,6
20/09/2012,11:15,23,16,7
20/09/2012,11:30,38,30,8
20/09/2012,11:45,14,9,5
20/09/2012,12:00,22,18,4
20/09/2012,12:15,21,11,10
20/09/2012,12:30,38,31,7
20/09/2012,12:45,46,40,6
20/09/2012,13:00,15,15,0
20/09/2012,13:15,24,13,11
20/09/2012,13:30,24,20,4
20/09/2012,13:45,31,23,8
20/09/2012,14:00,27,12,15
20/09/2012,14:15,21,15,6
20/09/2012,14:30,22,13,9
20/09/2012,14:45,16,4,12
20/09/2012,15:00,22,13,9
20/09/2012,15:15,20,13,7
20/09/2012,15:30,16,7,9
20/09/2012,15:45,19,9,10
20/09/2012,16:00,31,14,17
20/09/2012,16:15,28,9,19
20/09/2012,16:30,35,18,17
20/09/2012,16:45,39,19,20
20/09/2012,17:00,37,14,23
20/09/2012,17:15,54,26,28
20/09/2012,17:30,50,23,27
20/09/2012,17:45,65,27,38
20/09/2012,18:00,63,33,30
20/09/2012,18:15,61,30,31
20/09/2012,18:30,54,33,21
20/09/2012,18:45,48,23,25
20/09/2012,19:00,35,11,24
20/09/2012,19:15,20,11,9
20/09/2012,19:30,21,10,11
20/09/2012,19:45,10,8,2
20/09/2012,20:00,10,3,7
20/09/2012,20:15,7,4,3
20/09/2012,20:30,4,2,2
20/09/2012,20:45,4,1,3
20/09/2012,21:00,1,1,0
20/09/2012,21:15,7,2,5
20/09/2012,21:30,3,2,1
20/09/2012,21:45,0,0,0
20/09/2012,22:00,1,1,0
20/09/2012,22:15,4,3,1
20/09/2012,22:30,2,2,0
20/09/2012,22:45,2,0,2
20/09/2012,23:00,3,1,2
20/09/2012,23:15,0,0,0
20/09/2012,23:30,1,0,1
20/09/2012,23:45,1,0,1
21/09/2012,00:00,0,0,0
21/09/2012,00:15,1,1,0
21/09/2012,00:30,1,0,1
21/09/2012,00:45,1,0,1
21/09/2012,01:00,0,0,0
21/09/2012,01:15,1,0,1
21/09/2012,01:30,1,1,0
21/09/2012,01:45,0,0,0
21/09/2012,02:00,0,0,0
21/09/2012,02:15,0,0,0
21/09/2012,02:30,1,0,1
21/09/2012,02:45,0,0,0
21/09/2012,03:00,0,0,0
21/09/2012,03:15,0,0,0
21/09/2012,03:30,0,0,0
21/09/2012,03:45,,,
21/09/2012,04:00,2,2,0
21/09/2012,04:15,1,1,0
21/09/2012,04:30,1,0,1
21/09/2012,04:45,3,1,2
21/09/2012,05:00,3,1,2
21/09/2012,05:15,5,3,2
21/09/2012,05:30,7,5,2
21/09/2012,05:45,5,3,2
21/09/2012,06:00,10,5,5
21/09/2012,06:15,12,6,6
21/09/2012,06:30,16,8,8
21/09/2012,06:45,14,6,8
21/09/2012,07:00,30,12,18
21/09/2012,07:15,33,7,26
21/09/2012,07:30,39,14,25
21/09/2012,07:45,24,11,13
21/09/2012,08:00,37,14,23
21/09/2012,08:15,27,5,22
21/09/2012,08:30,19,7,12
21/09/2012,08:45,31,12,19
21/09/2012,09:00,19,10,9
21/09/2012,09:15,17,5,12
21/09/2012,09:30,15,9,6
21/09/2012,09:45,14,8,6
21/09/2012,10:00,21,9,12
21/09/2012,10:15,29,22,7
21/09/2012,10:30,12,8,4
21/09/2012,10:45,20,14,6
21/09/2012,11:00,43,36,7
21/09/2012,11:15,36,32,4
21/09/2012,11:30,35,28,7
21/09/2012,11:45,20,14,6
21/09/2012,12:00,54,42,12
21/09/2012,12:15,48,38,10
21/09/2012,12:30,39,26,13
21/09/2012,12:45,28,16,12
21/09/2012,13:00,31,23,8
21/09/2012,13:15,51,43,8
21/09/2012,13:30,55,42,13
21/09/2012,13:45,59,48,11
21/09/2012,14:00,33,25,8
21/09/2012,14:15,30,17,13
21/09/2012,14:30,24,20,4
21/09/2012,14:45,24,9,15
21/09/2012,15:00,14,7,7
21/09/2012,15:15,42,24,18
21/09/2012,15:30,21,13,8
21/09/2012,15:45,21,7,14
21/09/2012,16:00,26,10,16
21/09/2012,16:15,31,13,18
21/09/2012,16:30,37,12,25
21/09/2012,16:45,39,16,23
21/09/2012,17:00,30,7,23
21/09/2012,17:15,39,19,20
21/09/2012,17:30,41,19,22
21/09/2012,17:45,59,30,29
21/09/2012,18:00,28,10,18
21/09/2012,18:15,29,16,13
21/09/2012,18:30,39,15,24
21/09/2012,18:45,43,23,20
21/09/2012,19:00,32,17,15
21/09/2012,19:15,23,14,9
21/09/2012,19:30,18,11,7
21/09/2012,19:45,11,4,7
21/09/2012,20:00,14,7,7
21/09/2012,20:15,3,2,1
21/09/2012,20:30,4,3,1
21/09/2012,20:45,5,2,3
21/09/2012,21:00,4,3,1
21/09/2012,21:15,1,1,0
21/09/2012,21:30,3,1,2
21/09/2012,21:45,1,0,1
21/09/2012,22:00,4,0,4
21/09/2012,22:15,1,0,1
21/09/2012,22:30,4,2,2
21/09/2012,22:45,2,1,1
21/09/2012,23:00,4,3,1
21/09/2012,23:15,2,0,2
21/09/2012,23:30,4,2,2
21/09/2012,23:45,1,0,1
22/09/2012,00:00,3,2,1
22/09/2012,00:15,4,1,3
22/09/2012,00:30,0,0,0
22/09/2012,00:45,0,0,0
22/09/2012,01:00,0,0,0
22/09/2012,01:15,0,0,0
22/09/2012,01:30,0,0,0
22/09/2012,01:45,1,1,0
22/09/2012,02:00,0,0,0
22/09/2012,02:15,0,0,0
22/09/2012,02:30,0,0,0
22/09/2012,02:45,1,0,1
22/09/2012,03:00,0,0,0
22/09/2012,03:15,0,0,0
22/09/2012,03:30,1,1,0
22/09/2012,03:45,1,0,1
22/09/2012,04:00,0,0,0
22/09/2012,04:15,0,0,0
22/09/2012,04:30,3,2,1
22/09/2012,04:45,0,0,0
22/09/2012,05:00,0,0,0
22/09/2012,05:15,0,0,0
22/09/2012,05:30,7,4,3
22/09/2012,05:45,7,5,2
22/09/2012,06:00,4,1,3
22/09/2012,06:15,3,1,2
22/09/2012,06:30,8,4,4
22/09/2012,06:45,11,7,4
22/09/2012,07:00,17,9,8
22/09/2012,07:15,16,8,8
22/09/2012,07:30,21,11,10
22/09/2012,07:45,33,16,17
22/09/2012,08:00,27,11,16
22/09/2012,08:15,32,14,18
22/09/2012,08:30,30,17,13
22/09/2012,08:45,43,22,21
22/09/2012,09:00,47,18,29
22/09/2012,09:15,48,25,23
22/09/2012,09:30,71,27,44
22/09/2012,09:45,63,32,31
22/09/2012,10:00,45,27,18
22/09/2012,10:15,63,32,31
22/09/2012,10:30,71,39,32
22/09/2012,10:45,58,33,25
22/09/2012,11:00,58,37,21
22/09/2012,11:15,47,29,18
22/09/2012,11:30,44,26,18
22/09/2012,11:45,44,24,20
22/09/2012,12:00,62,40,22
22/09/2012,12:15,64,42,22
22/09/2012,12:30,50,20,30
22/09/2012,12:45,61,39,22
22/09/2012,13:00,58,29,29
22/09/2012,13:15,41,22,19
22/09/2012,13:30,62,28,34
22/09/2012,13:45,55,33,22
22/09/2012,14:00,37,19,18
22/09/2012,14:15,39,27,12
22/09/2012,14:30,51,17,34
22/09/2012,14:45,34,15,19
22/09/2012,15:00,36,13,23
22/09/2012,15:15,25,9,16
22/09/2012,15:30,38,13,25
22/09/2012,15:45,29,7,22
22/09/2012,16:00,24,10,14
22/09/2012,16:15,30,17,13
22/09/2012,16:30,32,12,20
22/09/2012,16:45,31,10,21
22/09/2012,17:00,40,13,27
22/09/2012,17:15,21,6,15
22/09/2012,17:30,20,2,18
22/09/2012,17:45,17,9,8
22/09/2012,18:00,31,13,18
22/09/2012,18:15,20,7,13
22/09/2012,18:30,26,12,14
22/09/2012,18:45,12,6,6
22/09/2012,19:00,21,8,13
22/09/2012,19:15,10,5,5
22/09/2012,19:30,5,2,3
22/09/2012,19:45,5,2,3
22/09/2012,20:00,6,1,5
22/09/2012,20:15,0,0,0
22/09/2012,20:30,1,0,1
22/09/2012,20:45,2,1,1
22/09/2012,21:00,1,0,1
22/09/2012,21:15,4,1,3
22/09/2012,21:30,0,0,0
22/09/2012,21:45,2,1,1
22/09/2012,22:00,0,0,0
22/09/2012,22:15,6,3,3
22/09/2012,22:30,0,0,0
22/09/2012,22:45,2,0,2
22/09/2012,23:00,1,0,1
22/09/2012,23:15,1,0,1
22/09/2012,23:30,3,1,2
22/09/2012,23:45,1,0,1
23/09/2012,00:00,4,2,2
23/09/2012,00:15,1,0,1
23/09/2012,00:30,0,0,0
23/09/2012,00:45,1,0,1
23/09/2012,01:00,1,0,1
23/09/2012,01:15,2,1,1
23/09/2012,01:30,1,0,1
23/09/2012,01:45,1,0,1
23/09/2012,02:00,1,1,0
23/09/2012,02:15,0,0,0
23/09/2012,02:30,0,0,0
23/09/2012,02:45,0,0,0
23/09/2012,03:00,0,0,0
23/09/2012,03:15,1,1,0
23/09/2012,03:30,2,1,1
23/09/2012,03:45,0,0,0
23/09/2012,04:00,0,0,0
23/09/2012,04:15,1,1,0
23/09/2012,04:30,0,0,0
23/09/2012,04:45,0,0,0
23/09/2012,05:00,1,0,1
23/09/2012,05:15,1,0,1
23/09/2012,05:30,1,1,0
23/09/2012,05:45,6,5,1
23/09/2012,06:00,2,0,2
23/09/2012,06:15,0,0,0
23/09/2012,06:30,3,3,0
23/09/2012,06:45,5,3,2
23/09/2012,07:00,5,2,3
23/09/2012,07:15,9,5,4
23/09/2012,07:30,13,9,4
23/09/2012,07:45,25,17,8
23/09/2012,08:00,17,9,8
23/09/2012,08:15,39,17,22
23/09/2012,08:30,28,16,12
23/09/2012,08:45,26,11,15
23/09/2012,09:00,32,16,16
23/09/2012,09:15,49,23,26
23/09/2012,09:30,66,41,25
23/09/2012,09:45,68,43,25
23/09/2012,10:00,42,24,18
23/09/2012,10:15,51,26,25
23/09/2012,10:30,39,20,19
23/09/2012,10:45,57,47,10
23/09/2012,11:00,66,46,20
23/09/2012,11:15,68,45,23
23/09/2012,11:30,49,20,29
23/09/2012,11:45,53,21,32
23/09/2012,12:00,70,41,29
23/09/2012,12:15,59,31,28
23/09/2012,12:30,54,32,22
23/09/2012,12:45,72,53,19
23/09/2012,13:00,49,30,19
23/09/2012,13:15,65,45,20
23/09/2012,13:30,67,46,21
23/09/2012,13:45,36,20,16
23/09/2012,14:00,33,20,13
23/09/2012,14:15,63,32,31
23/09/2012,14:30,46,29,17
23/09/2012,14:45,45,20,25
23/09/2012,15:00,54,19,35
23/09/2012,15:15,39,14,25
23/09/2012,15:30,54,22,32
23/09/2012,15:45,45,23,22
23/09/2012,16:00,46,27,19
23/09/2012,16:15,31,15,16
23/09/2012,16:30,42,28,14
23/09/2012,16:45,33,17,16
23/09/2012,17:00,30,15,15
23/09/2012,17:15,43,13,30
23/09/2012,17:30,32,20,12
23/09/2012,17:45,34,16,18
23/09/2012,18:00,31,14,17
23/09/2012,18:15,28,16,12
23/09/2012,18:30,23,16,7
23/09/2012,18:45,21,12,9
23/09/2012,19:00,9,4,5
23/09/2012,19:15,8,5,3
23/09/2012,19:30,6,2,4
23/09/2012,19:45,7,5,2
23/09/2012,20:00,6,4,2
23/09/2012,20:15,3,0,3
23/09/2012,20:30,0,0,0
23/09/2012,20:45,5,4,1
23/09/2012,21:00,4,1,3
23/09/2012,21:15,2,0,2
23/09/2012,21:30,0,0,0
23/09/2012,21:45,1,0,1
23/09/2012,22:00,2,0,2
23/09/2012,22:15,2,0,2
23/09/2012,22:30,0,0,0
23/09/2012,22:45,1,0,1
23/09/2012,23:00,4,3,1
23/09/2012,23:15,1,0,1
23/09/2012,23:30,0,0,0
23/09/2012,23:45,1,1,0
24/09/2012,00:00,1,0,1
24/09/2012,00:15,0,0,0
24/09/2012,00:30,0,0,0
24/09/2012,00:45,0,0,0
24/09/2012,01:00,0,0,0
24/09/2012,01:15,0,0,0
24/09/2012,01:30,0,0,0
24/09/2012,01:45,0,0,0
24/09/2012,02:00,0,0,0
24/09/2012,02:15,0,0,0
24/09/2012,02:30,0,0,0
24/09/2012,02:45,1,0,1
24/09/2012,03:00,0,0,0
24/09/2012,03:15,0,0,0
24/09/2012,03:30,1,1,0
24/09/2012,03:45,,,
24/09/2012,04:00,1,1,0
24/09/2012,04:15,0,0,0
24/09/2012,04:30,0,0,0
24/09/2012,04:45,1,1,0
24/09/2012,05:00,3,1,2
24/09/2012,05:15,2,1,1
24/09/2012,05:30,5,1,4
24/09/2012,05:45,4,3,1
24/09/2012,06:00,16,5,11
24/09/2012,06:15,11,4,7
24/09/2012,06:30,16,7,9
24/09/2012,06:45,22,3,19
24/09/2012,07:00,23,9,14
24/09/2012,07:15,28,9,19
24/09/2012,07:30,34,9,25
24/09/2012,07:45,34,18,16
24/09/2012,08:00,35,10,25
24/09/2012,08:15,23,9,14
24/09/2012,08:30,19,5,14
24/09/2012,08:45,13,5,8
24/09/2012,09:00,24,5,19
24/09/2012,09:15,13,4,9
24/09/2012,09:30,13,5,8
24/09/2012,09:45,16,11,5
24/09/2012,10:00,12,10,2
24/09/2012,10:15,23,17,6
24/09/2012,10:30,15,8,7
24/09/2012,10:45,9,8,1
24/09/2012,11:00,11,9,2
24/09/2012,11:15,21,16,5
24/09/2012,11:30,20,15,5
24/09/2012,11:45,10,5,5
24/09/2012,12:00,24,13,11
24/09/2012,12:15,33,19,14
24/09/2012,12:30,24,15,9
24/09/2012,12:45,18,10,8
24/09/2012,13:00,19,17,2
24/09/2012,13:15,42,35,7
24/09/2012,13:30,31,21,10
24/09/2012,13:45,25,15,10
24/09/2012,14:00,22,16,6
24/09/2012,14:15,24,20,4
24/09/2012,14:30,11,7,4
24/09/2012,14:45,17,8,9
24/09/2012,15:00,14,6,8
24/09/2012,15:15,10,6,4
24/09/2012,15:30,15,11,4
24/09/2012,15:45,19,7,12
24/09/2012,16:00,29,13,16
24/09/2012,16:15,24,17,7
24/09/2012,16:30,26,11,15
24/09/2012,16:45,42,24,18
24/09/2012,17:00,33,14,19
24/09/2012,17:15,45,26,19
24/09/2012,17:30,49,28,21
24/09/2012,17:45,60,28,32
24/09/2012,18:00,50,28,22
24/09/2012,18:15,60,34,26
24/09/2012,18:30,44,29,15
24/09/2012,18:45,45,21,24
24/09/2012,19:00,25,12,13
24/09/2012,19:15,26,8,18
24/09/2012,19:30,19,15,4
24/09/2012,19:45,9,5,4
24/09/2012,20:00,4,3,1
24/09/2012,20:15,6,3,3
24/09/2012,20:30,0,0,0
24/09/2012,20:45,6,3,3
24/09/2012,21:00,3,1,2
24/09/2012,21:15,6,1,5
24/09/2012,21:30,0,0,0
24/09/2012,21:45,3,1,2
24/09/2012,22:00,4,4,0
24/09/2012,22:15,0,0,0
24/09/2012,22:30,0,0,0
24/09/2012,22:45,1,0,1
24/09/2012,23:00,1,0,1
24/09/2012,23:15,1,1,0
24/09/2012,23:30,1,0,1
24/09/2012,23:45,1,1,0
25/09/2012,00:00,0,0,0
25/09/2012,00:15,1,1,0
25/09/2012,00:30,1,1,0
25/09/2012,00:45,0,0,0
25/09/2012,01:00,1,0,1
25/09/2012,01:15,0,0,0
25/09/2012,01:30,0,0,0
25/09/2012,01:45,0,0,0
25/09/2012,02:00,0,0,0
25/09/2012,02:15,0,0,0
25/09/2012,02:30,0,0,0
25/09/2012,02:45,0,0,0
25/09/2012,03:00,0,0,0
25/09/2012,03:15,0,0,0
25/09/2012,03:30,0,0,0
25/09/2012,03:45,0,0,0
25/09/2012,04:00,0,0,0
25/09/2012,04:15,1,0,1
25/09/2012,04:30,1,1,0
25/09/2012,04:45,2,1,1
25/09/2012,05:00,2,2,0
25/09/2012,05:15,7,5,2
25/09/2012,05:30,10,3,7
25/09/2012,05:45,11,4,7
25/09/2012,06:00,18,10,8
25/09/2012,06:15,11,6,5
25/09/2012,06:30,15,7,8
25/09/2012,06:45,26,5,21
25/09/2012,07:00,31,8,23
25/09/2012,07:15,29,10,19
25/09/2012,07:30,30,11,19
25/09/2012,07:45,36,18,18
25/09/2012,08:00,27,11,16
25/09/2012,08:15,28,11,17
25/09/2012,08:30,23,7,16
25/09/2012,08:45,29,15,14
25/09/2012,09:00,16,9,7
25/09/2012,09:15,9,4,5
25/09/2012,09:30,25,15,10
25/09/2012,09:45,11,6,5
25/09/2012,10:00,27,20,7
25/09/2012,10:15,30,29,1
25/09/2012,10:30,31,28,3
25/09/2012,10:45,21,17,4
25/09/2012,11:00,19,14,5
25/09/2012,11:15,27,23,4
25/09/2012,11:30,29,23,6
25/09/2012,11:45,17,9,8
25/09/2012,12:00,22,18,4
25/09/2012,12:15,20,13,7
25/09/2012,12:30,39,27,12
25/09/2012,12:45,16,13,3
25/09/2012,13:00,20,12,8
25/09/2012,13:15,25,18,7
25/09/2012,13:30,14,7,7
25/09/2012,13:45,27,12,15
25/09/2012,14:00,20,11,9
25/09/2012,14:15,22,15,7
25/09/2012,14:30,25,14,11
25/09/2012,14:45,17,7,10
25/09/2012,15:00,14,8,6
25/09/2012,15:15,15,6,9
25/09/2012,15:30,20,9,11
25/09/2012,15:45,19,8,11
25/09/2012,16:00,17,5,12
25/09/2012,16:15,39,21,18
25/09/2012,16:30,36,21,15
25/09/2012,16:45,42,21,21
25/09/2012,17:00,50,21,29
25/09/2012,17:15,39,15,24
25/09/2012,17:30,38,16,22
25/09/2012,17:45,59,31,28
25/09/2012,18:00,58,22,36
25/09/2012,18:15,64,39,25
25/09/2012,18:30,54,30,24
25/09/2012,18:45,28,13,15
25/09/2012,19:00,30,14,16
25/09/2012,19:15,24,13,11
25/09/2012,19:30,13,9,4
25/09/2012,19:45,15,8,7
25/09/2012,20:00,7,2,5
25/09/2012,20:15,10,7,3
25/09/2012,20:30,9,4,5
25/09/2012,20:45,4,2,2
25/09/2012,21:00,2,1,1
25/09/2012,21:15,4,1,3
25/09/2012,21:30,2,1,1
25/09/2012,21:45,3,1,2
25/09/2012,22:00,4,1,3
25/09/2012,22:15,3,0,3
25/09/2012,22:30,0,0,0
25/09/2012,22:45,0,0,0
25/09/2012,23:00,0,0,0
25/09/2012,23:15,1,0,1
25/09/2012,23:30,2,1,1
25/09/2012,23:45,1,0,1
26/09/2012,00:00,2,0,2
26/09/2012,00:15,1,1,0
26/09/2012,00:30,0,0,0
26/09/2012,00:45,0,0,0
26/09/2012,01:00,0,0,0
26/09/2012,01:15,1,1,0
26/09/2012,01:30,0,0,0
26/09/2012,01:45,0,0,0
26/09/2012,02:00,1,1,0
26/09/2012,02:15,0,0,0
26/09/2012,02:30,0,0,0
26/09/2012,02:45,1,1,0
26/09/2012,03:00,0,0,0
26/09/2012,03:15,0,0,0
26/09/2012,03:30,0,0,0
26/09/2012,03:45,3,3,0
26/09/2012,04:00,2,0,2
26/09/2012,04:15,1,0,1
26/09/2012,04:30,1,0,1
26/09/2012,04:45,1,1,0
26/09/2012,05:00,3,3,0
26/09/2012,05:15,8,3,5
26/09/2012,05:30,13,4,9
26/09/2012,05:45,11,6,5
26/09/2012,06:00,14,7,7
26/09/2012,06:15,16,8,8
26/09/2012,06:30,25,4,21
26/09/2012,06:45,27,4,23
26/09/2012,07:00,35,15,20
26/09/2012,07:15,23,7,16
26/09/2012,07:30,26,9,17
26/09/2012,07:45,39,13,26
26/09/2012,08:00,27,8,19
26/09/2012,08:15,34,11,23
26/09/2012,08:30,28,6,22
26/09/2012,08:45,22,7,15
26/09/2012,09:00,15,4,11
26/09/2012,09:15,14,5,9
26/09/2012,09:30,15,6,9
26/09/2012,09:45,12,9,3
26/09/2012,10:00,12,8,4
26/09/2012,10:15,21,12,9
26/09/2012,10:30,15,6,9
26/09/2012,10:45,13,3,10
26/09/2012,11:00,17,11,6
26/09/2012,11:15,18,10,8
26/09/2012,11:30,14,9,5
26/09/2012,11:45,8,5,3
26/09/2012,12:00,6,4,2
26/09/2012,12:15,13,8,5
26/09/2012,12:30,7,2,5
26/09/2012,12:45,17,3,14
26/09/2012,13:00,23,8,15
26/09/2012,13:15,15,8,7
26/09/2012,13:30,22,11,11
26/09/2012,13:45,15,10,5
26/09/2012,14:00,12,8,4
26/09/2012,14:15,22,11,11
26/09/2012,14:30,16,7,9
26/09/2012,14:45,20,6,14
26/09/2012,15:00,15,3,12
26/09/2012,15:15,20,11,9
26/09/2012,15:30,30,11,19
26/09/2012,15:45,17,5,12
26/09/2012,16:00,19,7,12
26/09/2012,16:15,29,12,17
26/09/2012,16:30,32,12,20
26/09/2012,16:45,42,25,17
26/09/2012,17:00,35,19,16
26/09/2012,17:15,27,11,16
26/09/2012,17:30,42,25,17
26/09/2012,17:45,62,33,29
26/09/2012,18:00,68,40,28
26/09/2012,18:15,40,24,16
26/09/2012,18:30,43,27,16
26/09/2012,18:45,26,12,14
26/09/2012,19:00,30,12,18
26/09/2012,19:15,23,15,8
26/09/2012,19:30,13,7,6
26/09/2012,19:45,7,3,4
26/09/2012,20:00,2,1,1
26/09/2012,20:15,9,4,5
26/09/2012,20:30,6,2,4
26/09/2012,20:45,4,1,3
26/09/2012,21:00,2,1,1
26/09/2012,21:15,4,2,2
26/09/2012,21:30,6,3,3
26/09/2012,21:45,1,1,0
26/09/2012,22:00,2,1,1
26/09/2012,22:15,0,0,0
26/09/2012,22:30,2,0,2
26/09/2012,22:45,1,0,1
26/09/2012,23:00,1,0,1
26/09/2012,23:15,0,0,0
26/09/2012,23:30,2,1,1
26/09/2012,23:45,0,0,0
27/09/2012,00:00,0,0,0
27/09/2012,00:15,2,1,1
27/09/2012,00:30,4,1,3
27/09/2012,00:45,1,1,0
27/09/2012,01:00,0,0,0
27/09/2012,01:15,0,0,0
27/09/2012,01:30,0,0,0
27/09/2012,01:45,0,0,0
27/09/2012,02:00,1,0,1
27/09/2012,02:15,0,0,0
27/09/2012,02:30,0,0,0
27/09/2012,02:45,0,0,0
27/09/2012,03:00,0,0,0
27/09/2012,03:15,0,0,0
27/09/2012,03:30,0,0,0
27/09/2012,03:45,,,
27/09/2012,04:00,2,2,0
27/09/2012,04:15,1,1,0
27/09/2012,04:30,0,0,0
27/09/2012,04:45,1,0,1
27/09/2012,05:00,1,0,1
27/09/2012,05:15,1,0,1
27/09/2012,05:30,7,5,2
27/09/2012,05:45,11,4,7
27/09/2012,06:00,11,6,5
27/09/2012,06:15,12,6,6
27/09/2012,06:30,12,8,4
27/09/2012,06:45,21,4,17
27/09/2012,07:00,31,11,20
27/09/2012,07:15,26,6,20
27/09/2012,07:30,40,14,26
27/09/2012,07:45,38,12,26
27/09/2012,08:00,40,6,34
27/09/2012,08:15,33,7,26
27/09/2012,08:30,37,17,20
27/09/2012,08:45,15,7,8
27/09/2012,09:00,16,7,9
27/09/2012,09:15,15,8,7
27/09/2012,09:30,10,5,5
27/09/2012,09:45,14,4,10
27/09/2012,10:00,8,1,7
27/09/2012,10:15,18,10,8
27/09/2012,10:30,12,5,7
27/09/2012,10:45,16,11,5
27/09/2012,11:00,15,6,9
27/09/2012,11:15,24,14,10
27/09/2012,11:30,33,24,9
27/09/2012,11:45,21,11,10
27/09/2012,12:00,24,18,6
27/09/2012,12:15,26,17,9
27/09/2012,12:30,30,24,6
27/09/2012,12:45,15,8,7
27/09/2012,13:00,18,11,7
27/09/2012,13:15,30,20,10
27/09/2012,13:30,14,6,8
27/09/2012,13:45,11,7,4
27/09/2012,14:00,34,22,12
27/09/2012,14:15,15,8,7
27/09/2012,14:30,13,5,8
27/09/2012,14:45,14,6,8
27/09/2012,15:00,23,13,10
27/09/2012,15:15,15,9,6
27/09/2012,15:30,17,6,11
27/09/2012,15:45,21,7,14
27/09/2012,16:00,25,9,16
27/09/2012,16:15,26,14,12
27/09/2012,16:30,41,20,21
27/09/2012,16:45,31,15,16
27/09/2012,17:00,25,15,10
27/09/2012,17:15,35,13,22
27/09/2012,17:30,40,25,15
27/09/2012,17:45,50,23,27
27/09/2012,18:00,53,26,27
27/09/2012,18:15,49,33,16
27/09/2012,18:30,42,18,24
27/09/2012,18:45,34,18,16
27/09/2012,19:00,33,13,20
27/09/2012,19:15,34,15,19
27/09/2012,19:30,19,7,12
27/09/2012,19:45,19,10,9
27/09/2012,20:00,14,7,7
27/09/2012,20:15,6,1,5
27/09/2012,20:30,6,4,2
27/09/2012,20:45,7,4,3
27/09/2012,21:00,6,2,4
27/09/2012,21:15,2,2,0
27/09/2012,21:30,0,0,0
27/09/2012,21:45,1,0,1
27/09/2012,22:00,1,0,1
27/09/2012,22:15,0,0,0
27/09/2012,22:30,5,3,2
27/09/2012,22:45,0,0,0
27/09/2012,23:00,1,1,0
27/09/2012,23:15,1,1,0
27/09/2012,23:30,0,0,0
27/09/2012,23:45,1,1,0
28/09/2012,00:00,0,0,0
28/09/2012,00:15,0,0,0
28/09/2012,00:30,0,0,0
28/09/2012,00:45,0,0,0
28/09/2012,01:00,1,0,1
28/09/2012,01:15,0,0,0
28/09/2012,01:30,0,0,0
28/09/2012,01:45,0,0,0
28/09/2012,02:00,0,0,0
28/09/2012,02:15,0,0,0
28/09/2012,02:30,0,0,0
28/09/2012,02:45,0,0,0
28/09/2012,03:00,0,0,0
28/09/2012,03:15,0,0,0
28/09/2012,03:30,0,0,0
28/09/2012,03:45,2,1,1
28/09/2012,04:00,0,0,0
28/09/2012,04:15,0,0,0
28/09/2012,04:30,0,0,0
28/09/2012,04:45,2,2,0
28/09/2012,05:00,4,3,1
28/09/2012,05:15,4,1,3
28/09/2012,05:30,8,3,5
28/09/2012,05:45,5,2,3
28/09/2012,06:00,6,1,5
28/09/2012,06:15,12,2,10
28/09/2012,06:30,16,6,10
28/09/2012,06:45,21,5,16
28/09/2012,07:00,20,5,15
28/09/2012,07:15,34,12,22
28/09/2012,07:30,17,6,11
28/09/2012,07:45,28,11,17
28/09/2012,08:00,22,11,11
28/09/2012,08:15,25,15,10
28/09/2012,08:30,13,2,11
28/09/2012,08:45,18,8,10
28/09/2012,09:00,7,3,4
28/09/2012,09:15,12,5,7
28/09/2012,09:30,2,1,1
28/09/2012,09:45,15,8,7
28/09/2012,10:00,6,4,2
28/09/2012,10:15,18,10,8
28/09/2012,10:30,19,9,10
28/09/2012,10:45,7,4,3
28/09/2012,11:00,10,6,4
28/09/2012,11:15,7,2,5
28/09/2012,11:30,16,9,7
28/09/2012,11:45,9,3,6
28/09/2012,12:00,14,7,7
28/09/2012,12:15,10,2,8
28/09/2012,12:30,8,2,6
28/09/2012,12:45,11,4,7
28/09/2012,13:00,6,4,2
28/09/2012,13:15,8,2,6
28/09/2012,13:30,13,5,8
28/09/2012,13:45,16,9,7
28/09/2012,14:00,13,4,9
28/09/2012,14:15,11,6,5
28/09/2012,14:30,8,3,5
28/09/2012,14:45,13,4,9
28/09/2012,15:00,15,2,13
28/09/2012,15:15,17,3,14
28/09/2012,15:30,14,9,5
28/09/2012,15:45,25,17,8
28/09/2012,16:00,17,7,10
28/09/2012,16:15,19,9,10
28/09/2012,16:30,20,8,12
28/09/2012,16:45,26,8,18
28/09/2012,17:00,13,4,9
28/09/2012,17:15,25,11,14
28/09/2012,17:30,21,10,11
28/09/2012,17:45,31,13,18
28/09/2012,18:00,22,9,13
28/09/2012,18:15,33,16,17
28/09/2012,18:30,20,6,14
28/09/2012,18:45,14,8,6
28/09/2012,19:00,12,6,6
28/09/2012,19:15,11,4,7
28/09/2012,19:30,6,3,3
28/09/2012,19:45,5,5,0
28/09/2012,20:00,4,3,1
28/09/2012,20:15,3,2,1
28/09/2012,20:30,3,1,2
28/09/2012,20:45,1,0,1
28/09/2012,21:00,3,2,1
28/09/2012,21:15,5,2,3
28/09/2012,21:30,4,4,0
28/09/2012,21:45,2,1,1
28/09/2012,22:00,1,0,1
28/09/2012,22:15,3,1,2
28/09/2012,22:30,1,0,1
28/09/2012,22:45,0,0,0
28/09/2012,23:00,1,0,1
28/09/2012,23:15,3,2,1
28/09/2012,23:30,0,0,0
28/09/2012,23:45,3,1,2
29/09/2012,00:00,1,1,0
29/09/2012,00:15,0,0,0
29/09/2012,00:30,0,0,0
29/09/2012,00:45,0,0,0
29/09/2012,01:00,2,1,1
29/09/2012,01:15,1,1,0
29/09/2012,01:30,0,0,0
29/09/2012,01:45,0,0,0
29/09/2012,02:00,0,0,0
29/09/2012,02:15,0,0,0
29/09/2012,02:30,0,0,0
29/09/2012,02:45,4,3,1
29/09/2012,03:00,0,0,0
29/09/2012,03:15,0,0,0
29/09/2012,03:30,0,0,0
29/09/2012,03:45,0,0,0
29/09/2012,04:00,0,0,0
29/09/2012,04:15,0,0,0
29/09/2012,04:30,1,0,1
29/09/2012,04:45,1,1,0
29/09/2012,05:00,2,0,2
29/09/2012,05:15,1,0,1
29/09/2012,05:30,1,1,0
29/09/2012,05:45,4,4,0
29/09/2012,06:00,2,2,0
29/09/2012,06:15,4,3,1
29/09/2012,06:30,3,2,1
29/09/2012,06:45,8,2,6
29/09/2012,07:00,7,2,5
29/09/2012,07:15,15,6,9
29/09/2012,07:30,14,9,5
29/09/2012,07:45,20,11,9
29/09/2012,08:00,31,12,19
29/09/2012,08:15,33,18,15
29/09/2012,08:30,23,10,13
29/09/2012,08:45,30,16,14
29/09/2012,09:00,33,11,22
29/09/2012,09:15,51,22,29
29/09/2012,09:30,36,18,18
29/09/2012,09:45,39,12,27
29/09/2012,10:00,30,11,19
29/09/2012,10:15,47,22,25
29/09/2012,10:30,52,28,24
29/09/2012,10:45,40,21,19
29/09/2012,11:00,49,19,30
29/09/2012,11:15,72,45,27
29/09/2012,11:30,46,22,24
29/09/2012,11:45,49,33,16
29/09/2012,12:00,41,20,21
29/09/2012,12:15,41,23,18
29/09/2012,12:30,48,29,19
29/09/2012,12:45,58,43,15
29/09/2012,13:00,59,35,24
29/09/2012,13:15,44,29,15
29/09/2012,13:30,48,37,11
29/09/2012,13:45,54,31,23
29/09/2012,14:00,53,23,30
29/09/2012,14:15,51,20,31
29/09/2012,14:30,40,18,22
29/09/2012,14:45,44,20,24
29/09/2012,15:00,35,15,20
29/09/2012,15:15,27,11,16
29/09/2012,15:30,42,18,24
29/09/2012,15:45,40,14,26
29/09/2012,16:00,25,9,16
29/09/2012,16:15,30,14,16
29/09/2012,16:30,48,17,31
29/09/2012,16:45,25,14,11
29/09/2012,17:00,21,11,10
29/09/2012,17:15,20,14,6
29/09/2012,17:30,30,11,19
29/09/2012,17:45,23,17,6
29/09/2012,18:00,32,12,20
29/09/2012,18:15,11,6,5
29/09/2012,18:30,15,7,8
29/09/2012,18:45,17,8,9
29/09/2012,19:00,14,9,5
29/09/2012,19:15,12,4,8
29/09/2012,19:30,3,1,2
29/09/2012,19:45,2,0,2
29/09/2012,20:00,3,1,2
29/09/2012,20:15,3,1,2
29/09/2012,20:30,3,2,1
29/09/2012,20:45,5,1,4
29/09/2012,21:00,6,3,3
29/09/2012,21:15,1,1,0
29/09/2012,21:30,6,4,2
29/09/2012,21:45,4,3,1
29/09/2012,22:00,5,2,3
29/09/2012,22:15,1,0,1
29/09/2012,22:30,0,0,0
29/09/2012,22:45,4,2,2
29/09/2012,23:00,1,1,0
29/09/2012,23:15,0,0,0
29/09/2012,23:30,4,1,3
29/09/2012,23:45,4,0,4
30/09/2012,00:00,2,0,2
30/09/2012,00:15,1,0,1
30/09/2012,00:30,0,0,0
30/09/2012,00:45,3,0,3
30/09/2012,01:00,1,0,1
30/09/2012,01:15,0,0,0
30/09/2012,01:30,0,0,0
30/09/2012,01:45,2,1,1
30/09/2012,02:00,0,0,0
30/09/2012,02:15,2,1,1
30/09/2012,02:30,1,0,1
30/09/2012,02:45,0,0,0
30/09/2012,03:00,1,0,1
30/09/2012,03:15,0,0,0
30/09/2012,03:30,1,1,0
30/09/2012,03:45,3,3,0
30/09/2012,04:00,1,1,0
30/09/2012,04:15,1,0,1
30/09/2012,04:30,0,0,0
30/09/2012,04:45,2,0,2
30/09/2012,05:00,0,0,0
30/09/2012,05:15,1,0,1
30/09/2012,05:30,0,0,0
30/09/2012,05:45,1,1,0
30/09/2012,06:00,1,0,1
30/09/2012,06:15,1,1,0
30/09/2012,06:30,2,0,2
30/09/2012,06:45,1,1,0
30/09/2012,07:00,2,1,1
30/09/2012,07:15,7,4,3
30/09/2012,07:30,12,7,5
30/09/2012,07:45,18,5,13
30/09/2012,08:00,16,11,5
30/09/2012,08:15,28,17,11
30/09/2012,08:30,17,10,7
30/09/2012,08:45,21,14,7
30/09/2012,09:00,32,10,22
30/09/2012,09:15,42,16,26
30/09/2012,09:30,36,22,14
30/09/2012,09:45,35,19,16
30/09/2012,10:00,40,21,19
30/09/2012,10:15,48,17,31
30/09/2012,10:30,47,23,24
30/09/2012,10:45,59,30,29
30/09/2012,11:00,51,31,20
30/09/2012,11:15,57,29,28
30/09/2012,11:30,52,30,22
30/09/2012,11:45,66,39,27
30/09/2012,12:00,51,35,16
30/09/2012,12:15,61,28,33
30/09/2012,12:30,71,40,31
30/09/2012,12:45,39,22,17
30/09/2012,13:00,81,49,32
30/09/2012,13:15,46,20,26
30/09/2012,13:30,42,16,26
30/09/2012,13:45,38,18,20
30/09/2012,14:00,41,18,23
30/09/2012,14:15,47,31,16
30/09/2012,14:30,72,33,39
30/09/2012,14:45,51,25,26
30/09/2012,15:00,49,24,25
30/09/2012,15:15,30,17,13
30/09/2012,15:30,45,24,21
30/09/2012,15:45,41,16,25
30/09/2012,16:00,32,14,18
30/09/2012,16:15,44,16,28
30/09/2012,16:30,34,17,17
30/09/2012,16:45,27,11,16
30/09/2012,17:00,37,19,18
30/09/2012,17:15,39,16,23
30/09/2012,17:30,21,8,13
30/09/2012,17:45,47,26,21
30/09/2012,18:00,23,10,13
30/09/2012,18:15,28,8,20
30/09/2012,18:30,18,15,3
30/09/2012,18:45,12,9,3
30/09/2012,19:00,11,4,7
30/09/2012,19:15,6,2,4
30/09/2012,19:30,5,3,2
30/09/2012,19:45,3,0,3
30/09/2012,20:00,4,1,3
30/09/2012,20:15,4,1,3
30/09/2012,20:30,5,3,2
30/09/2012,20:45,1,0,1
30/09/2012,21:00,1,1,0
30/09/2012,21:15,3,1,2
30/09/2012,21:30,0,0,0
30/09/2012,21:45,2,1,1
30/09/2012,22:00,4,1,3
30/09/2012,22:15,3,0,3
30/09/2012,22:30,0,0,0
30/09/2012,22:45,2,1,1
30/09/2012,23:00,3,1,2
30/09/2012,23:15,1,1,0
30/09/2012,23:30,2,1,1
30/09/2012,23:45,0,0,0
01/10/2012,00:00,1,0,1
01/10/2012,00:15,1,0,1
01/10/2012,00:30,2,0,2
01/10/2012,00:45,1,1,0
01/10/2012,01:00,0,0,0
01/10/2012,01:15,0,0,0
01/10/2012,01:30,4,1,3
01/10/2012,01:45,0,0,0
01/10/2012,02:00,0,0,0
01/10/2012,02:15,0,0,0
01/10/2012,02:30,0,0,0
01/10/2012,02:45,0,0,0
01/10/2012,03:00,0,0,0
01/10/2012,03:15,0,0,0
01/10/2012,03:30,0,0,0
01/10/2012,03:45,4,3,1
01/10/2012,04:00,1,1,0
01/10/2012,04:15,0,0,0
01/10/2012,04:30,0,0,0
01/10/2012,04:45,3,2,1
01/10/2012,05:00,3,2,1
01/10/2012,05:15,5,1,4
01/10/2012,05:30,10,4,6
01/10/2012,05:45,13,5,8
01/10/2012,06:00,11,3,8
01/10/2012,06:15,15,6,9
01/10/2012,06:30,20,7,13
01/10/2012,06:45,18,4,14
01/10/2012,07:00,28,7,21
01/10/2012,07:15,27,8,19
01/10/2012,07:30,16,4,12
01/10/2012,07:45,34,9,25
01/10/2012,08:00,19,4,15
01/10/2012,08:15,23,8,15
01/10/2012,08:30,24,9,15
01/10/2012,08:45,26,12,14
01/10/2012,09:00,17,7,10
01/10/2012,09:15,10,3,7
01/10/2012,09:30,17,12,5
01/10/2012,09:45,16,15,1
01/10/2012,10:00,23,19,4
01/10/2012,10:15,19,17,2
01/10/2012,10:30,30,26,4
01/10/2012,10:45,39,27,12
01/10/2012,11:00,29,23,6
01/10/2012,11:15,24,21,3
01/10/2012,11:30,19,14,5
01/10/2012,11:45,33,28,5
01/10/2012,12:00,11,7,4
01/10/2012,12:15,25,13,12
01/10/2012,12:30,13,9,4
01/10/2012,12:45,15,6,9
01/10/2012,13:00,11,5,6
01/10/2012,13:15,22,12,10
01/10/2012,13:30,13,8,5
01/10/2012,13:45,8,2,6
01/10/2012,14:00,20,11,9
01/10/2012,14:15,13,9,4
01/10/2012,14:30,15,9,6
01/10/2012,14:45,14,10,4
01/10/2012,15:00,16,7,9
01/10/2012,15:15,28,14,14
01/10/2012,15:30,15,6,9
01/10/2012,15:45,23,11,12
01/10/2012,16:00,24,10,14
01/10/2012,16:15,23,15,8
01/10/2012,16:30,29,16,13
01/10/2012,16:45,35,14,21
01/10/2012,17:00,30,17,13
01/10/2012,17:15,47,21,26
01/10/2012,17:30,44,23,21
01/10/2012,17:45,35,23,12
01/10/2012,18:00,40,20,20
01/10/2012,18:15,23,15,8
01/10/2012,18:30,16,6,10
01/10/2012,18:45,15,6,9
01/10/2012,19:00,19,8,11
01/10/2012,19:15,14,4,10
01/10/2012,19:30,12,4,8
01/10/2012,19:45,7,3,4
01/10/2012,20:00,7,3,4
01/10/2012,20:15,4,3,1
01/10/2012,20:30,3,2,1
01/10/2012,20:45,1,0,1
01/10/2012,21:00,1,0,1
01/10/2012,21:15,2,2,0
01/10/2012,21:30,2,2,0
01/10/2012,21:45,2,2,0
01/10/2012,22:00,1,0,1
01/10/2012,22:15,2,1,1
01/10/2012,22:30,1,0,1
01/10/2012,22:45,1,1,0
01/10/2012,23:00,1,0,1
01/10/2012,23:15,1,1,0
01/10/2012,23:30,0,0,0
01/10/2012,23:45,0,0,0
02/10/2012,00:00,3,2,1
02/10/2012,00:15,0,0,0
02/10/2012,00:30,1,1,0
02/10/2012,00:45,0,0,0
02/10/2012,01:00,0,0,0
02/10/2012,01:15,1,1,0
02/10/2012,01:30,0,0,0
02/10/2012,01:45,0,0,0
02/10/2012,02:00,0,0,0
02/10/2012,02:15,1,0,1
02/10/2012,02:30,0,0,0
02/10/2012,02:45,0,0,0
02/10/2012,03:00,0,0,0
02/10/2012,03:15,1,1,0
02/10/2012,03:30,1,0,1
02/10/2012,03:45,0,0,0
02/10/2012,04:00,2,2,0
02/10/2012,04:15,2,2,0
02/10/2012,04:30,0,0,0
02/10/2012,04:45,2,0,2
02/10/2012,05:00,3,2,1
02/10/2012,05:15,4,4,0
02/10/2012,05:30,5,2,3
02/10/2012,05:45,6,1,5
02/10/2012,06:00,11,5,6
02/10/2012,06:15,11,4,7
02/10/2012,06:30,24,10,14
02/10/2012,06:45,17,3,14
02/10/2012,07:00,16,5,11
02/10/2012,07:15,17,6,11
02/10/2012,07:30,11,8,3
02/10/2012,07:45,17,9,8
02/10/2012,08:00,10,7,3
02/10/2012,08:15,8,5,3
02/10/2012,08:30,6,5,1
02/10/2012,08:45,4,2,2
02/10/2012,09:00,3,2,1
02/10/2012,09:15,4,3,1
02/10/2012,09:30,0,0,0
02/10/2012,09:45,3,3,0
02/10/2012,10:00,1,1,0
02/10/2012,10:15,2,1,1
02/10/2012,10:30,3,0,3
02/10/2012,10:45,4,1,3
02/10/2012,11:00,3,1,2
02/10/2012,11:15,0,0,0
02/10/2012,11:30,2,1,1
02/10/2012,11:45,0,0,0
02/10/2012,12:00,4,3,1
02/10/2012,12:15,5,3,2
02/10/2012,12:30,4,0,4
02/10/2012,12:45,1,0,1
02/10/2012,13:00,4,1,3
02/10/2012,13:15,3,1,2
02/10/2012,13:30,3,1,2
02/10/2012,13:45,10,6,4
02/10/2012,14:00,5,2,3
02/10/2012,14:15,3,1,2
02/10/2012,14:30,12,7,5
02/10/2012,14:45,3,0,3
02/10/2012,15:00,6,2,4
02/10/2012,15:15,9,4,5
02/10/2012,15:30,5,1,4
02/10/2012,15:45,11,4,7
02/10/2012,16:00,9,5,4
02/10/2012,16:15,16,7,9
02/10/2012,16:30,17,7,10
02/10/2012,16:45,18,7,11
02/10/2012,17:00,20,9,11
02/10/2012,17:15,21,13,8
02/10/2012,17:30,15,7,8
02/10/2012,17:45,22,8,14
02/10/2012,18:00,24,11,13
02/10/2012,18:15,29,14,15
02/10/2012,18:30,16,5,11
02/10/2012,18:45,19,9,10
02/10/2012,19:00,13,8,5
02/10/2012,19:15,10,6,4
02/10/2012,19:30,3,2,1
02/10/2012,19:45,3,2,1
02/10/2012,20:00,4,2,2
02/10/2012,20:15,9,5,4
02/10/2012,20:30,4,2,2
02/10/2012,20:45,2,1,1
02/10/2012,21:00,2,1,1
02/10/2012,21:15,2,1,1
02/10/2012,21:30,4,2,2
02/10/2012,21:45,3,1,2
02/10/2012,22:00,1,1,0
02/10/2012,22:15,3,2,1
02/10/2012,22:30,4,1,3
02/10/2012,22:45,5,4,1
02/10/2012,23:00,3,2,1
02/10/2012,23:15,0,0,0
02/10/2012,23:30,0,0,0
02/10/2012,23:45,0,0,0
03/10/2012,00:00,0,0,0
03/10/2012,00:15,1,0,1
03/10/2012,00:30,0,0,0
03/10/2012,00:45,0,0,0
03/10/2012,01:00,0,0,0
03/10/2012,01:15,1,1,0
03/10/2012,01:30,0,0,0
03/10/2012,01:45,0,0,0
03/10/2012,02:00,0,0,0
03/10/2012,02:15,0,0,0
03/10/2012,02:30,0,0,0
03/10/2012,02:45,0,0,0
03/10/2012,03:00,0,0,0
03/10/2012,03:15,0,0,0
03/10/2012,03:30,0,0,0
03/10/2012,03:45,2,1,1
03/10/2012,04:00,3,1,2
03/10/2012,04:15,0,0,0
03/10/2012,04:30,0,0,0
03/10/2012,04:45,0,0,0
03/10/2012,05:00,2,1,1
03/10/2012,05:15,5,1,4
03/10/2012,05:30,4,0,4
03/10/2012,05:45,17,5,12
03/10/2012,06:00,9,5,4
03/10/2012,06:15,11,5,6
03/10/2012,06:30,14,3,11
03/10/2012,06:45,24,7,17
03/10/2012,07:00,35,9,26
03/10/2012,07:15,30,17,13
03/10/2012,07:30,31,12,19
03/10/2012,07:45,36,9,27
03/10/2012,08:00,25,8,17
03/10/2012,08:15,26,4,22
03/10/2012,08:30,15,2,13
03/10/2012,08:45,13,7,6
03/10/2012,09:00,13,4,9
03/10/2012,09:15,6,4,2
03/10/2012,09:30,8,4,4
03/10/2012,09:45,10,5,5
03/10/2012,10:00,10,5,5
03/10/2012,10:15,11,4,7
03/10/2012,10:30,5,1,4
03/10/2012,10:45,14,4,10
03/10/2012,11:00,16,5,11
03/10/2012,11:15,8,2,6
03/10/2012,11:30,7,0,7
03/10/2012,11:45,11,3,8
03/10/2012,12:00,13,6,7
03/10/2012,12:15,11,4,7
03/10/2012,12:30,15,7,8
03/10/2012,12:45,7,3,4
03/10/2012,13:00,9,2,7
03/10/2012,13:15,8,3,5
03/10/2012,13:30,7,2,5
03/10/2012,13:45,11,5,6
03/10/2012,14:00,11,6,5
03/10/2012,14:15,8,4,4
03/10/2012,14:30,16,4,12
03/10/2012,14:45,9,4,5
03/10/2012,15:00,14,8,6
03/10/2012,15:15,20,9,11
03/10/2012,15:30,13,5,8
03/10/2012,15:45,21,8,13
03/10/2012,16:00,18,10,8
03/10/2012,16:15,20,10,10
03/10/2012,16:30,32,17,15
03/10/2012,16:45,59,26,33
03/10/2012,17:00,37,18,19
03/10/2012,17:15,26,7,19
03/10/2012,17:30,52,20,32
03/10/2012,17:45,52,27,25
03/10/2012,18:00,50,20,30
03/10/2012,18:15,42,26,16
03/10/2012,18:30,54,24,30
03/10/2012,18:45,43,18,25
03/10/2012,19:00,17,11,6
03/10/2012,19:15,20,7,13
03/10/2012,19:30,18,6,12
03/10/2012,19:45,11,5,6
03/10/2012,20:00,8,5,3
03/10/2012,20:15,2,1,1
03/10/2012,20:30,2,1,1
03/10/2012,20:45,7,5,2
03/10/2012,21:00,9,5,4
03/10/2012,21:15,8,2,6
03/10/2012,21:30,3,2,1
03/10/2012,21:45,3,0,3
03/10/2012,22:00,1,0,1
03/10/2012,22:15,3,1,2
03/10/2012,22:30,1,0,1
03/10/2012,22:45,6,4,2
03/10/2012,23:00,1,0,1
03/10/2012,23:15,1,0,1
03/10/2012,23:30,0,0,0
03/10/2012,23:45,0,0,0
04/10/2012,00:00,2,0,2
04/10/2012,00:15,0,0,0
04/10/2012,00:30,0,0,0
04/10/2012,00:45,0,0,0
04/10/2012,01:00,1,1,0
04/10/2012,01:15,0,0,0
04/10/2012,01:30,0,0,0
04/10/2012,01:45,1,0,1
04/10/2012,02:00,1,1,0
04/10/2012,02:15,0,0,0
04/10/2012,02:30,0,0,0
04/10/2012,02:45,1,1,0
04/10/2012,03:00,2,1,1
04/10/2012,03:15,0,0,0
04/10/2012,03:30,1,1,0
04/10/2012,03:45,1,1,0
04/10/2012,04:00,3,2,1
04/10/2012,04:15,2,0,2
04/10/2012,04:30,1,1,0
04/10/2012,04:45,1,0,1
04/10/2012,05:00,4,2,2
04/10/2012,05:15,3,1,2
04/10/2012,05:30,1,0,1
04/10/2012,05:45,7,2,5
04/10/2012,06:00,8,4,4
04/10/2012,06:15,13,6,7
04/10/2012,06:30,17,4,13
04/10/2012,06:45,16,8,8
04/10/2012,07:00,30,7,23
04/10/2012,07:15,29,13,16
04/10/2012,07:30,20,8,12
04/10/2012,07:45,19,3,16
04/10/2012,08:00,21,6,15
04/10/2012,08:15,11,3,8
04/10/2012,08:30,24,12,12
04/10/2012,08:45,25,9,16
04/10/2012,09:00,9,4,5
04/10/2012,09:15,2,0,2
04/10/2012,09:30,13,4,9
04/10/2012,09:45,14,6,8
04/10/2012,10:00,5,3,2
04/10/2012,10:15,9,2,7
04/10/2012,10:30,6,1,5
04/10/2012,10:45,6,1,5
04/10/2012,11:00,11,5,6
04/10/2012,11:15,8,4,4
04/10/2012,11:30,10,4,6
04/10/2012,11:45,11,3,8
04/10/2012,12:00,11,4,7
04/10/2012,12:15,7,2,5
04/10/2012,12:30,5,3,2
04/10/2012,12:45,16,4,12
04/10/2012,13:00,12,3,9
04/10/2012,13:15,12,6,6
04/10/2012,13:30,6,3,3
04/10/2012,13:45,7,3,4
04/10/2012,14:00,11,6,5
04/10/2012,14:15,12,4,8
04/10/2012,14:30,20,6,14
04/10/2012,14:45,13,5,8
04/10/2012,15:00,12,3,9
04/10/2012,15:15,21,12,9
04/10/2012,15:30,14,8,6
04/10/2012,15:45,14,5,9
04/10/2012,16:00,16,7,9
04/10/2012,16:15,17,4,13
04/10/2012,16:30,22,12,10
04/10/2012,16:45,46,18,28
04/10/2012,17:00,35,12,23
04/10/2012,17:15,26,9,17
04/10/2012,17:30,54,23,31
04/10/2012,17:45,47,19,28
04/10/2012,18:00,31,14,17
04/10/2012,18:15,40,21,19
04/10/2012,18:30,31,22,9
04/10/2012,18:45,35,26,9
04/10/2012,19:00,14,10,4
04/10/2012,19:15,22,14,8
04/10/2012,19:30,11,3,8
04/10/2012,19:45,9,3,6
04/10/2012,20:00,5,2,3
04/10/2012,20:15,6,5,1
04/10/2012,20:30,3,2,1
04/10/2012,20:45,6,4,2
04/10/2012,21:00,2,1,1
04/10/2012,21:15,2,2,0
04/10/2012,21:30,3,3,0
04/10/2012,21:45,4,1,3
04/10/2012,22:00,7,4,3
04/10/2012,22:15,2,1,1
04/10/2012,22:30,2,0,2
04/10/2012,22:45,3,0,3
04/10/2012,23:00,0,0,0
04/10/2012,23:15,3,1,2
04/10/2012,23:30,2,0,2
04/10/2012,23:45,0,0,0
05/10/2012,00:00,0,0,0
05/10/2012,00:15,3,2,1
05/10/2012,00:30,0,0,0
05/10/2012,00:45,0,0,0
05/10/2012,01:00,3,0,3
05/10/2012,01:15,0,0,0
05/10/2012,01:30,0,0,0
05/10/2012,01:45,1,1,0
05/10/2012,02:00,0,0,0
05/10/2012,02:15,0,0,0
05/10/2012,02:30,1,1,0
05/10/2012,02:45,0,0,0
05/10/2012,03:00,0,0,0
05/10/2012,03:15,0,0,0
05/10/2012,03:30,1,1,0
05/10/2012,03:45,3,3,0
05/10/2012,04:00,1,1,0
05/10/2012,04:15,0,0,0
05/10/2012,04:30,1,0,1
05/10/2012,04:45,2,0,2
05/10/2012,05:00,0,0,0
05/10/2012,05:15,1,0,1
05/10/2012,05:30,7,2,5
05/10/2012,05:45,5,3,2
05/10/2012,06:00,16,12,4
05/10/2012,06:15,20,9,11
05/10/2012,06:30,15,4,11
05/10/2012,06:45,18,6,12
05/10/2012,07:00,25,10,15
05/10/2012,07:15,28,9,19
05/10/2012,07:30,36,18,18
05/10/2012,07:45,25,8,17
05/10/2012,08:00,28,8,20
05/10/2012,08:15,26,9,17
05/10/2012,08:30,18,7,11
05/10/2012,08:45,16,6,10
05/10/2012,09:00,19,4,15
05/10/2012,09:15,17,7,10
05/10/2012,09:30,17,9,8
05/10/2012,09:45,13,5,8
05/10/2012,10:00,18,13,5
05/10/2012,10:15,14,9,5
05/10/2012,10:30,21,10,11
05/10/2012,10:45,16,11,5
05/10/2012,11:00,19,14,5
05/10/2012,11:15,19,11,8
05/10/2012,11:30,18,10,8
05/10/2012,11:45,27,17,10
05/10/2012,12:00,18,11,7
05/10/2012,12:15,33,23,10
05/10/2012,12:30,25,16,9
05/10/2012,12:45,37,25,12
05/10/2012,13:00,34,23,11
05/10/2012,13:15,19,13,6
05/10/2012,13:30,22,13,9
05/10/2012,13:45,14,7,7
05/10/2012,14:00,21,13,8
05/10/2012,14:15,35,25,10
05/10/2012,14:30,27,17,10
05/10/2012,14:45,22,11,11
05/10/2012,15:00,28,11,17
05/10/2012,15:15,19,8,11
05/10/2012,15:30,28,13,15
05/10/2012,15:45,31,8,23
05/10/2012,16:00,29,14,15
05/10/2012,16:15,28,10,18
05/10/2012,16:30,29,11,18
05/10/2012,16:45,41,16,25
05/10/2012,17:00,33,14,19
05/10/2012,17:15,42,20,22
05/10/2012,17:30,42,17,25
05/10/2012,17:45,43,14,29
05/10/2012,18:00,47,19,28
05/10/2012,18:15,46,20,26
05/10/2012,18:30,24,10,14
05/10/2012,18:45,18,10,8
05/10/2012,19:00,13,10,3
05/10/2012,19:15,16,6,10
05/10/2012,19:30,5,2,3
05/10/2012,19:45,5,2,3
05/10/2012,20:00,7,2,5
05/10/2012,20:15,4,2,2
05/10/2012,20:30,5,4,1
05/10/2012,20:45,6,4,2
05/10/2012,21:00,2,2,0
05/10/2012,21:15,6,3,3
05/10/2012,21:30,4,2,2
05/10/2012,21:45,0,0,0
05/10/2012,22:00,2,2,0
05/10/2012,22:15,1,0,1
05/10/2012,22:30,1,0,1
05/10/2012,22:45,1,1,0
05/10/2012,23:00,2,0,2
05/10/2012,23:15,3,2,1
05/10/2012,23:30,4,1,3
05/10/2012,23:45,0,0,0
06/10/2012,00:00,0,0,0
06/10/2012,00:15,1,0,1
06/10/2012,00:30,1,1,0
06/10/2012,00:45,0,0,0
06/10/2012,01:00,2,0,2
06/10/2012,01:15,0,0,0
06/10/2012,01:30,1,0,1
06/10/2012,01:45,2,2,0
06/10/2012,02:00,0,0,0
06/10/2012,02:15,0,0,0
06/10/2012,02:30,0,0,0
06/10/2012,02:45,1,0,1
06/10/2012,03:00,0,0,0
06/10/2012,03:15,0,0,0
06/10/2012,03:30,1,1,0
06/10/2012,03:45,1,0,1
06/10/2012,04:00,1,0,1
06/10/2012,04:15,0,0,0
06/10/2012,04:30,1,0,1
06/10/2012,04:45,2,1,1
06/10/2012,05:00,2,2,0
06/10/2012,05:15,2,1,1
06/10/2012,05:30,3,3,0
06/10/2012,05:45,5,4,1
06/10/2012,06:00,2,2,0
06/10/2012,06:15,2,1,1
06/10/2012,06:30,9,6,3
06/10/2012,06:45,5,2,3
06/10/2012,07:00,14,5,9
06/10/2012,07:15,16,6,10
06/10/2012,07:30,9,6,3
06/10/2012,07:45,29,14,15
06/10/2012,08:00,30,18,12
06/10/2012,08:15,26,16,10
06/10/2012,08:30,130,10,120
06/10/2012,08:45,46,22,24
06/10/2012,09:00,49,14,35
06/10/2012,09:15,53,17,36
06/10/2012,09:30,55,27,28
06/10/2012,09:45,41,27,14
06/10/2012,10:00,56,27,29
06/10/2012,10:15,66,33,33
06/10/2012,10:30,48,20,28
06/10/2012,10:45,60,23,37
06/10/2012,11:00,42,15,27
06/10/2012,11:15,57,29,28
06/10/2012,11:30,40,17,23
06/10/2012,11:45,64,43,21
06/10/2012,12:00,51,33,18
06/10/2012,12:15,57,34,23
06/10/2012,12:30,70,45,25
06/10/2012,12:45,37,18,19
06/10/2012,13:00,51,32,19
06/10/2012,13:15,47,18,29
06/10/2012,13:30,34,17,17
06/10/2012,13:45,45,21,24
06/10/2012,14:00,37,16,21
06/10/2012,14:15,39,17,22
06/10/2012,14:30,39,15,24
06/10/2012,14:45,39,24,15
06/10/2012,15:00,20,7,13
06/10/2012,15:15,27,7,20
06/10/2012,15:30,25,7,18
06/10/2012,15:45,24,10,14
06/10/2012,16:00,23,6,17
06/10/2012,16:15,25,10,15
06/10/2012,16:30,23,14,9
06/10/2012,16:45,36,9,27
06/10/2012,17:00,30,12,18
06/10/2012,17:15,33,13,20
06/10/2012,17:30,33,7,26
06/10/2012,17:45,25,9,16
06/10/2012,18:00,32,5,27
06/10/2012,18:15,28,7,21
06/10/2012,18:30,21,10,11
06/10/2012,18:45,10,3,7
06/10/2012,19:00,12,6,6
06/10/2012,19:15,8,3,5
06/10/2012,19:30,3,1,2
06/10/2012,19:45,5,0,5
06/10/2012,20:00,4,3,1
06/10/2012,20:15,1,0,1
06/10/2012,20:30,6,3,3
06/10/2012,20:45,4,1,3
06/10/2012,21:00,1,0,1
06/10/2012,21:15,0,0,0
06/10/2012,21:30,2,2,0
06/10/2012,21:45,3,0,3
06/10/2012,22:00,3,1,2
06/10/2012,22:15,0,0,0
06/10/2012,22:30,2,1,1
06/10/2012,22:45,1,0,1
06/10/2012,23:00,1,0,1
06/10/2012,23:15,0,0,0
06/10/2012,23:30,1,0,1
06/10/2012,23:45,1,0,1
07/10/2012,00:00,3,0,3
07/10/2012,00:15,0,0,0
07/10/2012,00:30,2,0,2
07/10/2012,00:45,0,0,0
07/10/2012,01:00,0,0,0
07/10/2012,01:15,1,0,1
07/10/2012,01:30,0,0,0
07/10/2012,01:45,1,0,1
07/10/2012,02:00,0,0,0
07/10/2012,02:15,0,0,0
07/10/2012,02:30,1,1,0
07/10/2012,02:45,0,0,0
07/10/2012,03:00,0,0,0
07/10/2012,03:15,0,0,0
07/10/2012,03:30,0,0,0
07/10/2012,03:45,1,0,1
07/10/2012,04:00,2,2,0
07/10/2012,04:15,1,1,0
07/10/2012,04:30,0,0,0
07/10/2012,04:45,2,1,1
07/10/2012,05:00,4,2,2
07/10/2012,05:15,1,1,0
07/10/2012,05:30,3,3,0
07/10/2012,05:45,2,2,0
07/10/2012,06:00,1,1,0
07/10/2012,06:15,4,3,1
07/10/2012,06:30,0,0,0
07/10/2012,06:45,2,1,1
07/10/2012,07:00,4,3,1
07/10/2012,07:15,3,1,2
07/10/2012,07:30,5,2,3
07/10/2012,07:45,4,1,3
07/10/2012,08:00,3,1,2
07/10/2012,08:15,8,2,6
07/10/2012,08:30,14,8,6
07/10/2012,08:45,6,2,4
07/10/2012,09:00,5,3,2
07/10/2012,09:15,4,3,1
07/10/2012,09:30,7,3,4
07/10/2012,09:45,9,5,4
07/10/2012,10:00,6,2,4
07/10/2012,10:15,8,4,4
07/10/2012,10:30,9,2,7
07/10/2012,10:45,6,3,3
07/10/2012,11:00,11,6,5
07/10/2012,11:15,8,4,4
07/10/2012,11:30,10,4,6
07/10/2012,11:45,8,2,6
07/10/2012,12:00,10,6,4
07/10/2012,12:15,12,8,4
07/10/2012,12:30,7,3,4
07/10/2012,12:45,7,4,3
07/10/2012,13:00,10,4,6
07/10/2012,13:15,19,6,13
07/10/2012,13:30,10,5,5
07/10/2012,13:45,11,2,9
07/10/2012,14:00,13,6,7
07/10/2012,14:15,12,8,4
07/10/2012,14:30,9,3,6
07/10/2012,14:45,10,7,3
07/10/2012,15:00,12,2,10
07/10/2012,15:15,8,4,4
07/10/2012,15:30,7,5,2
07/10/2012,15:45,16,6,10
07/10/2012,16:00,8,1,7
07/10/2012,16:15,7,3,4
07/10/2012,16:30,10,4,6
07/10/2012,16:45,21,10,11
07/10/2012,17:00,8,7,1
07/10/2012,17:15,6,1,5
07/10/2012,17:30,4,2,2
07/10/2012,17:45,5,1,4
07/10/2012,18:00,5,3,2
07/10/2012,18:15,3,0,3
07/10/2012,18:30,4,2,2
07/10/2012,18:45,4,1,3
07/10/2012,19:00,1,1,0
07/10/2012,19:15,1,1,0
07/10/2012,19:30,1,0,1
07/10/2012,19:45,0,0,0
07/10/2012,20:00,1,0,1
07/10/2012,20:15,1,1,0
07/10/2012,20:30,0,0,0
07/10/2012,20:45,1,0,1
07/10/2012,21:00,2,1,1
07/10/2012,21:15,0,0,0
07/10/2012,21:30,0,0,0
07/10/2012,21:45,3,3,0
07/10/2012,22:00,1,1,0
07/10/2012,22:15,2,0,2
07/10/2012,22:30,2,0,2
07/10/2012,22:45,1,0,1
07/10/2012,23:00,1,0,1
07/10/2012,23:15,2,0,2
07/10/2012,23:30,0,0,0
07/10/2012,23:45,2,1,1
08/10/2012,00:00,1,1,0
08/10/2012,00:15,1,0,1
08/10/2012,00:30,0,0,0
08/10/2012,00:45,0,0,0
08/10/2012,01:00,0,0,0
08/10/2012,01:15,0,0,0
08/10/2012,01:30,0,0,0
08/10/2012,01:45,1,1,0
08/10/2012,02:00,0,0,0
08/10/2012,02:15,0,0,0
08/10/2012,02:30,0,0,0
08/10/2012,02:45,0,0,0
08/10/2012,03:00,0,0,0
08/10/2012,03:15,0,0,0
08/10/2012,03:30,0,0,0
08/10/2012,03:45,0,0,0
08/10/2012,04:00,3,3,0
08/10/2012,04:15,1,1,0
08/10/2012,04:30,1,0,1
08/10/2012,04:45,0,0,0
08/10/2012,05:00,2,1,1
08/10/2012,05:15,3,1,2
08/10/2012,05:30,4,2,2
08/10/2012,05:45,5,5,0
08/10/2012,06:00,10,8,2
08/10/2012,06:15,3,2,1
08/10/2012,06:30,6,4,2
08/10/2012,06:45,9,3,6
08/10/2012,07:00,9,2,7
08/10/2012,07:15,6,3,3
08/10/2012,07:30,8,6,2
08/10/2012,07:45,12,6,6
08/10/2012,08:00,15,5,10
08/10/2012,08:15,8,1,7
08/10/2012,08:30,18,7,11
08/10/2012,08:45,14,7,7
08/10/2012,09:00,13,5,8
08/10/2012,09:15,11,5,6
08/10/2012,09:30,18,10,8
08/10/2012,09:45,24,15,9
08/10/2012,10:00,12,4,8
08/10/2012,10:15,22,9,13
08/10/2012,10:30,29,17,12
08/10/2012,10:45,29,9,20
08/10/2012,11:00,25,13,12
08/10/2012,11:15,16,7,9
08/10/2012,11:30,22,11,11
08/10/2012,11:45,19,7,12
08/10/2012,12:00,13,8,5
08/10/2012,12:15,23,12,11
08/10/2012,12:30,24,8,16
08/10/2012,12:45,14,6,8
08/10/2012,13:00,13,4,9
08/10/2012,13:15,9,1,8
08/10/2012,13:30,23,5,18
08/10/2012,13:45,12,8,4
08/10/2012,14:00,11,4,7
08/10/2012,14:15,13,5,8
08/10/2012,14:30,23,9,14
08/10/2012,14:45,14,1,13
08/10/2012,15:00,14,5,9
08/10/2012,15:15,16,6,10
08/10/2012,15:30,25,9,16
08/10/2012,15:45,23,12,11
08/10/2012,16:00,23,9,14
08/10/2012,16:15,10,5,5
08/10/2012,16:30,18,7,11
08/10/2012,16:45,10,6,4
08/10/2012,17:00,16,6,10
08/10/2012,17:15,16,2,14
08/10/2012,17:30,15,9,6
08/10/2012,17:45,7,3,4
08/10/2012,18:00,13,4,9
08/10/2012,18:15,15,7,8
08/10/2012,18:30,5,5,0
08/10/2012,18:45,11,3,8
08/10/2012,19:00,8,5,3
08/10/2012,19:15,2,2,0
08/10/2012,19:30,9,5,4
08/10/2012,19:45,0,0,0
08/10/2012,20:00,2,0,2
08/10/2012,20:15,1,0,1
08/10/2012,20:30,0,0,0
08/10/2012,20:45,0,0,0
08/10/2012,21:00,0,0,0
08/10/2012,21:15,0,0,0
08/10/2012,21:30,1,0,1
08/10/2012,21:45,1,1,0
08/10/2012,22:00,0,0,0
08/10/2012,22:15,0,0,0
08/10/2012,22:30,2,0,2
08/10/2012,22:45,0,0,0
08/10/2012,23:00,2,1,1
08/10/2012,23:15,2,1,1
08/10/2012,23:30,1,0,1
08/10/2012,23:45,0,0,0
09/10/2012,00:00,3,2,1
09/10/2012,00:15,1,0,1
09/10/2012,00:30,0,0,0
09/10/2012,00:45,0,0,0
09/10/2012,01:00,0,0,0
09/10/2012,01:15,0,0,0
09/10/2012,01:30,0,0,0
09/10/2012,01:45,0,0,0
09/10/2012,02:00,0,0,0
09/10/2012,02:15,0,0,0
09/10/2012,02:30,0,0,0
09/10/2012,02:45,0,0,0
09/10/2012,03:00,0,0,0
09/10/2012,03:15,0,0,0
09/10/2012,03:30,0,0,0
09/10/2012,03:45,2,1,1
09/10/2012,04:00,0,0,0
09/10/2012,04:15,2,2,0
09/10/2012,04:30,1,1,0
09/10/2012,04:45,1,0,1
09/10/2012,05:00,1,1,0
09/10/2012,05:15,3,2,1
09/10/2012,05:30,5,3,2
09/10/2012,05:45,8,5,3
09/10/2012,06:00,12,7,5
09/10/2012,06:15,8,3,5
09/10/2012,06:30,9,5,4
09/10/2012,06:45,12,4,8
09/10/2012,07:00,20,4,16
09/10/2012,07:15,14,5,9
09/10/2012,07:30,27,12,15
09/10/2012,07:45,20,10,10
09/10/2012,08:00,18,5,13
09/10/2012,08:15,20,10,10
09/10/2012,08:30,16,6,10
09/10/2012,08:45,12,7,5
09/10/2012,09:00,9,3,6
09/10/2012,09:15,5,1,4
09/10/2012,09:30,8,5,3
09/10/2012,09:45,7,3,4
09/10/2012,10:00,6,2,4
09/10/2012,10:15,7,4,3
09/10/2012,10:30,7,3,4
09/10/2012,10:45,9,4,5
09/10/2012,11:00,6,3,3
09/10/2012,11:15,12,5,7
09/10/2012,11:30,6,4,2
09/10/2012,11:45,7,1,6
09/10/2012,12:00,8,3,5
09/10/2012,12:15,14,8,6
09/10/2012,12:30,7,3,4
09/10/2012,12:45,8,1,7
09/10/2012,13:00,5,2,3
09/10/2012,13:15,6,2,4
09/10/2012,13:30,9,3,6
09/10/2012,13:45,5,2,3
09/10/2012,14:00,11,5,6
09/10/2012,14:15,9,5,4
09/10/2012,14:30,14,7,7
09/10/2012,14:45,7,3,4
09/10/2012,15:00,14,5,9
09/10/2012,15:15,9,6,3
09/10/2012,15:30,14,5,9
09/10/2012,15:45,19,8,11
09/10/2012,16:00,7,5,2
09/10/2012,16:15,19,8,11
09/10/2012,16:30,35,19,16
09/10/2012,16:45,20,12,8
09/10/2012,17:00,34,17,17
09/10/2012,17:15,26,15,11
09/10/2012,17:30,34,12,22
09/10/2012,17:45,37,12,25
09/10/2012,18:00,32,16,16
09/10/2012,18:15,33,19,14
09/10/2012,18:30,33,11,22
09/10/2012,18:45,14,8,6
09/10/2012,19:00,16,7,9
09/10/2012,19:15,11,7,4
09/10/2012,19:30,7,2,5
09/10/2012,19:45,6,3,3
09/10/2012,20:00,2,2,0
09/10/2012,20:15,6,5,1
09/10/2012,20:30,5,4,1
09/10/2012,20:45,3,1,2
09/10/2012,21:00,3,1,2
09/10/2012,21:15,2,2,0
09/10/2012,21:30,1,0,1
09/10/2012,21:45,2,1,1
09/10/2012,22:00,1,0,1
09/10/2012,22:15,2,0,2
09/10/2012,22:30,3,3,0
09/10/2012,22:45,0,0,0
09/10/2012,23:00,3,1,2
09/10/2012,23:15,3,2,1
09/10/2012,23:30,1,1,0
09/10/2012,23:45,1,0,1
10/10/2012,00:00,2,2,0
10/10/2012,00:15,2,0,2
10/10/2012,00:30,0,0,0
10/10/2012,00:45,0,0,0
10/10/2012,01:00,0,0,0
10/10/2012,01:15,0,0,0
10/10/2012,01:30,0,0,0
10/10/2012,01:45,0,0,0
10/10/2012,02:00,0,0,0
10/10/2012,02:15,0,0,0
10/10/2012,02:30,1,0,1
10/10/2012,02:45,0,0,0
10/10/2012,03:00,0,0,0
10/10/2012,03:15,0,0,0
10/10/2012,03:30,1,0,1
10/10/2012,03:45,3,2,1
10/10/2012,04:00,0,0,0
10/10/2012,04:15,2,2,0
10/10/2012,04:30,1,1,0
10/10/2012,04:45,3,1,2
10/10/2012,05:00,1,0,1
10/10/2012,05:15,9,3,6
10/10/2012,05:30,11,6,5
10/10/2012,05:45,9,6,3
10/10/2012,06:00,8,4,4
10/10/2012,06:15,14,8,6
10/10/2012,06:30,21,7,14
10/10/2012,06:45,22,7,15
10/10/2012,07:00,26,8,18
10/10/2012,07:15,27,6,21
10/10/2012,07:30,36,15,21
10/10/2012,07:45,29,9,20
10/10/2012,08:00,27,6,21
10/10/2012,08:15,30,5,25
10/10/2012,08:30,20,6,14
10/10/2012,08:45,18,6,12
10/10/2012,09:00,10,3,7
10/10/2012,09:15,10,5,5
10/10/2012,09:30,18,11,7
10/10/2012,09:45,17,6,11
10/10/2012,10:00,15,10,5
10/10/2012,10:15,22,16,6
10/10/2012,10:30,22,8,14
10/10/2012,10:45,19,7,12
10/10/2012,11:00,23,11,12
10/10/2012,11:15,13,5,8
10/10/2012,11:30,18,15,3
10/10/2012,11:45,15,9,6
10/10/2012,12:00,9,3,6
10/10/2012,12:15,15,8,7
10/10/2012,12:30,17,5,12
10/10/2012,12:45,12,3,9
10/10/2012,13:00,13,6,7
10/10/2012,13:15,13,8,5
10/10/2012,13:30,21,16,5
10/10/2012,13:45,27,23,4
10/10/2012,14:00,39,31,8
10/10/2012,14:15,37,24,13
10/10/2012,14:30,29,11,18
10/10/2012,14:45,20,11,9
10/10/2012,15:00,16,5,11
10/10/2012,15:15,23,8,15
10/10/2012,15:30,20,10,10
10/10/2012,15:45,28,10,18
10/10/2012,16:00,37,19,18
10/10/2012,16:15,28,13,15
10/10/2012,16:30,41,24,17
10/10/2012,16:45,50,28,22
10/10/2012,17:00,38,20,18
10/10/2012,17:15,51,21,30
10/10/2012,17:30,58,35,23
10/10/2012,17:45,45,23,22
10/10/2012,18:00,45,21,24
10/10/2012,18:15,47,22,25
10/10/2012,18:30,42,23,19
10/10/2012,18:45,24,17,7
10/10/2012,19:00,21,10,11
10/10/2012,19:15,10,2,8
10/10/2012,19:30,11,3,8
10/10/2012,19:45,5,2,3
10/10/2012,20:00,3,0,3
10/10/2012,20:15,10,4,6
10/10/2012,20:30,6,3,3
10/10/2012,20:45,2,0,2
10/10/2012,21:00,2,1,1
10/10/2012,21:15,3,1,2
10/10/2012,21:30,1,0,1
10/10/2012,21:45,4,3,1
10/10/2012,22:00,0,0,0
10/10/2012,22:15,2,1,1
10/10/2012,22:30,1,0,1
10/10/2012,22:45,1,0,1
10/10/2012,23:00,1,0,1
10/10/2012,23:15,1,0,1
10/10/2012,23:30,1,1,0
10/10/2012,23:45,1,0,1
11/10/2012,00:00,1,1,0
11/10/2012,00:15,0,0,0
11/10/2012,00:30,1,0,1
11/10/2012,00:45,0,0,0
11/10/2012,01:00,0,0,0
11/10/2012,01:15,0,0,0
11/10/2012,01:30,0,0,0
11/10/2012,01:45,0,0,0
11/10/2012,02:00,1,0,1
11/10/2012,02:15,0,0,0
11/10/2012,02:30,0,0,0
11/10/2012,02:45,1,1,0
11/10/2012,03:00,0,0,0
11/10/2012,03:15,0,0,0
11/10/2012,03:30,0,0,0
11/10/2012,03:45,1,0,1
11/10/2012,04:00,1,0,1
11/10/2012,04:15,0,0,0
11/10/2012,04:30,5,3,2
11/10/2012,04:45,0,0,0
11/10/2012,05:00,1,0,1
11/10/2012,05:15,4,1,3
11/10/2012,05:30,6,3,3
11/10/2012,05:45,12,7,5
11/10/2012,06:00,16,8,8
11/10/2012,06:15,15,6,9
11/10/2012,06:30,13,4,9
11/10/2012,06:45,18,8,10
11/10/2012,07:00,37,12,25
11/10/2012,07:15,23,4,19
11/10/2012,07:30,22,4,18
11/10/2012,07:45,24,8,16
11/10/2012,08:00,20,8,12
11/10/2012,08:15,16,2,14
11/10/2012,08:30,23,9,14
11/10/2012,08:45,20,9,11
11/10/2012,09:00,6,1,5
11/10/2012,09:15,10,7,3
11/10/2012,09:30,17,15,2
11/10/2012,09:45,40,32,8
11/10/2012,10:00,23,20,3
11/10/2012,10:15,12,8,4
11/10/2012,10:30,28,22,6
11/10/2012,10:45,12,8,4
11/10/2012,11:00,24,20,4
11/10/2012,11:15,29,26,3
11/10/2012,11:30,13,10,3
11/10/2012,11:45,25,16,9
11/10/2012,12:00,8,5,3
11/10/2012,12:15,18,12,6
11/10/2012,12:30,18,15,3
11/10/2012,12:45,12,10,2
11/10/2012,13:00,26,21,5
11/10/2012,13:15,31,24,7
11/10/2012,13:30,19,17,2
11/10/2012,13:45,37,30,7
11/10/2012,14:00,19,12,7
11/10/2012,14:15,9,4,5
11/10/2012,14:30,28,16,12
11/10/2012,14:45,13,6,7
11/10/2012,15:00,13,7,6
11/10/2012,15:15,12,7,5
11/10/2012,15:30,20,4,16
11/10/2012,15:45,22,12,10
11/10/2012,16:00,19,11,8
11/10/2012,16:15,31,17,14
11/10/2012,16:30,33,21,12
11/10/2012,16:45,36,21,15
11/10/2012,17:00,28,16,12
11/10/2012,17:15,35,22,13
11/10/2012,17:30,41,26,15
11/10/2012,17:45,43,29,14
11/10/2012,18:00,32,15,17
11/10/2012,18:15,27,10,17
11/10/2012,18:30,27,14,13
11/10/2012,18:45,28,15,13
11/10/2012,19:00,11,8,3
11/10/2012,19:15,9,4,5
11/10/2012,19:30,12,5,7
11/10/2012,19:45,7,4,3
11/10/2012,20:00,3,1,2
11/10/2012,20:15,5,4,1
11/10/2012,20:30,1,1,0
11/10/2012,20:45,1,1,0
11/10/2012,21:00,2,0,2
11/10/2012,21:15,1,1,0
11/10/2012,21:30,1,0,1
11/10/2012,21:45,3,3,0
11/10/2012,22:00,0,0,0
11/10/2012,22:15,3,1,2
11/10/2012,22:30,1,0,1
11/10/2012,22:45,2,2,0
11/10/2012,23:00,2,0,2
11/10/2012,23:15,0,0,0
11/10/2012,23:30,1,1,0
11/10/2012,23:45,0,0,0
12/10/2012,00:00,0,0,0
12/10/2012,00:15,1,1,0
12/10/2012,00:30,0,0,0
12/10/2012,00:45,0,0,0
12/10/2012,01:00,0,0,0
12/10/2012,01:15,0,0,0
12/10/2012,01:30,0,0,0
12/10/2012,01:45,0,0,0
12/10/2012,02:00,0,0,0
12/10/2012,02:15,0,0,0
12/10/2012,02:30,0,0,0
12/10/2012,02:45,0,0,0
12/10/2012,03:00,0,0,0
12/10/2012,03:15,0,0,0
12/10/2012,03:30,1,0,1
12/10/2012,03:45,2,1,1
12/10/2012,04:00,0,0,0
12/10/2012,04:15,0,0,0
12/10/2012,04:30,0,0,0
12/10/2012,04:45,4,1,3
12/10/2012,05:00,0,0,0
12/10/2012,05:15,10,5,5
12/10/2012,05:30,8,3,5
12/10/2012,05:45,10,7,3
12/10/2012,06:00,14,7,7
12/10/2012,06:15,9,6,3
12/10/2012,06:30,16,3,13
12/10/2012,06:45,15,4,11
12/10/2012,07:00,20,2,18
12/10/2012,07:15,24,10,14
12/10/2012,07:30,23,15,8
12/10/2012,07:45,17,7,10
12/10/2012,08:00,19,4,15
12/10/2012,08:15,25,9,16
12/10/2012,08:30,26,9,17
12/10/2012,08:45,19,5,14
12/10/2012,09:00,8,3,5
12/10/2012,09:15,19,4,15
12/10/2012,09:30,23,11,12
12/10/2012,09:45,11,3,8
12/10/2012,10:00,7,4,3
12/10/2012,10:15,16,7,9
12/10/2012,10:30,19,13,6
12/10/2012,10:45,23,18,5
12/10/2012,11:00,14,9,5
12/10/2012,11:15,17,14,3
12/10/2012,11:30,23,14,9
12/10/2012,11:45,19,12,7
12/10/2012,12:00,20,15,5
12/10/2012,12:15,35,32,3
12/10/2012,12:30,25,20,5
12/10/2012,12:45,20,18,2
12/10/2012,13:00,26,22,4
12/10/2012,13:15,32,32,0
12/10/2012,13:30,37,33,4
12/10/2012,13:45,16,11,5
12/10/2012,14:00,12,9,3
12/10/2012,14:15,22,15,7
12/10/2012,14:30,20,12,8
12/10/2012,14:45,26,12,14
12/10/2012,15:00,10,3,7
12/10/2012,15:15,12,8,4
12/10/2012,15:30,15,7,8
12/10/2012,15:45,25,16,9
12/10/2012,16:00,27,12,15
12/10/2012,16:15,19,12,7
12/10/2012,16:30,25,14,11
12/10/2012,16:45,30,11,19
12/10/2012,17:00,27,17,10
12/10/2012,17:15,21,13,8
12/10/2012,17:30,39,26,13
12/10/2012,17:45,33,20,13
12/10/2012,18:00,27,13,14
12/10/2012,18:15,31,16,15
12/10/2012,18:30,12,9,3
12/10/2012,18:45,19,10,9
12/10/2012,19:00,6,3,3
12/10/2012,19:15,10,4,6
12/10/2012,19:30,5,3,2
12/10/2012,19:45,5,2,3
12/10/2012,20:00,5,4,1
12/10/2012,20:15,3,2,1
12/10/2012,20:30,2,1,1
12/10/2012,20:45,4,1,3
12/10/2012,21:00,1,0,1
12/10/2012,21:15,6,1,5
12/10/2012,21:30,1,1,0
12/10/2012,21:45,0,0,0
12/10/2012,22:00,0,0,0
12/10/2012,22:15,4,2,2
12/10/2012,22:30,0,0,0
12/10/2012,22:45,1,1,0
12/10/2012,23:00,1,0,1
12/10/2012,23:15,1,0,1
12/10/2012,23:30,3,2,1
12/10/2012,23:45,2,0,2
13/10/2012,00:00,1,1,0
13/10/2012,00:15,4,1,3
13/10/2012,00:30,1,0,1
13/10/2012,00:45,2,0,2
13/10/2012,01:00,0,0,0
13/10/2012,01:15,0,0,0
13/10/2012,01:30,0,0,0
13/10/2012,01:45,1,1,0
13/10/2012,02:00,0,0,0
13/10/2012,02:15,2,2,0
13/10/2012,02:30,0,0,0
13/10/2012,02:45,0,0,0
13/10/2012,03:00,0,0,0
13/10/2012,03:15,0,0,0
13/10/2012,03:30,1,0,1
13/10/2012,03:45,0,0,0
13/10/2012,04:00,1,1,0
13/10/2012,04:15,0,0,0
13/10/2012,04:30,0,0,0
13/10/2012,04:45,1,1,0
13/10/2012,05:00,1,0,1
13/10/2012,05:15,1,1,0
13/10/2012,05:30,2,2,0
13/10/2012,05:45,4,3,1
13/10/2012,06:00,3,3,0
13/10/2012,06:15,4,4,0
13/10/2012,06:30,3,1,2
13/10/2012,06:45,2,2,0
13/10/2012,07:00,2,0,2
13/10/2012,07:15,14,5,9
13/10/2012,07:30,8,5,3
13/10/2012,07:45,11,9,2
13/10/2012,08:00,15,9,6
13/10/2012,08:15,15,10,5
13/10/2012,08:30,12,8,4
13/10/2012,08:45,21,18,3
13/10/2012,09:00,24,14,10
13/10/2012,09:15,39,28,11
13/10/2012,09:30,38,25,13
13/10/2012,09:45,60,48,12
13/10/2012,10:00,47,35,12
13/10/2012,10:15,47,31,16
13/10/2012,10:30,59,41,18
13/10/2012,10:45,43,29,14
13/10/2012,11:00,48,35,13
13/10/2012,11:15,74,55,19
13/10/2012,11:30,55,46,9
13/10/2012,11:45,65,48,17
13/10/2012,12:00,54,39,15
13/10/2012,12:15,72,50,22
13/10/2012,12:30,25,16,9
13/10/2012,12:45,42,32,10
13/10/2012,13:00,57,43,14
13/10/2012,13:15,54,43,11
13/10/2012,13:30,33,20,13
13/10/2012,13:45,25,11,14
13/10/2012,14:00,50,33,17
13/10/2012,14:15,28,14,14
13/10/2012,14:30,47,21,26
13/10/2012,14:45,30,11,19
13/10/2012,15:00,33,7,26
13/10/2012,15:15,38,28,10
13/10/2012,15:30,30,18,12
13/10/2012,15:45,29,9,20
13/10/2012,16:00,33,16,17
13/10/2012,16:15,37,23,14
13/10/2012,16:30,24,14,10
13/10/2012,16:45,18,5,13
13/10/2012,17:00,21,8,13
13/10/2012,17:15,26,12,14
13/10/2012,17:30,16,7,9
13/10/2012,17:45,26,18,8
13/10/2012,18:00,16,6,10
13/10/2012,18:15,20,6,14
13/10/2012,18:30,24,12,12
13/10/2012,18:45,5,1,4
13/10/2012,19:00,7,6,1
13/10/2012,19:15,9,2,7
13/10/2012,19:30,2,1,1
13/10/2012,19:45,0,0,0
13/10/2012,20:00,0,0,0
13/10/2012,20:15,1,1,0
13/10/2012,20:30,1,1,0
13/10/2012,20:45,2,1,1
13/10/2012,21:00,2,0,2
13/10/2012,21:15,1,1,0
13/10/2012,21:30,2,1,1
13/10/2012,21:45,0,0,0
13/10/2012,22:00,0,0,0
13/10/2012,22:15,2,2,0
13/10/2012,22:30,0,0,0
13/10/2012,22:45,1,1,0
13/10/2012,23:00,0,0,0
13/10/2012,23:15,2,1,1
13/10/2012,23:30,1,0,1
13/10/2012,23:45,3,2,1
14/10/2012,00:00,2,0,2
14/10/2012,00:15,1,1,0
14/10/2012,00:30,1,1,0
14/10/2012,00:45,0,0,0
14/10/2012,01:00,0,0,0
14/10/2012,01:15,0,0,0
14/10/2012,01:30,0,0,0
14/10/2012,01:45,1,0,1
14/10/2012,02:00,0,0,0
14/10/2012,02:15,0,0,0
14/10/2012,02:30,0,0,0
14/10/2012,02:45,0,0,0
14/10/2012,03:00,1,1,0
14/10/2012,03:15,1,1,0
14/10/2012,03:30,0,0,0
14/10/2012,03:45,5,5,0
14/10/2012,04:00,2,2,0
14/10/2012,04:15,0,0,0
14/10/2012,04:30,1,1,0
14/10/2012,04:45,1,0,1
14/10/2012,05:00,3,1,2
14/10/2012,05:15,0,0,0
14/10/2012,05:30,1,1,0
14/10/2012,05:45,1,1,0
14/10/2012,06:00,1,1,0
14/10/2012,06:15,1,1,0
14/10/2012,06:30,0,0,0
14/10/2012,06:45,1,0,1
14/10/2012,07:00,1,0,1
14/10/2012,07:15,3,2,1
14/10/2012,07:30,10,5,5
14/10/2012,07:45,7,3,4
14/10/2012,08:00,6,4,2
14/10/2012,08:15,14,6,8
14/10/2012,08:30,18,7,11
14/10/2012,08:45,15,3,12
14/10/2012,09:00,25,16,9
14/10/2012,09:15,28,14,14
14/10/2012,09:30,27,16,11
14/10/2012,09:45,22,9,13
14/10/2012,10:00,26,12,14
14/10/2012,10:15,42,17,25
14/10/2012,10:30,34,21,13
14/10/2012,10:45,41,32,9
14/10/2012,11:00,40,16,24
14/10/2012,11:15,45,30,15
14/10/2012,11:30,38,22,16
14/10/2012,11:45,50,34,16
14/10/2012,12:00,39,27,12
14/10/2012,12:15,29,14,15
14/10/2012,12:30,32,18,14
14/10/2012,12:45,63,29,34
14/10/2012,13:00,67,50,17
14/10/2012,13:15,66,43,23
14/10/2012,13:30,77,37,40
14/10/2012,13:45,42,29,13
14/10/2012,14:00,47,23,24
14/10/2012,14:15,33,17,16
14/10/2012,14:30,61,36,25
14/10/2012,14:45,42,22,20
14/10/2012,15:00,53,18,35
14/10/2012,15:15,43,18,25
14/10/2012,15:30,54,21,33
14/10/2012,15:45,47,22,25
14/10/2012,16:00,34,16,18
14/10/2012,16:15,30,15,15
14/10/2012,16:30,35,16,19
14/10/2012,16:45,36,24,12
14/10/2012,17:00,32,14,18
14/10/2012,17:15,32,17,15
14/10/2012,17:30,19,11,8
14/10/2012,17:45,23,8,15
14/10/2012,18:00,18,10,8
14/10/2012,18:15,23,8,15
14/10/2012,18:30,18,7,11
14/10/2012,18:45,10,4,6
14/10/2012,19:00,5,3,2
14/10/2012,19:15,5,1,4
14/10/2012,19:30,1,1,0
14/10/2012,19:45,4,1,3
14/10/2012,20:00,4,2,2
14/10/2012,20:15,6,2,4
14/10/2012,20:30,2,1,1
14/10/2012,20:45,1,0,1
14/10/2012,21:00,2,1,1
14/10/2012,21:15,0,0,0
14/10/2012,21:30,2,1,1
14/10/2012,21:45,2,1,1
14/10/2012,22:00,3,1,2
14/10/2012,22:15,1,1,0
14/10/2012,22:30,3,1,2
14/10/2012,22:45,1,0,1
14/10/2012,23:00,2,0,2
14/10/2012,23:15,0,0,0
14/10/2012,23:30,0,0,0
14/10/2012,23:45,2,0,2
15/10/2012,00:00,2,1,1
15/10/2012,00:15,2,1,1
15/10/2012,00:30,0,0,0
15/10/2012,00:45,0,0,0
15/10/2012,01:00,0,0,0
15/10/2012,01:15,0,0,0
15/10/2012,01:30,0,0,0
15/10/2012,01:45,0,0,0
15/10/2012,02:00,0,0,0
15/10/2012,02:15,0,0,0
15/10/2012,02:30,0,0,0
15/10/2012,02:45,0,0,0
15/10/2012,03:00,0,0,0
15/10/2012,03:15,0,0,0
15/10/2012,03:30,0,0,0
15/10/2012,03:45,1,1,0
15/10/2012,04:00,0,0,0
15/10/2012,04:15,1,0,1
15/10/2012,04:30,1,1,0
15/10/2012,04:45,1,0,1
15/10/2012,05:00,0,0,0
15/10/2012,05:15,9,7,2
15/10/2012,05:30,6,4,2
15/10/2012,05:45,9,4,5
15/10/2012,06:00,7,2,5
15/10/2012,06:15,12,3,9
15/10/2012,06:30,15,3,12
15/10/2012,06:45,15,3,12
15/10/2012,07:00,18,5,13
15/10/2012,07:15,24,9,15
15/10/2012,07:30,22,9,13
15/10/2012,07:45,26,5,21
15/10/2012,08:00,23,7,16
15/10/2012,08:15,19,5,14
15/10/2012,08:30,9,3,6
15/10/2012,08:45,13,4,9
15/10/2012,09:00,13,7,6
15/10/2012,09:15,7,2,5
15/10/2012,09:30,3,1,2
15/10/2012,09:45,9,5,4
15/10/2012,10:00,8,4,4
15/10/2012,10:15,6,4,2
15/10/2012,10:30,7,3,4
15/10/2012,10:45,6,1,5
15/10/2012,11:00,4,2,2
15/10/2012,11:15,6,2,4
15/10/2012,11:30,8,2,6
15/10/2012,11:45,6,2,4
15/10/2012,12:00,6,3,3
15/10/2012,12:15,11,6,5
15/10/2012,12:30,2,1,1
15/10/2012,12:45,5,2,3
15/10/2012,13:00,2,2,0
15/10/2012,13:15,3,1,2
15/10/2012,13:30,5,3,2
15/10/2012,13:45,4,1,3
15/10/2012,14:00,2,1,1
15/10/2012,14:15,2,1,1
15/10/2012,14:30,7,1,6
15/10/2012,14:45,7,1,6
15/10/2012,15:00,8,1,7
15/10/2012,15:15,11,4,7
15/10/2012,15:30,11,5,6
15/10/2012,15:45,8,5,3
15/10/2012,16:00,14,9,5
15/10/2012,16:15,17,7,10
15/10/2012,16:30,22,8,14
15/10/2012,16:45,25,16,9
15/10/2012,17:00,31,12,19
15/10/2012,17:15,30,17,13
15/10/2012,17:30,26,13,13
15/10/2012,17:45,42,28,14
15/10/2012,18:00,19,12,7
15/10/2012,18:15,21,12,9
15/10/2012,18:30,13,7,6
15/10/2012,18:45,9,5,4
15/10/2012,19:00,10,6,4
15/10/2012,19:15,1,1,0
15/10/2012,19:30,6,0,6
15/10/2012,19:45,5,1,4
15/10/2012,20:00,4,2,2
15/10/2012,20:15,2,1,1
15/10/2012,20:30,0,0,0
15/10/2012,20:45,1,1,0
15/10/2012,21:00,0,0,0
15/10/2012,21:15,4,1,3
15/10/2012,21:30,1,1,0
15/10/2012,21:45,5,2,3
15/10/2012,22:00,2,1,1
15/10/2012,22:15,1,0,1
15/10/2012,22:30,3,1,2
15/10/2012,22:45,2,1,1
15/10/2012,23:00,0,0,0
15/10/2012,23:15,2,0,2
15/10/2012,23:30,1,1,0
15/10/2012,23:45,0,0,0
16/10/2012,00:00,1,1,0
16/10/2012,00:15,0,0,0
16/10/2012,00:30,0,0,0
16/10/2012,00:45,0,0,0
16/10/2012,01:00,0,0,0
16/10/2012,01:15,0,0,0
16/10/2012,01:30,0,0,0
16/10/2012,01:45,0,0,0
16/10/2012,02:00,0,0,0
16/10/2012,02:15,1,1,0
16/10/2012,02:30,0,0,0
16/10/2012,02:45,0,0,0
16/10/2012,03:00,0,0,0
16/10/2012,03:15,0,0,0
16/10/2012,03:30,0,0,0
16/10/2012,03:45,0,0,0
16/10/2012,04:00,2,2,0
16/10/2012,04:15,0,0,0
16/10/2012,04:30,0,0,0
16/10/2012,04:45,3,1,2
16/10/2012,05:00,2,1,1
16/10/2012,05:15,3,1,2
16/10/2012,05:30,8,5,3
16/10/2012,05:45,16,11,5
16/10/2012,06:00,12,7,5
16/10/2012,06:15,14,6,8
16/10/2012,06:30,18,6,12
16/10/2012,06:45,18,4,14
16/10/2012,07:00,31,14,17
16/10/2012,07:15,26,10,16
16/10/2012,07:30,20,6,14
16/10/2012,07:45,22,8,14
16/10/2012,08:00,30,9,21
16/10/2012,08:15,26,8,18
16/10/2012,08:30,21,8,13
16/10/2012,08:45,23,9,14
16/10/2012,09:00,13,8,5
16/10/2012,09:15,11,5,6
16/10/2012,09:30,19,5,14
16/10/2012,09:45,12,3,9
16/10/2012,10:00,9,7,2
16/10/2012,10:15,23,19,4
16/10/2012,10:30,12,8,4
16/10/2012,10:45,15,7,8
16/10/2012,11:00,13,7,6
16/10/2012,11:15,16,5,11
16/10/2012,11:30,15,8,7
16/10/2012,11:45,7,4,3
16/10/2012,12:00,11,4,7
16/10/2012,12:15,7,2,5
16/10/2012,12:30,9,7,2
16/10/2012,12:45,11,5,6
16/10/2012,13:00,13,8,5
16/10/2012,13:15,10,5,5
16/10/2012,13:30,10,4,6
16/10/2012,13:45,15,5,10
16/10/2012,14:00,25,17,8
16/10/2012,14:15,14,9,5
16/10/2012,14:30,20,7,13
16/10/2012,14:45,21,11,10
16/10/2012,15:00,13,5,8
16/10/2012,15:15,13,5,8
16/10/2012,15:30,12,8,4
16/10/2012,15:45,27,18,9
16/10/2012,16:00,18,12,6
16/10/2012,16:15,23,12,11
16/10/2012,16:30,21,12,9
16/10/2012,16:45,41,21,20
16/10/2012,17:00,40,26,14
16/10/2012,17:15,37,18,19
16/10/2012,17:30,48,24,24
16/10/2012,17:45,54,35,19
16/10/2012,18:00,48,28,20
16/10/2012,18:15,35,20,15
16/10/2012,18:30,30,11,19
16/10/2012,18:45,18,8,10
16/10/2012,19:00,29,10,19
16/10/2012,19:15,8,4,4
16/10/2012,19:30,6,3,3
16/10/2012,19:45,7,4,3
16/10/2012,20:00,3,2,1
16/10/2012,20:15,4,2,2
16/10/2012,20:30,7,5,2
16/10/2012,20:45,6,2,4
16/10/2012,21:00,2,0,2
16/10/2012,21:15,1,0,1
16/10/2012,21:30,2,1,1
16/10/2012,21:45,1,0,1
16/10/2012,22:00,3,2,1
16/10/2012,22:15,3,1,2
16/10/2012,22:30,0,0,0
16/10/2012,22:45,0,0,0
16/10/2012,23:00,1,0,1
16/10/2012,23:15,1,1,0
16/10/2012,23:30,0,0,0
16/10/2012,23:45,3,2,1
17/10/2012,00:00,0,0,0
17/10/2012,00:15,0,0,0
17/10/2012,00:30,0,0,0
17/10/2012,00:45,0,0,0
17/10/2012,01:00,3,2,1
17/10/2012,01:15,1,0,1
17/10/2012,01:30,0,0,0
17/10/2012,01:45,0,0,0
17/10/2012,02:00,0,0,0
17/10/2012,02:15,0,0,0
17/10/2012,02:30,0,0,0
17/10/2012,02:45,0,0,0
17/10/2012,03:00,0,0,0
17/10/2012,03:15,0,0,0
17/10/2012,03:30,1,0,1
17/10/2012,03:45,2,0,2
17/10/2012,04:00,1,1,0
17/10/2012,04:15,0,0,0
17/10/2012,04:30,1,1,0
17/10/2012,04:45,3,2,1
17/10/2012,05:00,0,0,0
17/10/2012,05:15,6,4,2
17/10/2012,05:30,5,2,3
17/10/2012,05:45,16,9,7
17/10/2012,06:00,14,6,8
17/10/2012,06:15,11,5,6
17/10/2012,06:30,15,6,9
17/10/2012,06:45,24,7,17
17/10/2012,07:00,36,10,26
17/10/2012,07:15,23,6,17
17/10/2012,07:30,26,11,15
17/10/2012,07:45,31,17,14
17/10/2012,08:00,16,5,11
17/10/2012,08:15,29,11,18
17/10/2012,08:30,19,6,13
17/10/2012,08:45,16,3,13
17/10/2012,09:00,12,7,5
17/10/2012,09:15,8,5,3
17/10/2012,09:30,10,1,9
17/10/2012,09:45,10,3,7
17/10/2012,10:00,13,8,5
17/10/2012,10:15,12,7,5
17/10/2012,10:30,15,5,10
17/10/2012,10:45,14,6,8
17/10/2012,11:00,11,7,4
17/10/2012,11:15,18,8,10
17/10/2012,11:30,9,5,4
17/10/2012,11:45,17,8,9
17/10/2012,12:00,11,3,8
17/10/2012,12:15,16,9,7
17/10/2012,12:30,15,10,5
17/10/2012,12:45,17,11,6
17/10/2012,13:00,18,11,7
17/10/2012,13:15,12,7,5
17/10/2012,13:30,14,9,5
17/10/2012,13:45,14,8,6
17/10/2012,14:00,25,19,6
17/10/2012,14:15,26,11,15
17/10/2012,14:30,17,6,11
17/10/2012,14:45,21,9,12
17/10/2012,15:00,8,2,6
17/10/2012,15:15,15,4,11
17/10/2012,15:30,11,5,6
17/10/2012,15:45,19,7,12
17/10/2012,16:00,17,5,12
17/10/2012,16:15,22,16,6
17/10/2012,16:30,31,12,19
17/10/2012,16:45,30,18,12
17/10/2012,17:00,47,24,23
17/10/2012,17:15,29,14,15
17/10/2012,17:30,42,27,15
17/10/2012,17:45,42,21,21
17/10/2012,18:00,54,37,17
17/10/2012,18:15,45,24,21
17/10/2012,18:30,32,17,15
17/10/2012,18:45,25,14,11
17/10/2012,19:00,16,8,8
17/10/2012,19:15,13,5,8
17/10/2012,19:30,7,5,2
17/10/2012,19:45,8,5,3
17/10/2012,20:00,5,3,2
17/10/2012,20:15,0,0,0
17/10/2012,20:30,9,4,5
17/10/2012,20:45,3,1,2
17/10/2012,21:00,5,3,2
17/10/2012,21:15,3,0,3
17/10/2012,21:30,2,1,1
17/10/2012,21:45,1,0,1
17/10/2012,22:00,2,1,1
17/10/2012,22:15,3,1,2
17/10/2012,22:30,0,0,0
17/10/2012,22:45,0,0,0
17/10/2012,23:00,3,2,1
17/10/2012,23:15,2,0,2
17/10/2012,23:30,2,1,1
17/10/2012,23:45,0,0,0
18/10/2012,00:00,0,0,0
18/10/2012,00:15,0,0,0
18/10/2012,00:30,0,0,0
18/10/2012,00:45,0,0,0
18/10/2012,01:00,0,0,0
18/10/2012,01:15,0,0,0
18/10/2012,01:30,2,2,0
18/10/2012,01:45,0,0,0
18/10/2012,02:00,0,0,0
18/10/2012,02:15,0,0,0
18/10/2012,02:30,0,0,0
18/10/2012,02:45,0,0,0
18/10/2012,03:00,0,0,0
18/10/2012,03:15,0,0,0
18/10/2012,03:30,1,0,1
18/10/2012,03:45,0,0,0
18/10/2012,04:00,2,2,0
18/10/2012,04:15,0,0,0
18/10/2012,04:30,3,2,1
18/10/2012,04:45,0,0,0
18/10/2012,05:00,2,1,1
18/10/2012,05:15,2,2,0
18/10/2012,05:30,8,4,4
18/10/2012,05:45,11,5,6
18/10/2012,06:00,12,10,2
18/10/2012,06:15,14,4,10
18/10/2012,06:30,16,5,11
18/10/2012,06:45,18,3,15
18/10/2012,07:00,23,6,17
18/10/2012,07:15,19,4,15
18/10/2012,07:30,28,10,18
18/10/2012,07:45,22,9,13
18/10/2012,08:00,19,11,8
18/10/2012,08:15,20,6,14
18/10/2012,08:30,18,6,12
18/10/2012,08:45,16,7,9
18/10/2012,09:00,15,10,5
18/10/2012,09:15,15,7,8
18/10/2012,09:30,19,13,6
18/10/2012,09:45,11,6,5
18/10/2012,10:00,7,6,1
18/10/2012,10:15,17,11,6
18/10/2012,10:30,10,3,7
18/10/2012,10:45,15,11,4
18/10/2012,11:00,20,17,3
18/10/2012,11:15,12,7,5
18/10/2012,11:30,27,17,10
18/10/2012,11:45,11,8,3
18/10/2012,12:00,13,9,4
18/10/2012,12:15,20,14,6
18/10/2012,12:30,13,11,2
18/10/2012,12:45,23,18,5
18/10/2012,13:00,3,1,2
18/10/2012,13:15,22,8,14
18/10/2012,13:30,13,2,11
18/10/2012,13:45,14,6,8
18/10/2012,14:00,12,8,4
18/10/2012,14:15,6,3,3
18/10/2012,14:30,12,3,9
18/10/2012,14:45,13,7,6
18/10/2012,15:00,9,3,6
18/10/2012,15:15,13,5,8
18/10/2012,15:30,10,8,2
18/10/2012,15:45,18,4,14
18/10/2012,16:00,21,8,13
18/10/2012,16:15,24,15,9
18/10/2012,16:30,23,13,10
18/10/2012,16:45,25,15,10
18/10/2012,17:00,36,18,18
18/10/2012,17:15,28,15,13
18/10/2012,17:30,46,27,19
18/10/2012,17:45,43,24,19
18/10/2012,18:00,26,12,14
18/10/2012,18:15,31,23,8
18/10/2012,18:30,48,27,21
18/10/2012,18:45,20,8,12
18/10/2012,19:00,11,4,7
18/10/2012,19:15,11,4,7
18/10/2012,19:30,7,1,6
18/10/2012,19:45,8,3,5
18/10/2012,20:00,9,4,5
18/10/2012,20:15,9,2,7
18/10/2012,20:30,1,0,1
18/10/2012,20:45,5,4,1
18/10/2012,21:00,3,2,1
18/10/2012,21:15,0,0,0
18/10/2012,21:30,5,3,2
18/10/2012,21:45,2,0,2
18/10/2012,22:00,3,0,3
18/10/2012,22:15,2,0,2
18/10/2012,22:30,0,0,0
18/10/2012,22:45,1,1,0
18/10/2012,23:00,1,0,1
18/10/2012,23:15,2,0,2
18/10/2012,23:30,2,2,0
18/10/2012,23:45,1,1,0
19/10/2012,00:00,0,0,0
19/10/2012,00:15,1,1,0
19/10/2012,00:30,0,0,0
19/10/2012,00:45,0,0,0
19/10/2012,01:00,1,0,1
19/10/2012,01:15,0,0,0
19/10/2012,01:30,0,0,0
19/10/2012,01:45,1,1,0
19/10/2012,02:00,1,1,0
19/10/2012,02:15,0,0,0
19/10/2012,02:30,1,0,1
19/10/2012,02:45,0,0,0
19/10/2012,03:00,0,0,0
19/10/2012,03:15,0,0,0
19/10/2012,03:30,0,0,0
19/10/2012,03:45,3,3,0
19/10/2012,04:00,1,1,0
19/10/2012,04:15,0,0,0
19/10/2012,04:30,0,0,0
19/10/2012,04:45,2,0,2
19/10/2012,05:00,3,1,2
19/10/2012,05:15,2,2,0
19/10/2012,05:30,4,2,2
19/10/2012,05:45,4,2,2
19/10/2012,06:00,12,6,6
19/10/2012,06:15,10,4,6
19/10/2012,06:30,13,3,10
19/10/2012,06:45,16,5,11
19/10/2012,07:00,21,11,10
19/10/2012,07:15,14,6,8
19/10/2012,07:30,11,4,7
19/10/2012,07:45,11,6,5
19/10/2012,08:00,13,10,3
19/10/2012,08:15,7,4,3
19/10/2012,08:30,9,5,4
19/10/2012,08:45,9,3,6
19/10/2012,09:00,5,4,1
19/10/2012,09:15,5,4,1
19/10/2012,09:30,7,5,2
19/10/2012,09:45,10,0,10
19/10/2012,10:00,5,2,3
19/10/2012,10:15,3,1,2
19/10/2012,10:30,5,1,4
19/10/2012,10:45,5,1,4
19/10/2012,11:00,9,4,5
19/10/2012,11:15,7,6,1
19/10/2012,11:30,12,5,7
19/10/2012,11:45,11,8,3
19/10/2012,12:00,24,12,12
19/10/2012,12:15,9,9,0
19/10/2012,12:30,3,1,2
19/10/2012,12:45,15,1,14
19/10/2012,13:00,10,6,4
19/10/2012,13:15,16,3,13
19/10/2012,13:30,8,1,7
19/10/2012,13:45,9,5,4
19/10/2012,14:00,8,5,3
19/10/2012,14:15,4,2,2
19/10/2012,14:30,9,2,7
19/10/2012,14:45,9,4,5
19/10/2012,15:00,19,10,9
19/10/2012,15:15,8,3,5
19/10/2012,15:30,10,2,8
19/10/2012,15:45,18,4,14
19/10/2012,16:00,24,12,12
19/10/2012,16:15,24,17,7
19/10/2012,16:30,30,18,12
19/10/2012,16:45,24,16,8
19/10/2012,17:00,24,11,13
19/10/2012,17:15,17,13,4
19/10/2012,17:30,9,5,4
19/10/2012,17:45,18,14,4
19/10/2012,18:00,13,7,6
19/10/2012,18:15,9,5,4
19/10/2012,18:30,8,3,5
19/10/2012,18:45,6,2,4
19/10/2012,19:00,8,4,4
19/10/2012,19:15,3,2,1
19/10/2012,19:30,8,7,1
19/10/2012,19:45,3,1,2
19/10/2012,20:00,3,0,3
19/10/2012,20:15,1,1,0
19/10/2012,20:30,1,1,0
19/10/2012,20:45,4,2,2
19/10/2012,21:00,2,0,2
19/10/2012,21:15,3,2,1
19/10/2012,21:30,1,1,0
19/10/2012,21:45,3,1,2
19/10/2012,22:00,2,0,2
19/10/2012,22:15,0,0,0
19/10/2012,22:30,1,1,0
19/10/2012,22:45,0,0,0
19/10/2012,23:00,0,0,0
19/10/2012,23:15,1,0,1
19/10/2012,23:30,1,1,0
19/10/2012,23:45,0,0,0
20/10/2012,00:00,1,0,1
20/10/2012,00:15,0,0,0
20/10/2012,00:30,1,0,1
20/10/2012,00:45,0,0,0
20/10/2012,01:00,0,0,0
20/10/2012,01:15,0,0,0
20/10/2012,01:30,1,0,1
20/10/2012,01:45,1,0,1
20/10/2012,02:00,0,0,0
20/10/2012,02:15,2,2,0
20/10/2012,02:30,0,0,0
20/10/2012,02:45,1,1,0
20/10/2012,03:00,0,0,0
20/10/2012,03:15,1,1,0
20/10/2012,03:30,1,1,0
20/10/2012,03:45,0,0,0
20/10/2012,04:00,1,1,0
20/10/2012,04:15,0,0,0
20/10/2012,04:30,1,1,0
20/10/2012,04:45,3,1,2
20/10/2012,05:00,0,0,0
20/10/2012,05:15,0,0,0
20/10/2012,05:30,2,1,1
20/10/2012,05:45,2,1,1
20/10/2012,06:00,2,1,1
20/10/2012,06:15,1,0,1
20/10/2012,06:30,4,2,2
20/10/2012,06:45,2,2,0
20/10/2012,07:00,5,2,3
20/10/2012,07:15,9,3,6
20/10/2012,07:30,15,9,6
20/10/2012,07:45,16,8,8
20/10/2012,08:00,13,9,4
20/10/2012,08:15,19,11,8
20/10/2012,08:30,17,3,14
20/10/2012,08:45,27,18,9
20/10/2012,09:00,17,10,7
20/10/2012,09:15,22,8,14
20/10/2012,09:30,31,20,11
20/10/2012,09:45,31,12,19
20/10/2012,10:00,35,18,17
20/10/2012,10:15,23,12,11
20/10/2012,10:30,37,23,14
20/10/2012,10:45,19,10,9
20/10/2012,11:00,46,16,30
20/10/2012,11:15,34,17,17
20/10/2012,11:30,39,20,19
20/10/2012,11:45,40,23,17
20/10/2012,12:00,44,27,17
20/10/2012,12:15,51,45,6
20/10/2012,12:30,57,37,20
20/10/2012,12:45,52,40,12
20/10/2012,13:00,54,30,24
20/10/2012,13:15,37,15,22
20/10/2012,13:30,44,27,17
20/10/2012,13:45,46,20,26
20/10/2012,14:00,29,14,15
20/10/2012,14:15,43,16,27
20/10/2012,14:30,37,13,24
20/10/2012,14:45,32,19,13
20/10/2012,15:00,36,12,24
20/10/2012,15:15,41,21,20
20/10/2012,15:30,40,14,26
20/10/2012,15:45,30,15,15
20/10/2012,16:00,56,21,35
20/10/2012,16:15,22,12,10
20/10/2012,16:30,30,19,11
20/10/2012,16:45,31,16,15
20/10/2012,17:00,25,11,14
20/10/2012,17:15,24,13,11
20/10/2012,17:30,23,8,15
20/10/2012,17:45,20,8,12
20/10/2012,18:00,20,8,12
20/10/2012,18:15,15,8,7
20/10/2012,18:30,6,4,2
20/10/2012,18:45,10,5,5
20/10/2012,19:00,9,3,6
20/10/2012,19:15,2,1,1
20/10/2012,19:30,7,2,5
20/10/2012,19:45,2,0,2
20/10/2012,20:00,1,0,1
20/10/2012,20:15,0,0,0
20/10/2012,20:30,2,1,1
20/10/2012,20:45,1,1,0
20/10/2012,21:00,3,0,3
20/10/2012,21:15,2,0,2
20/10/2012,21:30,1,0,1
20/10/2012,21:45,0,0,0
20/10/2012,22:00,2,0,2
20/10/2012,22:15,1,0,1
20/10/2012,22:30,0,0,0
20/10/2012,22:45,0,0,0
20/10/2012,23:00,0,0,0
20/10/2012,23:15,1,0,1
20/10/2012,23:30,2,1,1
20/10/2012,23:45,1,1,0
21/10/2012,00:00,1,0,1
21/10/2012,00:15,1,1,0
21/10/2012,00:30,2,0,2
21/10/2012,00:45,0,0,0
21/10/2012,01:00,3,0,3
21/10/2012,01:15,0,0,0
21/10/2012,01:30,1,0,1
21/10/2012,01:45,0,0,0
21/10/2012,02:00,1,1,0
21/10/2012,02:15,0,0,0
21/10/2012,02:30,0,0,0
21/10/2012,02:45,0,0,0
21/10/2012,03:00,1,1,0
21/10/2012,03:15,0,0,0
21/10/2012,03:30,0,0,0
21/10/2012,03:45,1,1,0
21/10/2012,04:00,0,0,0
21/10/2012,04:15,2,0,2
21/10/2012,04:30,0,0,0
21/10/2012,04:45,1,1,0
21/10/2012,05:00,1,0,1
21/10/2012,05:15,0,0,0
21/10/2012,05:30,1,1,0
21/10/2012,05:45,0,0,0
21/10/2012,06:00,0,0,0
21/10/2012,06:15,1,0,1
21/10/2012,06:30,2,0,2
21/10/2012,06:45,5,2,3
21/10/2012,07:00,3,1,2
21/10/2012,07:15,7,4,3
21/10/2012,07:30,8,3,5
21/10/2012,07:45,12,7,5
21/10/2012,08:00,6,3,3
21/10/2012,08:15,11,5,6
21/10/2012,08:30,14,7,7
21/10/2012,08:45,12,4,8
21/10/2012,09:00,25,20,5
21/10/2012,09:15,16,7,9
21/10/2012,09:30,20,8,12
21/10/2012,09:45,33,19,14
21/10/2012,10:00,28,15,13
21/10/2012,10:15,31,12,19
21/10/2012,10:30,42,20,22
21/10/2012,10:45,49,33,16
21/10/2012,11:00,57,34,23
21/10/2012,11:15,42,20,22
21/10/2012,11:30,46,32,14
21/10/2012,11:45,39,17,22
21/10/2012,12:00,51,38,13
21/10/2012,12:15,43,16,27
21/10/2012,12:30,42,29,13
21/10/2012,12:45,46,24,22
21/10/2012,13:00,31,22,9
21/10/2012,13:15,44,28,16
21/10/2012,13:30,45,21,24
21/10/2012,13:45,34,14,20
21/10/2012,14:00,33,17,16
21/10/2012,14:15,43,22,21
21/10/2012,14:30,38,25,13
21/10/2012,14:45,31,19,12
21/10/2012,15:00,34,21,13
21/10/2012,15:15,37,10,27
21/10/2012,15:30,33,20,13
21/10/2012,15:45,43,18,25
21/10/2012,16:00,52,22,30
21/10/2012,16:15,40,23,17
21/10/2012,16:30,40,19,21
21/10/2012,16:45,42,21,21
21/10/2012,17:00,37,17,20
21/10/2012,17:15,35,17,18
21/10/2012,17:30,37,20,17
21/10/2012,17:45,21,12,9
21/10/2012,18:00,19,5,14
21/10/2012,18:15,14,7,7
21/10/2012,18:30,13,8,5
21/10/2012,18:45,5,3,2
21/10/2012,19:00,2,0,2
21/10/2012,19:15,7,2,5
21/10/2012,19:30,1,0,1
21/10/2012,19:45,2,0,2
21/10/2012,20:00,4,0,4
21/10/2012,20:15,3,1,2
21/10/2012,20:30,0,0,0
21/10/2012,20:45,0,0,0
21/10/2012,21:00,0,0,0
21/10/2012,21:15,1,0,1
21/10/2012,21:30,1,0,1
21/10/2012,21:45,2,1,1
21/10/2012,22:00,1,0,1
21/10/2012,22:15,3,2,1
21/10/2012,22:30,1,1,0
21/10/2012,22:45,1,0,1
21/10/2012,23:00,1,0,1
21/10/2012,23:15,0,0,0
21/10/2012,23:30,1,0,1
21/10/2012,23:45,1,1,0
22/10/2012,00:00,2,1,1
22/10/2012,00:15,1,0,1
22/10/2012,00:30,0,0,0
22/10/2012,00:45,0,0,0
22/10/2012,01:00,0,0,0
22/10/2012,01:15,1,1,0
22/10/2012,01:30,3,3,0
22/10/2012,01:45,0,0,0
22/10/2012,02:00,0,0,0
22/10/2012,02:15,0,0,0
22/10/2012,02:30,0,0,0
22/10/2012,02:45,0,0,0
22/10/2012,03:00,0,0,0
22/10/2012,03:15,0,0,0
22/10/2012,03:30,0,0,0
22/10/2012,03:45,0,0,0
22/10/2012,04:00,2,1,1
22/10/2012,04:15,1,1,0
22/10/2012,04:30,1,1,0
22/10/2012,04:45,1,0,1
22/10/2012,05:00,1,1,0
22/10/2012,05:15,6,2,4
22/10/2012,05:30,8,5,3
22/10/2012,05:45,10,8,2
22/10/2012,06:00,12,5,7
22/10/2012,06:15,8,1,7
22/10/2012,06:30,12,3,9
22/10/2012,06:45,18,6,12
22/10/2012,07:00,28,8,20
22/10/2012,07:15,12,3,9
22/10/2012,07:30,32,13,19
22/10/2012,07:45,16,6,10
22/10/2012,08:00,28,8,20
22/10/2012,08:15,19,5,14
22/10/2012,08:30,20,6,14
22/10/2012,08:45,21,6,15
22/10/2012,09:00,9,7,2
22/10/2012,09:15,9,4,5
22/10/2012,09:30,10,4,6
22/10/2012,09:45,8,3,5
22/10/2012,10:00,11,4,7
22/10/2012,10:15,5,2,3
22/10/2012,10:30,9,5,4
22/10/2012,10:45,17,11,6
22/10/2012,11:00,17,10,7
22/10/2012,11:15,18,13,5
22/10/2012,11:30,20,16,4
22/10/2012,11:45,25,20,5
22/10/2012,12:00,21,16,5
22/10/2012,12:15,25,22,3
22/10/2012,12:30,17,15,2
22/10/2012,12:45,37,24,13
22/10/2012,13:00,28,22,6
22/10/2012,13:15,14,11,3
22/10/2012,13:30,20,12,8
22/10/2012,13:45,16,8,8
22/10/2012,14:00,21,16,5
22/10/2012,14:15,26,19,7
22/10/2012,14:30,25,12,13
22/10/2012,14:45,21,8,13
22/10/2012,15:00,19,11,8
22/10/2012,15:15,20,13,7
22/10/2012,15:30,17,11,6
22/10/2012,15:45,25,11,14
22/10/2012,16:00,27,11,16
22/10/2012,16:15,29,10,19
22/10/2012,16:30,32,20,12
22/10/2012,16:45,35,24,11
22/10/2012,17:00,36,20,16
22/10/2012,17:15,40,24,16
22/10/2012,17:30,40,21,19
22/10/2012,17:45,44,27,17
22/10/2012,18:00,48,21,27
22/10/2012,18:15,32,20,12
22/10/2012,18:30,30,16,14
22/10/2012,18:45,28,10,18
22/10/2012,19:00,10,4,6
22/10/2012,19:15,9,6,3
22/10/2012,19:30,9,5,4
22/10/2012,19:45,11,8,3
22/10/2012,20:00,3,2,1
22/10/2012,20:15,4,1,3
22/10/2012,20:30,5,2,3
22/10/2012,20:45,4,2,2
22/10/2012,21:00,1,0,1
22/10/2012,21:15,2,1,1
22/10/2012,21:30,1,0,1
22/10/2012,21:45,2,1,1
22/10/2012,22:00,0,0,0
22/10/2012,22:15,3,0,3
22/10/2012,22:30,2,0,2
22/10/2012,22:45,2,1,1
22/10/2012,23:00,3,1,2
22/10/2012,23:15,0,0,0
22/10/2012,23:30,2,2,0
22/10/2012,23:45,1,0,1
23/10/2012,00:00,1,1,0
23/10/2012,00:15,0,0,0
23/10/2012,00:30,0,0,0
23/10/2012,00:45,0,0,0
23/10/2012,01:00,0,0,0
23/10/2012,01:15,1,0,1
23/10/2012,01:30,0,0,0
23/10/2012,01:45,0,0,0
23/10/2012,02:00,0,0,0
23/10/2012,02:15,0,0,0
23/10/2012,02:30,0,0,0
23/10/2012,02:45,0,0,0
23/10/2012,03:00,0,0,0
23/10/2012,03:15,0,0,0
23/10/2012,03:30,1,1,0
23/10/2012,03:45,1,1,0
23/10/2012,04:00,0,0,0
23/10/2012,04:15,1,1,0
23/10/2012,04:30,0,0,0
23/10/2012,04:45,2,0,2
23/10/2012,05:00,2,0,2
23/10/2012,05:15,5,3,2
23/10/2012,05:30,8,4,4
23/10/2012,05:45,11,8,3
23/10/2012,06:00,13,9,4
23/10/2012,06:15,18,7,11
23/10/2012,06:30,14,5,9
23/10/2012,06:45,31,6,25
23/10/2012,07:00,19,5,14
23/10/2012,07:15,27,5,22
23/10/2012,07:30,28,8,20
23/10/2012,07:45,25,8,17
23/10/2012,08:00,36,15,21
23/10/2012,08:15,15,1,14
23/10/2012,08:30,20,8,12
23/10/2012,08:45,20,8,12
23/10/2012,09:00,19,10,9
23/10/2012,09:15,9,5,4
23/10/2012,09:30,9,2,7
23/10/2012,09:45,9,2,7
23/10/2012,10:00,3,2,1
23/10/2012,10:15,13,6,7
23/10/2012,10:30,7,2,5
23/10/2012,10:45,11,6,5
23/10/2012,11:00,15,11,4
23/10/2012,11:15,20,15,5
23/10/2012,11:30,9,4,5
23/10/2012,11:45,19,13,6
23/10/2012,12:00,30,21,9
23/10/2012,12:15,21,14,7
23/10/2012,12:30,7,2,5
23/10/2012,12:45,13,7,6
23/10/2012,13:00,10,7,3
23/10/2012,13:15,16,11,5
23/10/2012,13:30,14,5,9
23/10/2012,13:45,12,4,8
23/10/2012,14:00,21,12,9
23/10/2012,14:15,21,8,13
23/10/2012,14:30,18,10,8
23/10/2012,14:45,22,12,10
23/10/2012,15:00,20,7,13
23/10/2012,15:15,27,9,18
23/10/2012,15:30,18,8,10
23/10/2012,15:45,16,8,8
23/10/2012,16:00,32,16,16
23/10/2012,16:15,27,13,14
23/10/2012,16:30,30,13,17
23/10/2012,16:45,36,15,21
23/10/2012,17:00,50,19,31
23/10/2012,17:15,53,28,25
23/10/2012,17:30,59,34,25
23/10/2012,17:45,55,29,26
23/10/2012,18:00,44,23,21
23/10/2012,18:15,46,21,25
23/10/2012,18:30,29,21,8
23/10/2012,18:45,24,10,14
23/10/2012,19:00,16,7,9
23/10/2012,19:15,12,9,3
23/10/2012,19:30,8,5,3
23/10/2012,19:45,9,5,4
23/10/2012,20:00,11,8,3
23/10/2012,20:15,4,2,2
23/10/2012,20:30,3,2,1
23/10/2012,20:45,7,4,3
23/10/2012,21:00,3,1,2
23/10/2012,21:15,3,2,1
23/10/2012,21:30,3,2,1
23/10/2012,21:45,5,2,3
23/10/2012,22:00,2,0,2
23/10/2012,22:15,4,0,4
23/10/2012,22:30,3,2,1
23/10/2012,22:45,3,2,1
23/10/2012,23:00,3,1,2
23/10/2012,23:15,0,0,0
23/10/2012,23:30,1,1,0
23/10/2012,23:45,1,1,0
24/10/2012,00:00,1,1,0
24/10/2012,00:15,1,1,0
24/10/2012,00:30,0,0,0
24/10/2012,00:45,0,0,0
24/10/2012,01:00,0,0,0
24/10/2012,01:15,1,1,0
24/10/2012,01:30,0,0,0
24/10/2012,01:45,0,0,0
24/10/2012,02:00,0,0,0
24/10/2012,02:15,0,0,0
24/10/2012,02:30,0,0,0
24/10/2012,02:45,0,0,0
24/10/2012,03:00,0,0,0
24/10/2012,03:15,0,0,0
24/10/2012,03:30,0,0,0
24/10/2012,03:45,1,1,0
24/10/2012,04:00,2,1,1
24/10/2012,04:15,1,1,0
24/10/2012,04:30,0,0,0
24/10/2012,04:45,3,0,3
24/10/2012,05:00,1,0,1
24/10/2012,05:15,8,3,5
24/10/2012,05:30,9,2,7
24/10/2012,05:45,13,9,4
24/10/2012,06:00,14,7,7
24/10/2012,06:15,17,6,11
24/10/2012,06:30,15,5,10
24/10/2012,06:45,27,5,22
24/10/2012,07:00,29,10,19
24/10/2012,07:15,41,14,27
24/10/2012,07:30,26,10,16
24/10/2012,07:45,33,10,23
24/10/2012,08:00,22,4,18
24/10/2012,08:15,23,9,14
24/10/2012,08:30,23,4,19
24/10/2012,08:45,17,8,9
24/10/2012,09:00,15,3,12
24/10/2012,09:15,7,2,5
24/10/2012,09:30,13,9,4
24/10/2012,09:45,12,7,5
24/10/2012,10:00,10,1,9
24/10/2012,10:15,32,23,9
24/10/2012,10:30,6,4,2
24/10/2012,10:45,12,6,6
24/10/2012,11:00,7,2,5
24/10/2012,11:15,7,3,4
24/10/2012,11:30,8,4,4
24/10/2012,11:45,14,4,10
24/10/2012,12:00,11,4,7
24/10/2012,12:15,16,7,9
24/10/2012,12:30,9,6,3
24/10/2012,12:45,22,6,16
24/10/2012,13:00,9,6,3
24/10/2012,13:15,7,4,3
24/10/2012,13:30,17,6,11
24/10/2012,13:45,20,14,6
24/10/2012,14:00,12,4,8
24/10/2012,14:15,18,8,10
24/10/2012,14:30,32,16,16
24/10/2012,14:45,12,3,9
24/10/2012,15:00,28,13,15
24/10/2012,15:15,18,4,14
24/10/2012,15:30,20,9,11
24/10/2012,15:45,23,8,15
24/10/2012,16:00,35,15,20
24/10/2012,16:15,36,16,20
24/10/2012,16:30,39,18,21
24/10/2012,16:45,40,20,20
24/10/2012,17:00,45,23,22
24/10/2012,17:15,46,27,19
24/10/2012,17:30,48,29,19
24/10/2012,17:45,70,47,23
24/10/2012,18:00,61,38,23
24/10/2012,18:15,51,27,24
24/10/2012,18:30,32,13,19
24/10/2012,18:45,23,10,13
24/10/2012,19:00,15,6,9
24/10/2012,19:15,9,4,5
24/10/2012,19:30,12,4,8
24/10/2012,19:45,10,7,3
24/10/2012,20:00,9,4,5
24/10/2012,20:15,8,3,5
24/10/2012,20:30,5,2,3
24/10/2012,20:45,3,1,2
24/10/2012,21:00,5,1,4
24/10/2012,21:15,3,2,1
24/10/2012,21:30,3,1,2
24/10/2012,21:45,4,1,3
24/10/2012,22:00,1,1,0
24/10/2012,22:15,2,0,2
24/10/2012,22:30,4,2,2
24/10/2012,22:45,2,1,1
24/10/2012,23:00,4,2,2
24/10/2012,23:15,1,0,1
24/10/2012,23:30,3,2,1
24/10/2012,23:45,0,0,0
25/10/2012,00:00,0,0,0
25/10/2012,00:15,0,0,0
25/10/2012,00:30,3,1,2
25/10/2012,00:45,0,0,0
25/10/2012,01:00,5,5,0
25/10/2012,01:15,0,0,0
25/10/2012,01:30,2,0,2
25/10/2012,01:45,0,0,0
25/10/2012,02:00,1,1,0
25/10/2012,02:15,0,0,0
25/10/2012,02:30,0,0,0
25/10/2012,02:45,1,0,1
25/10/2012,03:00,0,0,0
25/10/2012,03:15,0,0,0
25/10/2012,03:30,0,0,0
25/10/2012,03:45,1,1,0
25/10/2012,04:00,2,2,0
25/10/2012,04:15,0,0,0
25/10/2012,04:30,3,2,1
25/10/2012,04:45,0,0,0
25/10/2012,05:00,2,2,0
25/10/2012,05:15,5,4,1
25/10/2012,05:30,9,5,4
25/10/2012,05:45,10,6,4
25/10/2012,06:00,14,8,6
25/10/2012,06:15,14,5,9
25/10/2012,06:30,15,5,10
25/10/2012,06:45,22,7,15
25/10/2012,07:00,26,6,20
25/10/2012,07:15,23,8,15
25/10/2012,07:30,30,13,17
25/10/2012,07:45,26,9,17
25/10/2012,08:00,22,5,17
25/10/2012,08:15,24,9,15
25/10/2012,08:30,12,5,7
25/10/2012,08:45,18,11,7
25/10/2012,09:00,14,4,10
25/10/2012,09:15,5,2,3
25/10/2012,09:30,7,2,5
25/10/2012,09:45,17,9,8
25/10/2012,10:00,9,4,5
25/10/2012,10:15,5,3,2
25/10/2012,10:30,13,7,6
25/10/2012,10:45,9,6,3
25/10/2012,11:00,9,0,9
25/10/2012,11:15,8,1,7
25/10/2012,11:30,14,10,4
25/10/2012,11:45,9,6,3
25/10/2012,12:00,10,5,5
25/10/2012,12:15,10,7,3
25/10/2012,12:30,8,4,4
25/10/2012,12:45,10,7,3
25/10/2012,13:00,10,1,9
25/10/2012,13:15,5,2,3
25/10/2012,13:30,10,2,8
25/10/2012,13:45,7,4,3
25/10/2012,14:00,7,5,2
25/10/2012,14:15,13,5,8
25/10/2012,14:30,10,5,5
25/10/2012,14:45,13,4,9
25/10/2012,15:00,13,5,8
25/10/2012,15:15,18,7,11
25/10/2012,15:30,22,5,17
25/10/2012,15:45,19,5,14
25/10/2012,16:00,17,11,6
25/10/2012,16:15,24,12,12
25/10/2012,16:30,28,14,14
25/10/2012,16:45,32,13,19
25/10/2012,17:00,33,16,17
25/10/2012,17:15,36,13,23
25/10/2012,17:30,36,22,14
25/10/2012,17:45,50,28,22
25/10/2012,18:00,35,21,14
25/10/2012,18:15,39,23,16
25/10/2012,18:30,22,12,10
25/10/2012,18:45,19,9,10
25/10/2012,19:00,22,11,11
25/10/2012,19:15,13,10,3
25/10/2012,19:30,11,5,6
25/10/2012,19:45,5,3,2
25/10/2012,20:00,11,4,7
25/10/2012,20:15,6,5,1
25/10/2012,20:30,7,2,5
25/10/2012,20:45,0,0,0
25/10/2012,21:00,4,2,2
25/10/2012,21:15,5,4,1
25/10/2012,21:30,3,2,1
25/10/2012,21:45,0,0,0
25/10/2012,22:00,1,1,0
25/10/2012,22:15,4,1,3
25/10/2012,22:30,1,0,1
25/10/2012,22:45,1,1,0
25/10/2012,23:00,1,0,1
25/10/2012,23:15,0,0,0
25/10/2012,23:30,0,0,0
25/10/2012,23:45,0,0,0
26/10/2012,00:00,0,0,0
26/10/2012,00:15,3,0,3
26/10/2012,00:30,1,1,0
26/10/2012,00:45,0,0,0
26/10/2012,01:00,1,1,0
26/10/2012,01:15,0,0,0
26/10/2012,01:30,0,0,0
26/10/2012,01:45,0,0,0
26/10/2012,02:00,0,0,0
26/10/2012,02:15,0,0,0
26/10/2012,02:30,0,0,0
26/10/2012,02:45,0,0,0
26/10/2012,03:00,0,0,0
26/10/2012,03:15,0,0,0
26/10/2012,03:30,0,0,0
26/10/2012,03:45,1,1,0
26/10/2012,04:00,1,1,0
26/10/2012,04:15,2,1,1
26/10/2012,04:30,1,1,0
26/10/2012,04:45,3,3,0
26/10/2012,05:00,4,3,1
26/10/2012,05:15,5,4,1
26/10/2012,05:30,7,2,5
26/10/2012,05:45,12,7,5
26/10/2012,06:00,13,8,5
26/10/2012,06:15,19,9,10
26/10/2012,06:30,14,3,11
26/10/2012,06:45,12,6,6
26/10/2012,07:00,16,3,13
26/10/2012,07:15,26,6,20
26/10/2012,07:30,15,8,7
26/10/2012,07:45,19,8,11
26/10/2012,08:00,21,8,13
26/10/2012,08:15,22,4,18
26/10/2012,08:30,23,10,13
26/10/2012,08:45,15,3,12
26/10/2012,09:00,15,4,11
26/10/2012,09:15,15,10,5
26/10/2012,09:30,14,2,12
26/10/2012,09:45,11,5,6
26/10/2012,10:00,10,5,5
26/10/2012,10:15,12,5,7
26/10/2012,10:30,9,4,5
26/10/2012,10:45,14,7,7
26/10/2012,11:00,15,7,8
26/10/2012,11:15,6,3,3
26/10/2012,11:30,12,3,9
26/10/2012,11:45,8,6,2
26/10/2012,12:00,9,4,5
26/10/2012,12:15,9,4,5
26/10/2012,12:30,11,6,5
26/10/2012,12:45,5,3,2
26/10/2012,13:00,5,4,1
26/10/2012,13:15,8,1,7
26/10/2012,13:30,10,5,5
26/10/2012,13:45,12,2,10
26/10/2012,14:00,18,10,8
26/10/2012,14:15,15,6,9
26/10/2012,14:30,11,3,8
26/10/2012,14:45,14,5,9
26/10/2012,15:00,11,4,7
26/10/2012,15:15,11,8,3
26/10/2012,15:30,18,9,9
26/10/2012,15:45,21,13,8
26/10/2012,16:00,12,4,8
26/10/2012,16:15,28,14,14
26/10/2012,16:30,22,13,9
26/10/2012,16:45,27,11,16
26/10/2012,17:00,32,22,10
26/10/2012,17:15,35,20,15
26/10/2012,17:30,26,11,15
26/10/2012,17:45,35,20,15
26/10/2012,18:00,30,14,16
26/10/2012,18:15,22,14,8
26/10/2012,18:30,16,5,11
26/10/2012,18:45,7,6,1
26/10/2012,19:00,4,2,2
26/10/2012,19:15,2,1,1
26/10/2012,19:30,7,6,1
26/10/2012,19:45,4,0,4
26/10/2012,20:00,3,3,0
26/10/2012,20:15,15,3,12
26/10/2012,20:30,1,1,0
26/10/2012,20:45,0,0,0
26/10/2012,21:00,2,0,2
26/10/2012,21:15,4,0,4
26/10/2012,21:30,3,2,1
26/10/2012,21:45,2,1,1
26/10/2012,22:00,1,1,0
26/10/2012,22:15,2,1,1
26/10/2012,22:30,3,2,1
26/10/2012,22:45,0,0,0
26/10/2012,23:00,0,0,0
26/10/2012,23:15,1,1,0
26/10/2012,23:30,0,0,0
26/10/2012,23:45,3,1,2
27/10/2012,00:00,3,3,0
27/10/2012,00:15,1,0,1
27/10/2012,00:30,0,0,0
27/10/2012,00:45,1,0,1
27/10/2012,01:00,1,1,0
27/10/2012,01:15,0,0,0
27/10/2012,01:30,0,0,0
27/10/2012,01:45,0,0,0
27/10/2012,02:00,1,1,0
27/10/2012,02:15,1,0,1
27/10/2012,02:30,0,0,0
27/10/2012,02:45,0,0,0
27/10/2012,03:00,2,2,0
27/10/2012,03:15,1,1,0
27/10/2012,03:30,0,0,0
27/10/2012,03:45,0,0,0
27/10/2012,04:00,1,1,0
27/10/2012,04:15,0,0,0
27/10/2012,04:30,0,0,0
27/10/2012,04:45,0,0,0
27/10/2012,05:00,2,2,0
27/10/2012,05:15,1,1,0
27/10/2012,05:30,4,4,0
27/10/2012,05:45,7,5,2
27/10/2012,06:00,1,0,1
27/10/2012,06:15,4,3,1
27/10/2012,06:30,3,2,1
27/10/2012,06:45,2,2,0
27/10/2012,07:00,3,1,2
27/10/2012,07:15,4,3,1
27/10/2012,07:30,8,6,2
27/10/2012,07:45,12,1,11
27/10/2012,08:00,20,12,8
27/10/2012,08:15,18,7,11
27/10/2012,08:30,17,9,8
27/10/2012,08:45,27,12,15
27/10/2012,09:00,23,9,14
27/10/2012,09:15,27,16,11
27/10/2012,09:30,30,16,14
27/10/2012,09:45,31,15,16
27/10/2012,10:00,32,12,20
27/10/2012,10:15,36,15,21
27/10/2012,10:30,35,19,16
27/10/2012,10:45,20,10,10
27/10/2012,11:00,29,18,11
27/10/2012,11:15,31,16,15
27/10/2012,11:30,38,16,22
27/10/2012,11:45,31,13,18
27/10/2012,12:00,27,15,12
27/10/2012,12:15,36,17,19
27/10/2012,12:30,33,23,10
27/10/2012,12:45,28,17,11
27/10/2012,13:00,53,24,29
27/10/2012,13:15,34,21,13
27/10/2012,13:30,22,9,13
27/10/2012,13:45,29,12,17
27/10/2012,14:00,42,16,26
27/10/2012,14:15,33,13,20
27/10/2012,14:30,59,21,38
27/10/2012,14:45,34,19,15
27/10/2012,15:00,35,18,17
27/10/2012,15:15,28,12,16
27/10/2012,15:30,36,18,18
27/10/2012,15:45,43,20,23
27/10/2012,16:00,35,14,21
27/10/2012,16:15,32,18,14
27/10/2012,16:30,29,11,18
27/10/2012,16:45,29,12,17
27/10/2012,17:00,33,18,15
27/10/2012,17:15,22,7,15
27/10/2012,17:30,14,10,4
27/10/2012,17:45,21,7,14
27/10/2012,18:00,4,3,1
27/10/2012,18:15,11,5,6
27/10/2012,18:30,6,2,4
27/10/2012,18:45,6,1,5
27/10/2012,19:00,5,5,0
27/10/2012,19:15,1,0,1
27/10/2012,19:30,4,1,3
27/10/2012,19:45,1,0,1
27/10/2012,20:00,2,0,2
27/10/2012,20:15,3,1,2
27/10/2012,20:30,3,0,3
27/10/2012,20:45,1,1,0
27/10/2012,21:00,2,1,1
27/10/2012,21:15,4,1,3
27/10/2012,21:30,3,2,1
27/10/2012,21:45,2,0,2
27/10/2012,22:00,1,1,0
27/10/2012,22:15,5,2,3
27/10/2012,22:30,1,0,1
27/10/2012,22:45,2,1,1
27/10/2012,23:00,0,0,0
27/10/2012,23:15,2,1,1
27/10/2012,23:30,1,1,0
27/10/2012,23:45,2,0,2
28/10/2012,00:00,1,0,1
28/10/2012,00:15,1,1,0
28/10/2012,00:30,0,0,0
28/10/2012,00:45,2,0,2
28/10/2012,01:00,1,1,0
28/10/2012,01:15,0,0,0
28/10/2012,01:30,0,0,0
28/10/2012,01:45,0,0,0
28/10/2012,02:00,0,0,0
28/10/2012,02:15,1,0,1
28/10/2012,02:30,1,1,0
28/10/2012,02:45,0,0,0
28/10/2012,03:00,0,0,0
28/10/2012,03:15,0,0,0
28/10/2012,03:30,0,0,0
28/10/2012,03:45,1,0,1
28/10/2012,04:00,1,1,0
28/10/2012,04:15,0,0,0
28/10/2012,04:30,0,0,0
28/10/2012,04:45,1,0,1
28/10/2012,05:00,0,0,0
28/10/2012,05:15,0,0,0
28/10/2012,05:30,1,1,0
28/10/2012,05:45,1,1,0
28/10/2012,06:00,0,0,0
28/10/2012,06:15,1,1,0
28/10/2012,06:30,0,0,0
28/10/2012,06:45,0,0,0
28/10/2012,07:00,0,0,0
28/10/2012,07:15,4,2,2
28/10/2012,07:30,7,6,1
28/10/2012,07:45,2,0,2
28/10/2012,08:00,5,2,3
28/10/2012,08:15,7,3,4
28/10/2012,08:30,15,4,11
28/10/2012,08:45,12,4,8
28/10/2012,09:00,16,8,8
28/10/2012,09:15,19,6,13
28/10/2012,09:30,24,10,14
28/10/2012,09:45,18,7,11
28/10/2012,10:00,12,9,3
28/10/2012,10:15,11,3,8
28/10/2012,10:30,9,5,4
28/10/2012,10:45,17,11,6
28/10/2012,11:00,16,4,12
28/10/2012,11:15,16,10,6
28/10/2012,11:30,12,6,6
28/10/2012,11:45,12,4,8
28/10/2012,12:00,14,6,8
28/10/2012,12:15,12,6,6
28/10/2012,12:30,10,7,3
28/10/2012,12:45,20,10,10
28/10/2012,13:00,10,2,8
28/10/2012,13:15,13,9,4
28/10/2012,13:30,12,4,8
28/10/2012,13:45,6,2,4
28/10/2012,14:00,11,6,5
28/10/2012,14:15,7,2,5
28/10/2012,14:30,10,3,7
28/10/2012,14:45,6,2,4
28/10/2012,15:00,7,2,5
28/10/2012,15:15,6,3,3
28/10/2012,15:30,7,3,4
28/10/2012,15:45,8,5,3
28/10/2012,16:00,12,3,9
28/10/2012,16:15,6,1,5
28/10/2012,16:30,7,2,5
28/10/2012,16:45,6,4,2
28/10/2012,17:00,10,4,6
28/10/2012,17:15,3,2,1
28/10/2012,17:30,3,0,3
28/10/2012,17:45,2,1,1
28/10/2012,18:00,0,0,0
28/10/2012,18:15,0,0,0
28/10/2012,18:30,0,0,0
28/10/2012,18:45,2,0,2
28/10/2012,19:00,1,0,1
28/10/2012,19:15,2,0,2
28/10/2012,19:30,0,0,0
28/10/2012,19:45,0,0,0
28/10/2012,20:00,0,0,0
28/10/2012,20:15,1,0,1
28/10/2012,20:30,1,0,1
28/10/2012,20:45,4,4,0
28/10/2012,21:00,0,0,0
28/10/2012,21:15,0,0,0
28/10/2012,21:30,1,0,1
28/10/2012,21:45,1,1,0
28/10/2012,22:00,1,0,1
28/10/2012,22:15,0,0,0
28/10/2012,22:30,1,1,0
28/10/2012,22:45,0,0,0
28/10/2012,23:00,0,0,0
28/10/2012,23:15,1,0,1
28/10/2012,23:30,1,1,0
28/10/2012,23:45,1,0,1
29/10/2012,00:00,5,1,4
29/10/2012,00:15,0,0,0
29/10/2012,00:30,0,0,0
29/10/2012,00:45,0,0,0
29/10/2012,01:00,0,0,0
29/10/2012,01:15,0,0,0
29/10/2012,01:30,0,0,0
29/10/2012,01:45,0,0,0
29/10/2012,02:00,0,0,0
29/10/2012,02:15,0,0,0
29/10/2012,02:30,0,0,0
29/10/2012,02:45,0,0,0
29/10/2012,03:00,0,0,0
29/10/2012,03:15,1,1,0
29/10/2012,03:30,0,0,0
29/10/2012,03:45,0,0,0
29/10/2012,04:00,0,0,0
29/10/2012,04:15,0,0,0
29/10/2012,04:30,0,0,0
29/10/2012,04:45,2,1,1
29/10/2012,05:00,0,0,0
29/10/2012,05:15,0,0,0
29/10/2012,05:30,0,0,0
29/10/2012,05:45,2,2,0
29/10/2012,06:00,4,2,2
29/10/2012,06:15,0,0,0
29/10/2012,06:30,1,1,0
29/10/2012,06:45,0,0,0
29/10/2012,07:00,1,0,1
29/10/2012,07:15,0,0,0
29/10/2012,07:30,1,0,1
29/10/2012,07:45,0,0,0
29/10/2012,08:00,0,0,0
29/10/2012,08:15,0,0,0
29/10/2012,08:30,2,1,1
29/10/2012,08:45,0,0,0
29/10/2012,09:00,1,0,1
29/10/2012,09:15,1,1,0
29/10/2012,09:30,1,1,0
29/10/2012,09:45,1,1,0
29/10/2012,10:00,0,0,0
29/10/2012,10:15,1,0,1
29/10/2012,10:30,0,0,0
29/10/2012,10:45,2,0,2
29/10/2012,11:00,1,0,1
29/10/2012,11:15,0,0,0
29/10/2012,11:30,0,0,0
29/10/2012,11:45,2,1,1
29/10/2012,12:00,4,2,2
29/10/2012,12:15,4,2,2
29/10/2012,12:30,1,0,1
29/10/2012,12:45,2,0,2
29/10/2012,13:00,2,1,1
29/10/2012,13:15,1,0,1
29/10/2012,13:30,1,1,0
29/10/2012,13:45,0,0,0
29/10/2012,14:00,1,1,0
29/10/2012,14:15,0,0,0
29/10/2012,14:30,1,0,1
29/10/2012,14:45,0,0,0
29/10/2012,15:00,0,0,0
29/10/2012,15:15,0,0,0
29/10/2012,15:30,0,0,0
29/10/2012,15:45,1,1,0
29/10/2012,16:00,0,0,0
29/10/2012,16:15,0,0,0
29/10/2012,16:30,1,1,0
29/10/2012,16:45,1,1,0
29/10/2012,17:00,1,1,0
29/10/2012,17:15,0,0,0
29/10/2012,17:30,0,0,0
29/10/2012,17:45,1,1,0
29/10/2012,18:00,0,0,0
29/10/2012,18:15,1,1,0
29/10/2012,18:30,1,1,0
29/10/2012,18:45,0,0,0
29/10/2012,19:00,0,0,0
29/10/2012,19:15,0,0,0
29/10/2012,19:30,8,4,4
29/10/2012,19:45,0,0,0
29/10/2012,20:00,0,0,0
29/10/2012,20:15,1,0,1
29/10/2012,20:30,0,0,0
29/10/2012,20:45,1,1,0
29/10/2012,21:00,0,0,0
29/10/2012,21:15,1,1,0
29/10/2012,21:30,0,0,0
29/10/2012,21:45,0,0,0
29/10/2012,22:00,0,0,0
29/10/2012,22:15,1,0,1
29/10/2012,22:30,0,0,0
29/10/2012,22:45,0,0,0
29/10/2012,23:00,0,0,0
29/10/2012,23:15,0,0,0
29/10/2012,23:30,0,0,0
29/10/2012,23:45,0,0,0
30/10/2012,00:00,0,0,0
30/10/2012,00:15,0,0,0
30/10/2012,00:30,2,1,1
30/10/2012,00:45,0,0,0
30/10/2012,01:00,0,0,0
30/10/2012,01:15,0,0,0
30/10/2012,01:30,0,0,0
30/10/2012,01:45,0,0,0
30/10/2012,02:00,0,0,0
30/10/2012,02:15,0,0,0
30/10/2012,02:30,0,0,0
30/10/2012,02:45,0,0,0
30/10/2012,03:00,0,0,0
30/10/2012,03:15,0,0,0
30/10/2012,03:30,0,0,0
30/10/2012,03:45,0,0,0
30/10/2012,04:00,0,0,0
30/10/2012,04:15,0,0,0
30/10/2012,04:30,0,0,0
30/10/2012,04:45,1,1,0
30/10/2012,05:00,1,1,0
30/10/2012,05:15,0,0,0
30/10/2012,05:30,0,0,0
30/10/2012,05:45,1,1,0
30/10/2012,06:00,0,0,0
30/10/2012,06:15,1,1,0
30/10/2012,06:30,1,1,0
30/10/2012,06:45,1,1,0
30/10/2012,07:00,0,0,0
30/10/2012,07:15,0,0,0
30/10/2012,07:30,0,0,0
30/10/2012,07:45,0,0,0
30/10/2012,08:00,0,0,0
30/10/2012,08:15,0,0,0
30/10/2012,08:30,2,1,1
30/10/2012,08:45,1,1,0
30/10/2012,09:00,2,2,0
30/10/2012,09:15,2,2,0
30/10/2012,09:30,5,4,1
30/10/2012,09:45,4,4,0
30/10/2012,10:00,3,1,2
30/10/2012,10:15,2,2,0
30/10/2012,10:30,4,2,2
30/10/2012,10:45,7,5,2
30/10/2012,11:00,7,7,0
30/10/2012,11:15,3,2,1
30/10/2012,11:30,0,0,0
30/10/2012,11:45,1,0,1
30/10/2012,12:00,1,1,0
30/10/2012,12:15,3,3,0
30/10/2012,12:30,5,1,4
30/10/2012,12:45,5,3,2
30/10/2012,13:00,3,1,2
30/10/2012,13:15,5,3,2
30/10/2012,13:30,3,3,0
30/10/2012,13:45,7,4,3
30/10/2012,14:00,2,0,2
30/10/2012,14:15,3,2,1
30/10/2012,14:30,2,1,1
30/10/2012,14:45,4,4,0
30/10/2012,15:00,5,3,2
30/10/2012,15:15,4,3,1
30/10/2012,15:30,6,2,4
30/10/2012,15:45,7,3,4
30/10/2012,16:00,6,3,3
30/10/2012,16:15,4,3,1
30/10/2012,16:30,5,2,3
30/10/2012,16:45,3,3,0
30/10/2012,17:00,14,12,2
30/10/2012,17:15,7,6,1
30/10/2012,17:30,6,3,3
30/10/2012,17:45,2,1,1
30/10/2012,18:00,28,23,5
30/10/2012,18:15,53,51,2
30/10/2012,18:30,38,36,2
30/10/2012,18:45,11,6,5
30/10/2012,19:00,23,22,1
30/10/2012,19:15,9,9,0
30/10/2012,19:30,26,26,0
30/10/2012,19:45,25,24,1
30/10/2012,20:00,7,5,2
30/10/2012,20:15,2,2,0
30/10/2012,20:30,7,5,2
30/10/2012,20:45,9,9,0
30/10/2012,21:00,10,10,0
30/10/2012,21:15,5,5,0
30/10/2012,21:30,9,7,2
30/10/2012,21:45,6,6,0
30/10/2012,22:00,21,21,0
30/10/2012,22:15,41,41,0
30/10/2012,22:30,49,49,0
30/10/2012,22:45,22,21,1
30/10/2012,23:00,5,4,1
30/10/2012,23:15,2,2,0
30/10/2012,23:30,14,14,0
30/10/2012,23:45,0,0,0
31/10/2012,00:00,1,1,0
31/10/2012,00:15,0,0,0
31/10/2012,00:30,0,0,0
31/10/2012,00:45,0,0,0
31/10/2012,01:00,1,1,0
31/10/2012,01:15,1,1,1
31/10/2012,01:30,1,1,0
31/10/2012,01:45,0,0,0
31/10/2012,02:00,0,0,0
31/10/2012,02:15,0,0,0
31/10/2012,02:30,0,0,0
31/10/2012,02:45,0,0,0
31/10/2012,03:00,0,0,0
31/10/2012,03:15,0,0,0
31/10/2012,03:30,0,0,0
31/10/2012,03:45,1,0,1
31/10/2012,04:00,1,1,0
31/10/2012,04:15,0,0,0
31/10/2012,04:30,0,0,0
31/10/2012,04:45,3,1,2
31/10/2012,05:00,2,1,1
31/10/2012,05:15,5,4,2
31/10/2012,05:30,6,2,4
31/10/2012,05:45,10,6,4
31/10/2012,06:00,10,5,5
31/10/2012,06:15,10,4,6
31/10/2012,06:30,12,4,8
31/10/2012,06:45,20,7,13
31/10/2012,07:00,23,7,16
31/10/2012,07:15,23,8,15
31/10/2012,07:30,22,8,13
31/10/2012,07:45,24,10,14
31/10/2012,08:00,19,6,13
31/10/2012,08:15,23,8,15
31/10/2012,08:30,20,7,14
31/10/2012,08:45,16,6,10
31/10/2012,09:00,11,5,7
31/10/2012,09:15,9,4,6
31/10/2012,09:30,16,10,6
31/10/2012,09:45,15,9,6
31/10/2012,10:00,18,14,5
31/10/2012,10:15,20,15,5
31/10/2012,10:30,15,11,5
31/10/2012,10:45,16,11,5
31/10/2012,11:00,15,12,3
31/10/2012,11:15,13,7,5
31/10/2012,11:30,15,11,3
31/10/2012,11:45,17,10,7
31/10/2012,12:00,8,3,5
31/10/2012,12:15,17,11,6
31/10/2012,12:30,14,10,4
31/10/2012,12:45,13,7,7
31/10/2012,13:00,13,9,4
31/10/2012,13:15,10,5,5
31/10/2012,13:30,12,7,5
31/10/2012,13:45,11,6,5
31/10/2012,14:00,13,8,5
31/10/2012,14:15,13,6,7
31/10/2012,14:30,15,7,9
31/10/2012,14:45,12,5,7
31/10/2012,15:00,11,4,7
31/10/2012,15:15,13,4,9
31/10/2012,15:30,12,4,8
31/10/2012,15:45,16,6,10
31/10/2012,16:00,20,8,12
31/10/2012,16:15,23,13,10
31/10/2012,16:30,23,10,13
31/10/2012,16:45,23,13,10
31/10/2012,17:00,30,15,15
31/10/2012,17:15,24,14,10
31/10/2012,17:30,29,17,12
31/10/2012,17:45,37,22,15
31/10/2012,18:00,36,22,14
31/10/2012,18:15,30,16,14
31/10/2012,18:30,20,10,11
31/10/2012,18:45,18,10,9
31/10/2012,19:00,13,7,6
31/10/2012,19:15,10,5,5
31/10/2012,19:30,8,4,4
31/10/2012,19:45,6,4,2
31/10/2012,20:00,6,4,3
31/10/2012,20:15,3,1,2
31/10/2012,20:30,6,2,4
31/10/2012,20:45,3,1,2
31/10/2012,21:00,3,2,2
31/10/2012,21:15,3,1,2
31/10/2012,21:30,2,1,1
31/10/2012,21:45,2,1,1
31/10/2012,22:00,2,1,1
31/10/2012,22:15,2,1,2
31/10/2012,22:30,1,1,1
31/10/2012,22:45,1,1,0
31/10/2012,23:00,2,1,1
31/10/2012,23:15,2,0,1
31/10/2012,23:30,2,1,1
31/10/2012,23:45,0,0,0
01/11/2012,00:00,1,1,1
01/11/2012,00:15,1,0,1
01/11/2012,00:30,1,0,1
01/11/2012,00:45,0,0,0
01/11/2012,01:00,2,2,0
01/11/2012,01:15,0,0,0
01/11/2012,01:30,1,1,1
01/11/2012,01:45,1,0,0
01/11/2012,02:00,0,0,0
01/11/2012,02:15,0,0,0
01/11/2012,02:30,0,0,0
01/11/2012,02:45,0,0,0
01/11/2012,03:00,0,0,0
01/11/2012,03:15,0,0,0
01/11/2012,03:30,0,0,0
01/11/2012,03:45,1,1,0
01/11/2012,04:00,2,2,0
01/11/2012,04:15,0,0,0
01/11/2012,04:30,3,2,1
01/11/2012,04:45,0,0,0
01/11/2012,05:00,2,1,1
01/11/2012,05:15,5,4,1
01/11/2012,05:30,7,3,4
01/11/2012,05:45,10,6,4
01/11/2012,06:00,11,6,5
01/11/2012,06:15,12,5,7
01/11/2012,06:30,15,5,10
01/11/2012,06:45,20,5,15
01/11/2012,07:00,21,5,16
01/11/2012,07:15,18,7,12
01/11/2012,07:30,23,10,14
01/11/2012,07:45,22,9,13
01/11/2012,08:00,17,7,10
01/11/2012,08:15,19,6,14
01/11/2012,08:30,12,4,8
01/11/2012,08:45,16,8,8
01/11/2012,09:00,10,5,6
01/11/2012,09:15,8,4,5
01/11/2012,09:30,11,5,6
01/11/2012,09:45,10,5,4
01/11/2012,10:00,7,4,3
01/11/2012,10:15,8,5,3
01/11/2012,10:30,8,4,4
01/11/2012,10:45,12,9,4
01/11/2012,11:00,12,8,4
01/11/2012,11:15,8,4,4
01/11/2012,11:30,13,9,5
01/11/2012,11:45,9,7,3
01/11/2012,12:00,7,5,3
01/11/2012,12:15,15,11,4
01/11/2012,12:30,11,8,3
01/11/2012,12:45,14,10,3
01/11/2012,13:00,10,6,4
01/11/2012,13:15,10,5,5
01/11/2012,13:30,11,4,7
01/11/2012,13:45,8,4,4
01/11/2012,14:00,10,5,5
01/11/2012,14:15,8,3,5
01/11/2012,14:30,9,3,6
01/11/2012,14:45,12,6,6
01/11/2012,15:00,10,3,7
01/11/2012,15:15,13,5,8
01/11/2012,15:30,16,7,9
01/11/2012,15:45,14,4,9
01/11/2012,16:00,15,7,8
01/11/2012,16:15,23,13,10
01/11/2012,16:30,22,12,10
01/11/2012,16:45,26,13,13
01/11/2012,17:00,28,16,12
01/11/2012,17:15,23,9,14
01/11/2012,17:30,29,17,13
01/11/2012,17:45,32,18,14
01/11/2012,18:00,22,13,9
01/11/2012,18:15,25,16,9
01/11/2012,18:30,24,13,11
01/11/2012,18:45,16,8,8
01/11/2012,19:00,12,6,6
01/11/2012,19:15,10,6,4
01/11/2012,19:30,8,4,4
01/11/2012,19:45,5,2,3
01/11/2012,20:00,6,2,4
01/11/2012,20:15,6,2,3
01/11/2012,20:30,4,1,3
01/11/2012,20:45,2,1,1
01/11/2012,21:00,2,2,1
01/11/2012,21:15,2,2,1
01/11/2012,21:30,3,2,1
01/11/2012,21:45,2,1,1
01/11/2012,22:00,2,1,1
01/11/2012,22:15,3,1,2
01/11/2012,22:30,1,0,1
01/11/2012,22:45,1,1,0
01/11/2012,23:00,1,0,1
01/11/2012,23:15,2,1,1
01/11/2012,23:30,2,1,1
01/11/2012,23:45,0,0,0
02/11/2012,00:00,3,0,3
02/11/2012,00:15,1,0,1
02/11/2012,00:30,1,0,1
02/11/2012,00:45,1,1,0
02/11/2012,01:00,0,0,0
02/11/2012,01:15,0,0,0
02/11/2012,01:30,0,0,0
02/11/2012,01:45,2,2,0
02/11/2012,02:00,1,1,0
02/11/2012,02:15,2,2,0
02/11/2012,02:30,1,1,0
02/11/2012,02:45,1,1,0
02/11/2012,03:00,0,0,0
02/11/2012,03:15,0,0,0
02/11/2012,03:30,0,0,0
02/11/2012,03:45,0,0,0
02/11/2012,04:00,1,0,1
02/11/2012,04:15,1,0,1
02/11/2012,04:30,0,0,0
02/11/2012,04:45,5,4,1
02/11/2012,05:00,1,1,0
02/11/2012,05:15,2,1,1
02/11/2012,05:30,5,2,3
02/11/2012,05:45,12,7,5
02/11/2012,06:00,6,3,3
02/11/2012,06:15,11,4,7
02/11/2012,06:30,21,6,15
02/11/2012,06:45,13,4,9
02/11/2012,07:00,15,5,10
02/11/2012,07:15,22,7,15
02/11/2012,07:30,19,7,12
02/11/2012,07:45,16,5,11
02/11/2012,08:00,18,5,13
02/11/2012,08:15,17,3,14
02/11/2012,08:30,7,4,3
02/11/2012,08:45,17,10,7
02/11/2012,09:00,15,7,8
02/11/2012,09:15,12,4,8
02/11/2012,09:30,7,1,6
02/11/2012,09:45,8,2,6
02/11/2012,10:00,5,3,2
02/11/2012,10:15,9,3,6
02/11/2012,10:30,3,0,3
02/11/2012,10:45,4,2,2
02/11/2012,11:00,3,0,3
02/11/2012,11:15,4,1,3
02/11/2012,11:30,11,8,3
02/11/2012,11:45,15,8,7
02/11/2012,12:00,11,7,4
02/11/2012,12:15,5,4,1
02/11/2012,12:30,7,3,4
02/11/2012,12:45,14,7,7
02/11/2012,13:00,10,5,5
02/11/2012,13:15,7,3,4
02/11/2012,13:30,6,4,2
02/11/2012,13:45,6,4,2
02/11/2012,14:00,10,5,5
02/11/2012,14:15,6,1,5
02/11/2012,14:30,12,4,8
02/11/2012,14:45,11,4,7
02/11/2012,15:00,7,5,2
02/11/2012,15:15,13,3,10
02/11/2012,15:30,16,7,9
02/11/2012,15:45,9,3,6
02/11/2012,16:00,19,12,7
02/11/2012,16:15,21,7,14
02/11/2012,16:30,21,10,11
02/11/2012,16:45,20,9,11
02/11/2012,17:00,10,5,5
02/11/2012,17:15,30,12,18
02/11/2012,17:30,16,8,8
02/11/2012,17:45,23,13,10
02/11/2012,18:00,14,8,6
02/11/2012,18:15,20,11,9
02/11/2012,18:30,6,2,4
02/11/2012,18:45,5,4,1
02/11/2012,19:00,5,3,2
02/11/2012,19:15,2,0,2
02/11/2012,19:30,5,4,1
02/11/2012,19:45,1,0,1
02/11/2012,20:00,3,0,3
02/11/2012,20:15,5,4,1
02/11/2012,20:30,0,0,0
02/11/2012,20:45,2,1,1
02/11/2012,21:00,1,0,1
02/11/2012,21:15,2,1,1
02/11/2012,21:30,2,1,1
02/11/2012,21:45,1,0,1
02/11/2012,22:00,1,1,0
02/11/2012,22:15,0,0,0
02/11/2012,22:30,5,5,0
02/11/2012,22:45,0,0,0
02/11/2012,23:00,1,0,1
02/11/2012,23:15,0,0,0
02/11/2012,23:30,0,0,0
02/11/2012,23:45,1,0,1
03/11/2012,00:00,1,0,1
03/11/2012,00:15,0,0,0
03/11/2012,00:30,2,1,1
03/11/2012,00:45,0,0,0
03/11/2012,01:00,0,0,0
03/11/2012,01:15,0,0,0
03/11/2012,01:30,1,1,0
03/11/2012,01:45,1,1,0
03/11/2012,02:00,0,0,0
03/11/2012,02:15,1,1,0
03/11/2012,02:30,0,0,0
03/11/2012,02:45,1,0,1
03/11/2012,03:00,0,0,0
03/11/2012,03:15,1,1,0
03/11/2012,03:30,0,0,0
03/11/2012,03:45,0,0,0
03/11/2012,04:00,0,0,0
03/11/2012,04:15,0,0,0
03/11/2012,04:30,0,0,0
03/11/2012,04:45,0,0,0
03/11/2012,05:00,0,0,0
03/11/2012,05:15,1,1,0
03/11/2012,05:30,2,2,0
03/11/2012,05:45,6,6,0
03/11/2012,06:00,1,1,0
03/11/2012,06:15,0,0,0
03/11/2012,06:30,0,0,0
03/11/2012,06:45,5,2,3
03/11/2012,07:00,3,0,3
03/11/2012,07:15,7,3,4
03/11/2012,07:30,6,2,4
03/11/2012,07:45,8,5,3
03/11/2012,08:00,9,5,4
03/11/2012,08:15,5,4,1
03/11/2012,08:30,15,9,6
03/11/2012,08:45,18,14,4
03/11/2012,09:00,7,4,3
03/11/2012,09:15,11,5,6
03/11/2012,09:30,13,4,9
03/11/2012,09:45,39,23,16
03/11/2012,10:00,13,7,6
03/11/2012,10:15,17,9,8
03/11/2012,10:30,11,8,3
03/11/2012,10:45,18,7,11
03/11/2012,11:00,23,6,17
03/11/2012,11:15,16,7,9
03/11/2012,11:30,21,5,16
03/11/2012,11:45,28,13,15
03/11/2012,12:00,23,11,12
03/11/2012,12:15,19,5,14
03/11/2012,12:30,16,5,11
03/11/2012,12:45,19,11,8
03/11/2012,13:00,17,8,9
03/11/2012,13:15,16,10,6
03/11/2012,13:30,16,10,6
03/11/2012,13:45,11,5,6
03/11/2012,14:00,21,9,12
03/11/2012,14:15,14,3,11
03/11/2012,14:30,12,3,9
03/11/2012,14:45,14,6,8
03/11/2012,15:00,20,6,14
03/11/2012,15:15,23,12,11
03/11/2012,15:30,18,9,9
03/11/2012,15:45,9,3,6
03/11/2012,16:00,18,9,9
03/11/2012,16:15,17,9,8
03/11/2012,16:30,36,18,18
03/11/2012,16:45,10,3,7
03/11/2012,17:00,14,5,9
03/11/2012,17:15,3,1,2
03/11/2012,17:30,14,2,12
03/11/2012,17:45,8,4,4
03/11/2012,18:00,5,2,3
03/11/2012,18:15,5,2,3
03/11/2012,18:30,4,0,4
03/11/2012,18:45,2,1,1
03/11/2012,19:00,1,1,0
03/11/2012,19:15,5,1,4
03/11/2012,19:30,0,0,0
03/11/2012,19:45,2,0,2
03/11/2012,20:00,2,2,0
03/11/2012,20:15,1,0,1
03/11/2012,20:30,0,0,0
03/11/2012,20:45,1,0,1
03/11/2012,21:00,4,2,2
03/11/2012,21:15,1,1,0
03/11/2012,21:30,1,0,1
03/11/2012,21:45,4,4,0
03/11/2012,22:00,2,0,2
03/11/2012,22:15,2,1,1
03/11/2012,22:30,3,0,3
03/11/2012,22:45,2,0,2
03/11/2012,23:00,2,1,1
03/11/2012,23:15,0,0,0
03/11/2012,23:30,1,0,1
03/11/2012,23:45,2,2,0
04/11/2012,00:00,2,1,1
04/11/2012,00:15,2,2,0
04/11/2012,00:30,3,1,2
04/11/2012,00:45,0,0,0
04/11/2012,01:00,0,0,0
04/11/2012,01:15,0,0,0
04/11/2012,01:30,0,0,0
04/11/2012,01:45,1,1,0
04/11/2012,02:00,2,0,2
04/11/2012,02:15,0,0,0
04/11/2012,02:30,0,0,0
04/11/2012,02:45,4,2,2
04/11/2012,03:00,0,0,0
04/11/2012,03:15,1,0,1
04/11/2012,03:30,0,0,0
04/11/2012,03:45,,,
04/11/2012,04:00,,,
04/11/2012,04:15,,,
04/11/2012,04:30,,,
04/11/2012,04:45,,,
04/11/2012,05:00,,,
04/11/2012,05:15,,,
04/11/2012,05:30,,,
04/11/2012,05:45,,,
04/11/2012,06:00,0,0,0
04/11/2012,06:15,0,0,0
04/11/2012,06:30,1,1,0
04/11/2012,06:45,0,0,0
04/11/2012,07:00,0,0,0
04/11/2012,07:15,0,0,0
04/11/2012,07:30,1,0,1
04/11/2012,07:45,1,0,1
04/11/2012,08:00,45,26,19
04/11/2012,08:15,7,6,1
04/11/2012,08:30,17,7,10
04/11/2012,08:45,8,5,3
04/11/2012,09:00,11,6,5
04/11/2012,09:15,20,9,11
04/11/2012,09:30,12,7,5
04/11/2012,09:45,13,5,8
04/11/2012,10:00,17,8,9
04/11/2012,10:15,17,6,11
04/11/2012,10:30,22,17,5
04/11/2012,10:45,28,17,11
04/11/2012,11:00,38,23,15
04/11/2012,11:15,49,38,11
04/11/2012,11:30,28,22,6
04/11/2012,11:45,53,41,12
04/11/2012,12:00,35,21,14
04/11/2012,12:15,24,11,13
04/11/2012,12:30,38,16,22
04/11/2012,12:45,37,25,12
04/11/2012,13:00,26,15,11
04/11/2012,13:15,39,22,17
04/11/2012,13:30,36,16,20
04/11/2012,13:45,20,13,7
04/11/2012,14:00,36,18,18
04/11/2012,14:15,31,12,19
04/11/2012,14:30,16,10,6
04/11/2012,14:45,34,9,25
04/11/2012,15:00,25,9,16
04/11/2012,15:15,31,19,12
04/11/2012,15:30,25,8,17
04/11/2012,15:45,15,7,8
04/11/2012,16:00,26,14,12
04/11/2012,16:15,22,9,13
04/11/2012,16:30,20,7,13
04/11/2012,16:45,13,7,6
04/11/2012,17:00,17,11,6
04/11/2012,17:15,15,11,4
04/11/2012,17:30,11,5,6
04/11/2012,17:45,2,0,2
04/11/2012,18:00,8,4,4
04/11/2012,18:15,5,1,4
04/11/2012,18:30,2,2,0
04/11/2012,18:45,2,0,2
04/11/2012,19:00,0,0,0
04/11/2012,19:15,1,1,0
04/11/2012,19:30,2,0,2
04/11/2012,19:45,3,1,2
04/11/2012,20:00,1,0,1
04/11/2012,20:15,1,0,1
04/11/2012,20:30,1,1,0
04/11/2012,20:45,1,0,1
04/11/2012,21:00,1,1,0
04/11/2012,21:15,1,0,1
04/11/2012,21:30,0,0,0
04/11/2012,21:45,1,0,1
04/11/2012,22:00,0,0,0
04/11/2012,22:15,0,0,0
04/11/2012,22:30,1,1,0
04/11/2012,22:45,0,0,0
04/11/2012,23:00,1,1,0
04/11/2012,23:15,3,2,1
04/11/2012,23:30,0,0,0
04/11/2012,23:45,1,0,1
05/11/2012,00:00,1,0,1
05/11/2012,00:15,0,0,0
05/11/2012,00:30,0,0,0
05/11/2012,00:45,0,0,0
05/11/2012,01:00,0,0,0
05/11/2012,01:15,0,0,0
05/11/2012,01:30,0,0,0
05/11/2012,01:45,0,0,0
05/11/2012,02:00,0,0,0
05/11/2012,02:15,0,0,0
05/11/2012,02:30,0,0,0
05/11/2012,02:45,0,0,0
05/11/2012,03:00,0,0,0
05/11/2012,03:15,0,0,0
05/11/2012,03:30,0,0,0
05/11/2012,03:45,2,0,2
05/11/2012,04:00,0,0,0
05/11/2012,04:15,1,0,1
05/11/2012,04:30,1,1,0
05/11/2012,04:45,1,0,1
05/11/2012,05:00,0,0,0
05/11/2012,05:15,3,0,3
05/11/2012,05:30,6,3,3
05/11/2012,05:45,4,3,1
05/11/2012,06:00,,,
05/11/2012,06:15,,,
05/11/2012,06:30,,,
05/11/2012,06:45,,,
05/11/2012,07:00,,,
05/11/2012,07:15,,,
05/11/2012,07:30,,,
05/11/2012,07:45,,,
05/11/2012,08:00,,,
05/11/2012,08:15,,,
05/11/2012,08:30,,,
05/11/2012,08:45,,,
05/11/2012,09:00,,,
05/11/2012,09:15,,,
05/11/2012,09:30,,,
05/11/2012,09:45,,,
05/11/2012,10:00,,,
05/11/2012,10:15,,,
05/11/2012,10:30,,,
05/11/2012,10:45,,,
05/11/2012,11:00,,,
05/11/2012,11:15,,,
05/11/2012,11:30,,,
05/11/2012,11:45,,,
05/11/2012,12:00,,,
05/11/2012,12:15,,,
05/11/2012,12:30,,,
05/11/2012,12:45,,,
05/11/2012,13:00,,,
05/11/2012,13:15,,,
05/11/2012,13:30,,,
05/11/2012,13:45,,,
05/11/2012,14:00,,,
05/11/2012,14:15,,,
05/11/2012,14:30,,,
05/11/2012,14:45,,,
05/11/2012,15:00,,,
05/11/2012,15:15,,,
05/11/2012,15:30,,,
05/11/2012,15:45,,,
05/11/2012,16:00,,,
05/11/2012,16:15,,,
05/11/2012,16:30,,,
05/11/2012,16:45,,,
05/11/2012,17:00,,,
05/11/2012,17:15,,,
05/11/2012,17:30,,,
05/11/2012,17:45,,,
05/11/2012,18:00,,,
05/11/2012,18:15,,,
05/11/2012,18:30,,,
05/11/2012,18:45,,,
05/11/2012,19:00,,,
05/11/2012,19:15,,,
05/11/2012,19:30,,,
05/11/2012,19:45,,,
05/11/2012,20:00,,,
05/11/2012,20:15,,,
05/11/2012,20:30,,,
05/11/2012,20:45,,,
05/11/2012,21:00,,,
05/11/2012,21:15,,,
05/11/2012,21:30,,,
05/11/2012,21:45,,,
05/11/2012,22:00,,,
05/11/2012,22:15,,,
05/11/2012,22:30,,,
05/11/2012,22:45,,,
05/11/2012,23:00,,,
05/11/2012,23:15,,,
05/11/2012,23:30,,,
05/11/2012,23:45,,,
06/11/2012,00:00,,,
06/11/2012,00:15,,,
06/11/2012,00:30,,,
06/11/2012,00:45,,,
06/11/2012,01:00,,,
06/11/2012,01:15,,,
06/11/2012,01:30,,,
06/11/2012,01:45,,,
06/11/2012,02:00,,,
06/11/2012,02:15,,,
06/11/2012,02:30,,,
06/11/2012,02:45,0,0,0
06/11/2012,03:00,0,0,0
06/11/2012,03:15,0,0,0
06/11/2012,03:30,1,1,0
06/11/2012,03:45,2,0,2
06/11/2012,04:00,2,2,0
06/11/2012,04:15,1,1,0
06/11/2012,04:30,2,1,1
06/11/2012,04:45,2,1,1
06/11/2012,05:00,1,1,0
06/11/2012,05:15,6,4,2
06/11/2012,05:30,5,3,2
06/11/2012,05:45,13,5,8
06/11/2012,06:00,13,8,5
06/11/2012,06:15,18,11,7
06/11/2012,06:30,16,6,10
06/11/2012,06:45,15,10,5
06/11/2012,07:00,20,7,13
06/11/2012,07:15,19,8,11
06/11/2012,07:30,21,8,13
06/11/2012,07:45,16,3,13
06/11/2012,08:00,18,9,9
06/11/2012,08:15,17,12,5
06/11/2012,08:30,39,29,10
06/11/2012,08:45,11,9,2
06/11/2012,09:00,32,23,9
06/11/2012,09:15,25,21,4
06/11/2012,09:30,44,38,6
06/11/2012,09:45,36,31,5
06/11/2012,10:00,61,56,5
06/11/2012,10:15,38,36,2
06/11/2012,10:30,46,41,5
06/11/2012,10:45,46,43,3
06/11/2012,11:00,44,41,3
06/11/2012,11:15,213,206,7
06/11/2012,11:30,20,13,7
06/11/2012,11:45,31,24,7
06/11/2012,12:00,20,20,0
06/11/2012,12:15,19,12,7
06/11/2012,12:30,186,181,5
06/11/2012,12:45,121,118,3
06/11/2012,13:00,19,12,7
06/11/2012,13:15,24,21,3
06/11/2012,13:30,13,8,5
06/11/2012,13:45,18,9,9
06/11/2012,14:00,10,4,6
06/11/2012,14:15,14,7,7
06/11/2012,14:30,21,8,13
06/11/2012,14:45,10,3,7
06/11/2012,15:00,16,5,11
06/11/2012,15:15,12,9,3
06/11/2012,15:30,17,7,10
06/11/2012,15:45,7,4,3
06/11/2012,16:00,14,6,8
06/11/2012,16:15,13,7,6
06/11/2012,16:30,18,10,8
06/11/2012,16:45,12,6,6
06/11/2012,17:00,37,18,19
06/11/2012,17:15,24,15,9
06/11/2012,17:30,17,12,5
06/11/2012,17:45,14,8,6
06/11/2012,18:00,13,7,6
06/11/2012,18:15,21,10,11
06/11/2012,18:30,10,4,6
06/11/2012,18:45,8,4,4
06/11/2012,19:00,7,5,2
06/11/2012,19:15,5,2,3
06/11/2012,19:30,4,1,3
06/11/2012,19:45,0,0,0
06/11/2012,20:00,3,1,2
06/11/2012,20:15,1,0,1
06/11/2012,20:30,1,1,0
06/11/2012,20:45,1,0,1
06/11/2012,21:00,0,0,0
06/11/2012,21:15,1,0,1
06/11/2012,21:30,1,0,1
06/11/2012,21:45,2,1,1
06/11/2012,22:00,1,1,0
06/11/2012,22:15,0,0,0
06/11/2012,22:30,0,0,0
06/11/2012,22:45,1,0,1
06/11/2012,23:00,1,0,1
06/11/2012,23:15,1,0,1
06/11/2012,23:30,0,0,0
06/11/2012,23:45,1,1,0
07/11/2012,00:00,1,1,0
07/11/2012,00:15,0,0,0
07/11/2012,00:30,0,0,0
07/11/2012,00:45,0,0,0
07/11/2012,01:00,0,0,0
07/11/2012,01:15,3,1,2
07/11/2012,01:30,1,1,0
07/11/2012,01:45,0,0,0
07/11/2012,02:00,0,0,0
07/11/2012,02:15,0,0,0
07/11/2012,02:30,0,0,0
07/11/2012,02:45,,,
07/11/2012,03:00,,,
07/11/2012,03:15,,,
07/11/2012,03:30,,,
07/11/2012,03:45,0,0,0
07/11/2012,04:00,0,0,0
07/11/2012,04:15,0,0,0
07/11/2012,04:30,0,0,0
07/11/2012,04:45,1,0,1
07/11/2012,05:00,1,1,0
07/11/2012,05:15,3,3,0
07/11/2012,05:30,1,0,1
07/11/2012,05:45,0,0,0
07/11/2012,06:00,3,2,1
07/11/2012,06:15,1,1,0
07/11/2012,06:30,2,1,1
07/11/2012,06:45,11,8,3
07/11/2012,07:00,6,3,3
07/11/2012,07:15,4,1,3
07/11/2012,07:30,13,4,9
07/11/2012,07:45,11,7,4
07/11/2012,08:00,21,8,13
07/11/2012,08:15,23,7,16
07/11/2012,08:30,18,9,9
07/11/2012,08:45,19,7,12
07/11/2012,09:00,11,4,7
07/11/2012,09:15,11,2,9
07/11/2012,09:30,15,10,5
07/11/2012,09:45,9,3,6
07/11/2012,10:00,4,2,2
07/11/2012,10:15,4,2,2
07/11/2012,10:30,5,2,3
07/11/2012,10:45,6,3,3
07/11/2012,11:00,7,5,2
07/11/2012,11:15,6,1,5
07/11/2012,11:30,5,3,2
07/11/2012,11:45,9,4,5
07/11/2012,12:00,1,0,1
07/11/2012,12:15,4,2,2
07/11/2012,12:30,11,3,8
07/11/2012,12:45,4,2,2
07/11/2012,13:00,9,5,4
07/11/2012,13:15,8,2,6
07/11/2012,13:30,8,6,2
07/11/2012,13:45,3,0,3
07/11/2012,14:00,4,2,2
07/11/2012,14:15,1,1,0
07/11/2012,14:30,4,1,3
07/11/2012,14:45,8,3,5
07/11/2012,15:00,4,0,4
07/11/2012,15:15,7,1,6
07/11/2012,15:30,6,1,5
07/11/2012,15:45,3,2,1
07/11/2012,16:00,7,3,4
07/11/2012,16:15,14,6,8
07/11/2012,16:30,5,1,4
07/11/2012,16:45,4,4,0
07/11/2012,17:00,9,3,6
07/11/2012,17:15,10,7,3
07/11/2012,17:30,9,4,5
07/11/2012,17:45,20,9,11
07/11/2012,18:00,13,6,7
07/11/2012,18:15,13,9,4
07/11/2012,18:30,10,4,6
07/11/2012,18:45,11,4,7
07/11/2012,19:00,14,11,3
07/11/2012,19:15,17,10,7
07/11/2012,19:30,5,3,2
07/11/2012,19:45,5,3,2
07/11/2012,20:00,8,5,3
07/11/2012,20:15,1,0,1
07/11/2012,20:30,1,0,1
07/11/2012,20:45,4,2,2
07/11/2012,21:00,2,2,0
07/11/2012,21:15,1,0,1
07/11/2012,21:30,2,1,1
07/11/2012,21:45,1,0,1
07/11/2012,22:00,2,1,1
07/11/2012,22:15,2,0,2
07/11/2012,22:30,0,0,0
07/11/2012,22:45,1,1,0
07/11/2012,23:00,0,0,0
07/11/2012,23:15,1,1,0
07/11/2012,23:30,1,1,0
07/11/2012,23:45,0,0,0
08/11/2012,00:00,3,1,2
08/11/2012,00:15,3,1,2
08/11/2012,00:30,0,0,0
08/11/2012,00:45,1,1,0
08/11/2012,01:00,1,1,0
08/11/2012,01:15,0,0,0
08/11/2012,01:30,0,0,0
08/11/2012,01:45,1,1,0
08/11/2012,02:00,0,0,0
08/11/2012,02:15,0,0,0
08/11/2012,02:30,1,1,0
08/11/2012,02:45,0,0,0
08/11/2012,03:00,0,0,0
08/11/2012,03:15,0,0,0
08/11/2012,03:30,0,0,0
08/11/2012,03:45,0,0,0
08/11/2012,04:00,2,2,0
08/11/2012,04:15,0,0,0
08/11/2012,04:30,2,1,1
08/11/2012,04:45,1,1,0
08/11/2012,05:00,3,0,3
08/11/2012,05:15,8,5,3
08/11/2012,05:30,5,1,4
08/11/2012,05:45,7,5,2
08/11/2012,06:00,11,4,7
08/11/2012,06:15,10,6,4
08/11/2012,06:30,20,6,14
08/11/2012,06:45,17,4,13
08/11/2012,07:00,13,2,11
08/11/2012,07:15,17,8,9
08/11/2012,07:30,23,12,11
08/11/2012,07:45,19,7,12
08/11/2012,08:00,13,5,8
08/11/2012,08:15,19,5,14
08/11/2012,08:30,7,1,6
08/11/2012,08:45,12,7,5
08/11/2012,09:00,6,3,3
08/11/2012,09:15,5,3,2
08/11/2012,09:30,6,0,6
08/11/2012,09:45,4,3,1
08/11/2012,10:00,5,1,4
08/11/2012,10:15,6,2,4
08/11/2012,10:30,3,2,1
08/11/2012,10:45,17,14,3
08/11/2012,11:00,14,12,2
08/11/2012,11:15,8,6,2
08/11/2012,11:30,10,8,2
08/11/2012,11:45,9,8,1
08/11/2012,12:00,2,2,0
08/11/2012,12:15,23,18,5
08/11/2012,12:30,11,10,1
08/11/2012,12:45,15,14,1
08/11/2012,13:00,26,22,4
08/11/2012,13:15,7,6,1
08/11/2012,13:30,16,12,4
08/11/2012,13:45,4,3,1
08/11/2012,14:00,11,4,7
08/11/2012,14:15,5,1,4
08/11/2012,14:30,5,0,5
08/11/2012,14:45,13,7,6
08/11/2012,15:00,8,2,6
08/11/2012,15:15,10,1,9
08/11/2012,15:30,21,10,11
08/11/2012,15:45,11,5,6
08/11/2012,16:00,14,4,10
08/11/2012,16:15,23,15,8
08/11/2012,16:30,18,8,10
08/11/2012,16:45,21,13,8
08/11/2012,17:00,17,12,5
08/11/2012,17:15,16,5,11
08/11/2012,17:30,15,11,4
08/11/2012,17:45,17,6,11
08/11/2012,18:00,18,13,5
08/11/2012,18:15,14,9,5
08/11/2012,18:30,17,9,8
08/11/2012,18:45,10,5,5
08/11/2012,19:00,5,2,3
08/11/2012,19:15,8,5,3
08/11/2012,19:30,3,3,0
08/11/2012,19:45,3,1,2
08/11/2012,20:00,2,1,1
08/11/2012,20:15,4,1,3
08/11/2012,20:30,5,1,4
08/11/2012,20:45,1,1,0
08/11/2012,21:00,1,1,0
08/11/2012,21:15,1,0,1
08/11/2012,21:30,1,1,0
08/11/2012,21:45,1,0,1
08/11/2012,22:00,2,1,1
08/11/2012,22:15,1,1,0
08/11/2012,22:30,1,0,1
08/11/2012,22:45,3,2,1
08/11/2012,23:00,1,1,0
08/11/2012,23:15,3,3,0
08/11/2012,23:30,3,1,2
08/11/2012,23:45,0,0,0
09/11/2012,00:00,1,0,1
09/11/2012,00:15,1,0,1
09/11/2012,00:30,1,0,0
09/11/2012,00:45,0,0,0
09/11/2012,01:00,0,0,0
09/11/2012,01:15,0,0,0
09/11/2012,01:30,0,0,0
09/11/2012,01:45,1,1,0
09/11/2012,02:00,1,1,0
09/11/2012,02:15,1,1,0
09/11/2012,02:30,0,0,0
09/11/2012,02:45,1,1,0
09/11/2012,03:00,0,0,0
09/11/2012,03:15,0,0,0
09/11/2012,03:30,1,1,0
09/11/2012,03:45,1,1,1
09/11/2012,04:00,1,0,1
09/11/2012,04:15,1,1,1
09/11/2012,04:30,1,1,0
09/11/2012,04:45,3,2,1
09/11/2012,05:00,2,1,0
09/11/2012,05:15,3,2,1
09/11/2012,05:30,5,2,3
09/11/2012,05:45,9,6,3
09/11/2012,06:00,8,5,3
09/11/2012,06:15,10,4,6
09/11/2012,06:30,13,4,9
09/11/2012,06:45,12,6,6
09/11/2012,07:00,13,4,10
09/11/2012,07:15,20,7,13
09/11/2012,07:30,15,8,7
09/11/2012,07:45,15,6,9
09/11/2012,08:00,15,5,10
09/11/2012,08:15,19,6,12
09/11/2012,08:30,18,11,7
09/11/2012,08:45,14,7,8
09/11/2012,09:00,11,5,6
09/11/2012,09:15,10,5,6
09/11/2012,09:30,12,4,8
09/11/2012,09:45,8,3,5
09/11/2012,10:00,10,6,4
09/11/2012,10:15,13,9,5
09/11/2012,10:30,11,7,4
09/11/2012,10:45,14,9,5
09/11/2012,11:00,20,16,4
09/11/2012,11:15,14,9,5
09/11/2012,11:30,19,13,6
09/11/2012,11:45,20,16,4
09/11/2012,12:00,20,13,7
09/11/2012,12:15,14,9,6
09/11/2012,12:30,18,9,9
09/11/2012,12:45,18,13,5
09/11/2012,13:00,16,11,5
09/11/2012,13:15,14,7,7
09/11/2012,13:30,15,7,9
09/11/2012,13:45,14,7,7
09/11/2012,14:00,16,8,8
09/11/2012,14:15,16,7,9
09/11/2012,14:30,21,9,12
09/11/2012,14:45,16,7,9
09/11/2012,15:00,18,7,11
09/11/2012,15:15,18,9,9
09/11/2012,15:30,18,10,9
09/11/2012,15:45,18,9,8
09/11/2012,16:00,20,10,11
09/11/2012,16:15,23,10,12
09/11/2012,16:30,22,14,8
09/11/2012,16:45,21,10,11
09/11/2012,17:00,17,11,7
09/11/2012,17:15,25,13,12
09/11/2012,17:30,17,8,9
09/11/2012,17:45,20,11,9
09/11/2012,18:00,17,8,9
09/11/2012,18:15,15,9,6
09/11/2012,18:30,10,4,6
09/11/2012,18:45,5,3,1
09/11/2012,19:00,4,2,3
09/11/2012,19:15,2,1,1
09/11/2012,19:30,4,3,1
09/11/2012,19:45,3,0,3
09/11/2012,20:00,3,2,2
09/11/2012,20:15,6,2,4
09/11/2012,20:30,1,1,1
09/11/2012,20:45,2,1,1
09/11/2012,21:00,2,0,2
09/11/2012,21:15,2,1,1
09/11/2012,21:30,2,2,1
09/11/2012,21:45,3,1,1
09/11/2012,22:00,2,1,1
09/11/2012,22:15,1,0,1
09/11/2012,22:30,3,2,1
09/11/2012,22:45,1,1,1
09/11/2012,23:00,1,0,1
09/11/2012,23:15,1,1,0
09/11/2012,23:30,0,0,0
09/11/2012,23:45,2,1,1
10/11/2012,00:00,2,1,1
10/11/2012,00:15,1,0,1
10/11/2012,00:30,1,1,0
10/11/2012,00:45,1,0,0
10/11/2012,01:00,1,1,0
10/11/2012,01:15,1,1,1
10/11/2012,01:30,0,0,0
10/11/2012,01:45,1,0,0
10/11/2012,02:00,0,0,0
10/11/2012,02:15,1,0,0
10/11/2012,02:30,0,0,0
10/11/2012,02:45,0,0,0
10/11/2012,03:00,1,1,0
10/11/2012,03:15,1,1,0
10/11/2012,03:30,0,0,0
10/11/2012,03:45,1,1,0
10/11/2012,04:00,0,0,0
10/11/2012,04:15,0,0,0
10/11/2012,04:30,0,0,0
10/11/2012,04:45,0,0,0
10/11/2012,05:00,1,1,0
10/11/2012,05:15,1,1,0
10/11/2012,05:30,3,3,0
10/11/2012,05:45,6,5,1
10/11/2012,06:00,1,1,0
10/11/2012,06:15,3,2,1
10/11/2012,06:30,2,1,1
10/11/2012,06:45,4,2,1
10/11/2012,07:00,4,1,3
10/11/2012,07:15,6,4,2
10/11/2012,07:30,7,5,2
10/11/2012,07:45,9,4,5
10/11/2012,08:00,12,8,4
10/11/2012,08:15,11,6,5
10/11/2012,08:30,15,10,6
10/11/2012,08:45,18,10,8
10/11/2012,09:00,14,7,7
10/11/2012,09:15,16,9,8
10/11/2012,09:30,18,10,8
10/11/2012,09:45,32,20,12
10/11/2012,10:00,28,17,11
10/11/2012,10:15,33,21,12
10/11/2012,10:30,28,19,8
10/11/2012,10:45,22,13,9
10/11/2012,11:00,30,18,12
10/11/2012,11:15,28,17,11
10/11/2012,11:30,36,22,14
10/11/2012,11:45,25,14,11
10/11/2012,12:00,33,21,12
10/11/2012,12:15,29,17,11
10/11/2012,12:30,31,20,11
10/11/2012,12:45,31,19,12
10/11/2012,13:00,34,16,18
10/11/2012,13:15,25,13,12
10/11/2012,13:30,21,10,10
10/11/2012,13:45,20,9,11
10/11/2012,14:00,26,12,15
10/11/2012,14:15,22,9,13
10/11/2012,14:30,28,11,17
10/11/2012,14:45,26,13,13
10/11/2012,15:00,20,10,10
10/11/2012,15:15,25,13,12
10/11/2012,15:30,24,13,11
10/11/2012,15:45,21,10,12
10/11/2012,16:00,23,10,13
10/11/2012,16:15,21,10,11
10/11/2012,16:30,22,10,12
10/11/2012,16:45,16,8,8
10/11/2012,17:00,16,7,9
10/11/2012,17:15,10,4,6
10/11/2012,17:30,9,4,6
10/11/2012,17:45,8,3,5
10/11/2012,18:00,4,2,2
10/11/2012,18:15,5,2,3
10/11/2012,18:30,3,1,3
10/11/2012,18:45,3,1,2
10/11/2012,19:00,2,2,1
10/11/2012,19:15,2,0,1
10/11/2012,19:30,2,1,1
10/11/2012,19:45,2,0,2
10/11/2012,20:00,2,1,1
10/11/2012,20:15,3,1,2
10/11/2012,20:30,1,0,1
10/11/2012,20:45,2,1,1
10/11/2012,21:00,2,1,1
10/11/2012,21:15,1,1,1
10/11/2012,21:30,2,1,1
10/11/2012,21:45,3,2,1
10/11/2012,22:00,2,0,2
10/11/2012,22:15,2,1,1
10/11/2012,22:30,1,0,1
10/11/2012,22:45,1,1,1
10/11/2012,23:00,1,0,1
10/11/2012,23:15,1,0,0
10/11/2012,23:30,1,0,0
10/11/2012,23:45,2,1,1
11/11/2012,00:00,1,1,0
11/11/2012,00:15,3,1,2
11/11/2012,00:30,0,0,0
11/11/2012,00:45,1,1,0
11/11/2012,01:00,0,0,0
11/11/2012,01:15,0,0,0
11/11/2012,01:30,0,0,0
11/11/2012,01:45,0,0,0
11/11/2012,02:00,0,0,0
11/11/2012,02:15,3,0,3
11/11/2012,02:30,2,2,0
11/11/2012,02:45,1,1,0
11/11/2012,03:00,1,0,1
11/11/2012,03:15,0,0,0
11/11/2012,03:30,1,0,1
11/11/2012,03:45,0,0,0
11/11/2012,04:00,0,0,0
11/11/2012,04:15,0,0,0
11/11/2012,04:30,0,0,0
11/11/2012,04:45,1,0,1
11/11/2012,05:00,0,0,0
11/11/2012,05:15,0,0,0
11/11/2012,05:30,2,2,0
11/11/2012,05:45,4,4,0
11/11/2012,06:00,1,1,0
11/11/2012,06:15,0,0,0
11/11/2012,06:30,1,1,0
11/11/2012,06:45,3,0,3
11/11/2012,07:00,3,0,3
11/11/2012,07:15,8,5,3
11/11/2012,07:30,5,3,2
11/11/2012,07:45,10,6,4
11/11/2012,08:00,12,6,6
11/11/2012,08:15,22,9,13
11/11/2012,08:30,19,8,11
11/11/2012,08:45,32,14,18
11/11/2012,09:00,30,18,12
11/11/2012,09:15,14,8,6
11/11/2012,09:30,13,6,7
11/11/2012,09:45,29,18,11
11/11/2012,10:00,21,11,10
11/11/2012,10:15,41,22,19
11/11/2012,10:30,33,27,6
11/11/2012,10:45,40,28,12
11/11/2012,11:00,43,30,13
11/11/2012,11:15,37,15,22
11/11/2012,11:30,51,41,10
11/11/2012,11:45,64,48,16
11/11/2012,12:00,61,38,23
11/11/2012,12:15,41,29,12
11/11/2012,12:30,68,46,22
11/11/2012,12:45,65,37,28
11/11/2012,13:00,66,32,34
11/11/2012,13:15,66,32,34
11/11/2012,13:30,58,30,28
11/11/2012,13:45,73,36,37
11/11/2012,14:00,51,25,26
11/11/2012,14:15,71,27,44
11/11/2012,14:30,51,26,25
11/11/2012,14:45,48,26,22
11/11/2012,15:00,58,38,20
11/11/2012,15:15,63,27,36
11/11/2012,15:30,62,34,28
11/11/2012,15:45,44,25,19
11/11/2012,16:00,32,20,12
11/11/2012,16:15,46,25,21
11/11/2012,16:30,34,25,9
11/11/2012,16:45,29,17,12
11/11/2012,17:00,19,7,12
11/11/2012,17:15,12,4,8
11/11/2012,17:30,7,6,1
11/11/2012,17:45,15,8,7
11/11/2012,18:00,2,1,1
11/11/2012,18:15,2,0,2
11/11/2012,18:30,3,1,2
11/11/2012,18:45,4,2,2
11/11/2012,19:00,3,1,2
11/11/2012,19:15,3,2,1
11/11/2012,19:30,2,0,2
11/11/2012,19:45,3,0,3
11/11/2012,20:00,3,2,1
11/11/2012,20:15,2,0,2
11/11/2012,20:30,1,0,1
11/11/2012,20:45,3,2,1
11/11/2012,21:00,0,0,0
11/11/2012,21:15,2,0,2
11/11/2012,21:30,1,1,0
11/11/2012,21:45,2,2,0
11/11/2012,22:00,1,0,1
11/11/2012,22:15,0,0,0
11/11/2012,22:30,0,0,0
11/11/2012,22:45,3,1,2
11/11/2012,23:00,1,0,1
11/11/2012,23:15,1,0,1
11/11/2012,23:30,1,0,1
11/11/2012,23:45,2,1,1
12/11/2012,00:00,0,0,0
12/11/2012,00:15,0,0,0
12/11/2012,00:30,3,1,2
12/11/2012,00:45,1,1,0
12/11/2012,01:00,1,1,0
12/11/2012,01:15,0,0,0
12/11/2012,01:30,2,2,0
12/11/2012,01:45,0,0,0
12/11/2012,02:00,2,1,1
12/11/2012,02:15,0,0,0
12/11/2012,02:30,0,0,0
12/11/2012,02:45,,,
12/11/2012,03:00,,,
12/11/2012,03:15,,,
12/11/2012,03:30,,,
12/11/2012,03:45,,,
12/11/2012,04:00,0,0,0
12/11/2012,04:15,0,0,0
12/11/2012,04:30,0,0,0
12/11/2012,04:45,0,0,0
12/11/2012,05:00,0,0,0
12/11/2012,05:15,1,1,0
12/11/2012,05:30,0,0,0
12/11/2012,05:45,3,2,1
12/11/2012,06:00,3,1,2
12/11/2012,06:15,2,2,0
12/11/2012,06:30,1,0,1
12/11/2012,06:45,3,2,1
12/11/2012,07:00,9,7,2
12/11/2012,07:15,3,2,1
12/11/2012,07:30,9,5,4
12/11/2012,07:45,3,3,0
12/11/2012,08:00,11,4,7
12/11/2012,08:15,13,1,12
12/11/2012,08:30,8,6,2
12/11/2012,08:45,12,6,6
12/11/2012,09:00,18,9,9
12/11/2012,09:15,10,6,4
12/11/2012,09:30,24,9,15
12/11/2012,09:45,12,5,7
12/11/2012,10:00,14,7,7
12/11/2012,10:15,20,9,11
12/11/2012,10:30,10,8,2
12/11/2012,10:45,17,9,8
12/11/2012,11:00,24,10,14
12/11/2012,11:15,25,11,14
12/11/2012,11:30,15,8,7
12/11/2012,11:45,32,10,22
12/11/2012,12:00,25,14,11
12/11/2012,12:15,37,10,27
12/11/2012,12:30,41,24,17
12/11/2012,12:45,33,19,14
12/11/2012,13:00,41,14,27
12/11/2012,13:15,34,10,24
12/11/2012,13:30,32,17,15
12/11/2012,13:45,33,22,11
12/11/2012,14:00,39,18,21
12/11/2012,14:15,61,41,20
12/11/2012,14:30,32,18,14
12/11/2012,14:45,45,22,23
12/11/2012,15:00,30,11,19
12/11/2012,15:15,41,11,30
12/11/2012,15:30,36,13,23
12/11/2012,15:45,28,15,13
12/11/2012,16:00,22,4,18
12/11/2012,16:15,38,17,21
12/11/2012,16:30,46,24,22
12/11/2012,16:45,28,13,15
12/11/2012,17:00,25,13,12
12/11/2012,17:15,36,18,18
12/11/2012,17:30,19,6,13
12/11/2012,17:45,30,16,14
12/11/2012,18:00,32,18,14
12/11/2012,18:15,32,18,14
12/11/2012,18:30,20,10,10
12/11/2012,18:45,14,4,10
12/11/2012,19:00,17,8,9
12/11/2012,19:15,10,4,6
12/11/2012,19:30,10,5,5
12/11/2012,19:45,8,4,4
12/11/2012,20:00,5,3,2
12/11/2012,20:15,8,4,4
12/11/2012,20:30,5,5,0
12/11/2012,20:45,8,5,3
12/11/2012,21:00,6,1,5
12/11/2012,21:15,1,0,1
12/11/2012,21:30,2,0,2
12/11/2012,21:45,3,2,1
12/11/2012,22:00,4,3,1
12/11/2012,22:15,4,1,3
12/11/2012,22:30,9,7,2
12/11/2012,22:45,2,0,2
12/11/2012,23:00,1,0,1
12/11/2012,23:15,4,3,1
12/11/2012,23:30,1,1,0
12/11/2012,23:45,0,0,0
13/11/2012,00:00,0,0,0
13/11/2012,00:15,0,0,0
13/11/2012,00:30,1,0,1
13/11/2012,00:45,0,0,0
13/11/2012,01:00,0,0,0
13/11/2012,01:15,0,0,0
13/11/2012,01:30,0,0,0
13/11/2012,01:45,0,0,0
13/11/2012,02:00,0,0,0
13/11/2012,02:15,0,0,0
13/11/2012,02:30,0,0,0
13/11/2012,02:45,0,0,0
13/11/2012,03:00,0,0,0
13/11/2012,03:15,0,0,0
13/11/2012,03:30,0,0,0
13/11/2012,03:45,0,0,0
13/11/2012,04:00,0,0,0
13/11/2012,04:15,0,0,0
13/11/2012,04:30,2,1,1
13/11/2012,04:45,1,1,0
13/11/2012,05:00,0,0,0
13/11/2012,05:15,3,2,1
13/11/2012,05:30,3,1,2
13/11/2012,05:45,5,4,1
13/11/2012,06:00,2,2,0
13/11/2012,06:15,5,1,4
13/11/2012,06:30,8,3,5
13/11/2012,06:45,6,2,4
13/11/2012,07:00,12,5,7
13/11/2012,07:15,5,2,3
13/11/2012,07:30,7,4,3
13/11/2012,07:45,9,2,7
13/11/2012,08:00,9,5,4
13/11/2012,08:15,5,2,3
13/11/2012,08:30,5,3,2
13/11/2012,08:45,3,2,1
13/11/2012,09:00,1,0,1
13/11/2012,09:15,5,2,3
13/11/2012,09:30,1,1,0
13/11/2012,09:45,5,2,3
13/11/2012,10:00,3,0,3
13/11/2012,10:15,1,0,1
13/11/2012,10:30,3,1,2
13/11/2012,10:45,2,1,1
13/11/2012,11:00,4,1,3
13/11/2012,11:15,3,1,2
13/11/2012,11:30,5,4,1
13/11/2012,11:45,13,6,7
13/11/2012,12:00,6,2,4
13/11/2012,12:15,7,3,4
13/11/2012,12:30,2,1,1
13/11/2012,12:45,6,5,1
13/11/2012,13:00,13,8,5
13/11/2012,13:15,11,8,3
13/11/2012,13:30,9,7,2
13/11/2012,13:45,20,13,7
13/11/2012,14:00,7,3,4
13/11/2012,14:15,5,3,2
13/11/2012,14:30,7,2,5
13/11/2012,14:45,7,1,6
13/11/2012,15:00,9,2,7
13/11/2012,15:15,8,2,6
13/11/2012,15:30,5,2,3
13/11/2012,15:45,8,0,8
13/11/2012,16:00,8,5,3
13/11/2012,16:15,12,4,8
13/11/2012,16:30,224,147,77
13/11/2012,16:45,28,12,16
13/11/2012,17:00,12,9,3
13/11/2012,17:15,19,12,7
13/11/2012,17:30,10,7,3
13/11/2012,17:45,10,4,6
13/11/2012,18:00,15,10,5
13/11/2012,18:15,10,5,5
13/11/2012,18:30,11,6,5
13/11/2012,18:45,11,7,4
13/11/2012,19:00,3,0,3
13/11/2012,19:15,3,1,2
13/11/2012,19:30,5,1,4
13/11/2012,19:45,3,3,0
13/11/2012,20:00,6,0,6
13/11/2012,20:15,3,2,1
13/11/2012,20:30,3,2,1
13/11/2012,20:45,0,0,0
13/11/2012,21:00,0,0,0
13/11/2012,21:15,2,0,2
13/11/2012,21:30,1,1,0
13/11/2012,21:45,1,0,1
13/11/2012,22:00,1,0,1
13/11/2012,22:15,2,1,1
13/11/2012,22:30,2,0,2
13/11/2012,22:45,0,0,0
13/11/2012,23:00,0,0,0
13/11/2012,23:15,2,1,1
13/11/2012,23:30,0,0,0
13/11/2012,23:45,0,0,0
14/11/2012,00:00,1,1,0
14/11/2012,00:15,0,0,0
14/11/2012,00:30,0,0,0
14/11/2012,00:45,1,1,0
14/11/2012,01:00,0,0,0
14/11/2012,01:15,0,0,0
14/11/2012,01:30,1,1,0
14/11/2012,01:45,0,0,0
14/11/2012,02:00,1,0,1
14/11/2012,02:15,0,0,0
14/11/2012,02:30,1,0,1
14/11/2012,02:45,0,0,0
14/11/2012,03:00,0,0,0
14/11/2012,03:15,0,0,0
14/11/2012,03:30,0,0,0
14/11/2012,03:45,1,0,1
14/11/2012,04:00,1,1,0
14/11/2012,04:15,0,0,0
14/11/2012,04:30,0,0,0
14/11/2012,04:45,4,3,1
14/11/2012,05:00,4,2,2
14/11/2012,05:15,4,4,0
14/11/2012,05:30,7,2,5
14/11/2012,05:45,10,5,5
14/11/2012,06:00,8,4,4
14/11/2012,06:15,9,2,7
14/11/2012,06:30,14,3,11
14/11/2012,06:45,17,8,9
14/11/2012,07:00,19,4,15
14/11/2012,07:15,23,11,12
14/11/2012,07:30,21,8,13
14/11/2012,07:45,20,4,16
14/11/2012,08:00,18,8,10
14/11/2012,08:15,17,5,12
14/11/2012,08:30,21,8,13
14/11/2012,08:45,13,7,6
14/11/2012,09:00,6,4,2
14/11/2012,09:15,11,5,6
14/11/2012,09:30,25,21,4
14/11/2012,09:45,27,23,4
14/11/2012,10:00,46,44,2
14/11/2012,10:15,31,26,5
14/11/2012,10:30,35,31,4
14/11/2012,10:45,31,30,1
14/11/2012,11:00,35,34,1
14/11/2012,11:15,19,17,2
14/11/2012,11:30,36,33,3
14/11/2012,11:45,26,23,3
14/11/2012,12:00,8,5,3
14/11/2012,12:15,31,25,6
14/11/2012,12:30,22,21,1
14/11/2012,12:45,10,8,2
14/11/2012,13:00,16,15,1
14/11/2012,13:15,12,6,6
14/11/2012,13:30,9,7,2
14/11/2012,13:45,8,3,5
14/11/2012,14:00,11,6,5
14/11/2012,14:15,8,4,4
14/11/2012,14:30,8,4,4
14/11/2012,14:45,6,3,3
14/11/2012,15:00,2,1,1
14/11/2012,15:15,10,6,4
14/11/2012,15:30,12,2,10
14/11/2012,15:45,17,6,11
14/11/2012,16:00,20,9,11
14/11/2012,16:15,18,13,5
14/11/2012,16:30,15,8,7
14/11/2012,16:45,18,10,8
14/11/2012,17:00,19,9,10
14/11/2012,17:15,9,8,1
14/11/2012,17:30,17,8,9
14/11/2012,17:45,17,11,6
14/11/2012,18:00,16,6,10
14/11/2012,18:15,10,5,5
14/11/2012,18:30,7,4,3
14/11/2012,18:45,14,10,4
14/11/2012,19:00,7,4,3
14/11/2012,19:15,2,2,0
14/11/2012,19:30,7,4,3
14/11/2012,19:45,2,1,1
14/11/2012,20:00,3,2,1
14/11/2012,20:15,4,2,2
14/11/2012,20:30,7,2,5
14/11/2012,20:45,1,1,0
14/11/2012,21:00,0,0,0
14/11/2012,21:15,4,2,2
14/11/2012,21:30,0,0,0
14/11/2012,21:45,2,2,0
14/11/2012,22:00,2,1,1
14/11/2012,22:15,1,1,0
14/11/2012,22:30,0,0,0
14/11/2012,22:45,0,0,0
14/11/2012,23:00,1,1,0
14/11/2012,23:15,2,0,2
14/11/2012,23:30,1,1,0
14/11/2012,23:45,0,0,0
15/11/2012,00:00,2,2,0
15/11/2012,00:15,0,0,0
15/11/2012,00:30,0,0,0
15/11/2012,00:45,0,0,0
15/11/2012,01:00,1,1,0
15/11/2012,01:15,0,0,0
15/11/2012,01:30,0,0,0
15/11/2012,01:45,1,0,1
15/11/2012,02:00,0,0,0
15/11/2012,02:15,0,0,0
15/11/2012,02:30,0,0,0
15/11/2012,02:45,0,0,0
15/11/2012,03:00,0,0,0
15/11/2012,03:15,0,0,0
15/11/2012,03:30,0,0,0
15/11/2012,03:45,2,2,0
15/11/2012,04:00,0,0,0
15/11/2012,04:15,0,0,0
15/11/2012,04:30,2,2,0
15/11/2012,04:45,0,0,0
15/11/2012,05:00,1,1,0
15/11/2012,05:15,5,4,1
15/11/2012,05:30,4,1,3
15/11/2012,05:45,11,8,3
15/11/2012,06:00,7,3,4
15/11/2012,06:15,11,6,5
15/11/2012,06:30,7,2,5
15/11/2012,06:45,22,6,16
15/11/2012,07:00,20,5,15
15/11/2012,07:15,14,6,8
15/11/2012,07:30,12,4,8
15/11/2012,07:45,20,12,8
15/11/2012,08:00,12,5,7
15/11/2012,08:15,14,2,12
15/11/2012,08:30,10,5,5
15/11/2012,08:45,19,8,11
15/11/2012,09:00,6,1,5
15/11/2012,09:15,7,2,5
15/11/2012,09:30,11,3,8
15/11/2012,09:45,6,3,3
15/11/2012,10:00,8,6,2
15/11/2012,10:15,3,2,1
15/11/2012,10:30,4,4,0
15/11/2012,10:45,7,3,4
15/11/2012,11:00,4,3,1
15/11/2012,11:15,3,1,2
15/11/2012,11:30,2,0,2
15/11/2012,11:45,7,4,3
15/11/2012,12:00,4,3,1
15/11/2012,12:15,6,4,2
15/11/2012,12:30,10,5,5
15/11/2012,12:45,6,2,4
15/11/2012,13:00,1,0,1
15/11/2012,13:15,4,2,2
15/11/2012,13:30,5,1,4
15/11/2012,13:45,8,4,4
15/11/2012,14:00,10,4,6
15/11/2012,14:15,8,3,5
15/11/2012,14:30,8,4,4
15/11/2012,14:45,9,5,4
15/11/2012,15:00,10,3,7
15/11/2012,15:15,11,6,5
15/11/2012,15:30,10,3,7
15/11/2012,15:45,6,3,3
15/11/2012,16:00,9,6,3
15/11/2012,16:15,21,11,10
15/11/2012,16:30,19,13,6
15/11/2012,16:45,24,11,13
15/11/2012,17:00,24,17,7
15/11/2012,17:15,12,2,10
15/11/2012,17:30,19,6,13
15/11/2012,17:45,19,15,4
15/11/2012,18:00,10,6,4
15/11/2012,18:15,16,10,6
15/11/2012,18:30,9,5,4
15/11/2012,18:45,14,10,4
15/11/2012,19:00,11,8,3
15/11/2012,19:15,8,4,4
15/11/2012,19:30,9,5,4
15/11/2012,19:45,5,2,3
15/11/2012,20:00,2,0,2
15/11/2012,20:15,3,1,2
15/11/2012,20:30,2,2,0
15/11/2012,20:45,1,0,1
15/11/2012,21:00,1,1,0
15/11/2012,21:15,3,2,1
15/11/2012,21:30,1,1,0
15/11/2012,21:45,3,2,1
15/11/2012,22:00,1,1,0
15/11/2012,22:15,3,2,1
15/11/2012,22:30,0,0,0
15/11/2012,22:45,0,0,0
15/11/2012,23:00,0,0,0
15/11/2012,23:15,1,0,1
15/11/2012,23:30,1,1,0
15/11/2012,23:45,0,0,0
16/11/2012,00:00,1,1,0
16/11/2012,00:15,0,0,0
16/11/2012,00:30,0,0,0
16/11/2012,00:45,0,0,0
16/11/2012,01:00,0,0,0
16/11/2012,01:15,0,0,0
16/11/2012,01:30,0,0,0
16/11/2012,01:45,0,0,0
16/11/2012,02:00,1,1,0
16/11/2012,02:15,0,0,0
16/11/2012,02:30,0,0,0
16/11/2012,02:45,2,2,0
16/11/2012,03:00,1,1,0
16/11/2012,03:15,0,0,0
16/11/2012,03:30,2,2,0
16/11/2012,03:45,2,1,1
16/11/2012,04:00,0,0,0
16/11/2012,04:15,0,0,0
16/11/2012,04:30,2,2,0
16/11/2012,04:45,2,1,1
16/11/2012,05:00,1,1,0
16/11/2012,05:15,5,3,2
16/11/2012,05:30,5,2,3
16/11/2012,05:45,6,4,2
16/11/2012,06:00,11,6,5
16/11/2012,06:15,9,3,6
16/11/2012,06:30,11,4,7
16/11/2012,06:45,18,9,9
16/11/2012,07:00,17,4,13
16/11/2012,07:15,23,10,13
16/11/2012,07:30,19,13,6
16/11/2012,07:45,16,4,12
16/11/2012,08:00,14,5,9
16/11/2012,08:15,26,12,14
16/11/2012,08:30,27,21,6
16/11/2012,08:45,15,7,8
16/11/2012,09:00,6,3,3
16/11/2012,09:15,10,4,6
16/11/2012,09:30,12,7,5
16/11/2012,09:45,5,1,4
16/11/2012,10:00,13,12,1
16/11/2012,10:15,25,23,2
16/11/2012,10:30,22,20,2
16/11/2012,10:45,15,12,3
16/11/2012,11:00,49,47,2
16/11/2012,11:15,19,16,3
16/11/2012,11:30,31,26,5
16/11/2012,11:45,32,29,3
16/11/2012,12:00,25,22,3
16/11/2012,12:15,20,19,1
16/11/2012,12:30,13,12,1
16/11/2012,12:45,28,25,3
16/11/2012,13:00,23,21,2
16/11/2012,13:15,17,14,3
16/11/2012,13:30,12,4,8
16/11/2012,13:45,8,6,2
16/11/2012,14:00,12,8,4
16/11/2012,14:15,11,6,5
16/11/2012,14:30,15,8,7
16/11/2012,14:45,9,5,4
16/11/2012,15:00,18,5,13
16/11/2012,15:15,17,6,11
16/11/2012,15:30,15,8,7
16/11/2012,15:45,16,9,7
16/11/2012,16:00,20,3,17
16/11/2012,16:15,21,11,10
16/11/2012,16:30,18,14,4
16/11/2012,16:45,20,11,9
16/11/2012,17:00,21,12,9
16/11/2012,17:15,27,14,13
16/11/2012,17:30,18,9,9
16/11/2012,17:45,11,5,6
16/11/2012,18:00,17,10,7
16/11/2012,18:15,18,12,6
16/11/2012,18:30,12,6,6
16/11/2012,18:45,3,2,1
16/11/2012,19:00,6,2,4
16/11/2012,19:15,4,3,1
16/11/2012,19:30,3,2,1
16/11/2012,19:45,4,0,4
16/11/2012,20:00,4,2,2
16/11/2012,20:15,2,1,1
16/11/2012,20:30,3,1,2
16/11/2012,20:45,1,0,1
16/11/2012,21:00,3,1,2
16/11/2012,21:15,1,1,0
16/11/2012,21:30,2,2,0
16/11/2012,21:45,2,2,0
16/11/2012,22:00,1,0,1
16/11/2012,22:15,0,0,0
16/11/2012,22:30,2,0,2
16/11/2012,22:45,3,2,1
16/11/2012,23:00,1,0,1
16/11/2012,23:15,0,0,0
16/11/2012,23:30,0,0,0
16/11/2012,23:45,2,2,0
17/11/2012,00:00,1,1,0
17/11/2012,00:15,1,0,1
17/11/2012,00:30,1,1,0
17/11/2012,00:45,0,0,0
17/11/2012,01:00,1,1,0
17/11/2012,01:15,3,1,2
17/11/2012,01:30,0,0,0
17/11/2012,01:45,1,0,1
17/11/2012,02:00,0,0,0
17/11/2012,02:15,0,0,0
17/11/2012,02:30,0,0,0
17/11/2012,02:45,0,0,0
17/11/2012,03:00,0,0,0
17/11/2012,03:15,0,0,0
17/11/2012,03:30,1,1,0
17/11/2012,03:45,2,2,0
17/11/2012,04:00,0,0,0
17/11/2012,04:15,1,1,0
17/11/2012,04:30,1,1,0
17/11/2012,04:45,0,0,0
17/11/2012,05:00,2,2,0
17/11/2012,05:15,2,2,0
17/11/2012,05:30,3,2,1
17/11/2012,05:45,3,3,0
17/11/2012,06:00,0,0,0
17/11/2012,06:15,2,1,1
17/11/2012,06:30,4,2,2
17/11/2012,06:45,6,4,2
17/11/2012,07:00,6,2,4
17/11/2012,07:15,8,6,2
17/11/2012,07:30,7,5,2
17/11/2012,07:45,6,5,1
17/11/2012,08:00,11,8,3
17/11/2012,08:15,14,9,5
17/11/2012,08:30,20,15,5
17/11/2012,08:45,12,5,7
17/11/2012,09:00,14,9,5
17/11/2012,09:15,15,6,9
17/11/2012,09:30,19,14,5
17/11/2012,09:45,42,33,9
17/11/2012,10:00,57,47,10
17/11/2012,10:15,66,52,14
17/11/2012,10:30,56,46,10
17/11/2012,10:45,40,31,9
17/11/2012,11:00,57,44,13
17/11/2012,11:15,52,38,14
17/11/2012,11:30,74,62,12
17/11/2012,11:45,33,25,8
17/11/2012,12:00,68,54,14
17/11/2012,12:15,51,43,8
17/11/2012,12:30,64,48,16
17/11/2012,12:45,58,44,14
17/11/2012,13:00,56,29,27
17/11/2012,13:15,34,20,14
17/11/2012,13:30,39,19,20
17/11/2012,13:45,30,17,13
17/11/2012,14:00,27,13,14
17/11/2012,14:15,33,16,17
17/11/2012,14:30,32,13,19
17/11/2012,14:45,46,23,23
17/11/2012,15:00,20,12,8
17/11/2012,15:15,41,27,14
17/11/2012,15:30,34,18,16
17/11/2012,15:45,30,16,14
17/11/2012,16:00,26,12,14
17/11/2012,16:15,29,12,17
17/11/2012,16:30,19,6,13
17/11/2012,16:45,18,15,3
17/11/2012,17:00,13,3,10
17/11/2012,17:15,11,8,3
17/11/2012,17:30,4,1,3
17/11/2012,17:45,2,1,1
17/11/2012,18:00,5,3,2
17/11/2012,18:15,2,0,2
17/11/2012,18:30,3,0,3
17/11/2012,18:45,2,1,1
17/11/2012,19:00,2,0,2
17/11/2012,19:15,0,0,0
17/11/2012,19:30,2,1,1
17/11/2012,19:45,2,1,1
17/11/2012,20:00,2,0,2
17/11/2012,20:15,1,0,1
17/11/2012,20:30,0,0,0
17/11/2012,20:45,3,0,3
17/11/2012,21:00,0,0,0
17/11/2012,21:15,0,0,0
17/11/2012,21:30,1,0,1
17/11/2012,21:45,2,2,0
17/11/2012,22:00,2,0,2
17/11/2012,22:15,2,1,1
17/11/2012,22:30,1,0,1
17/11/2012,22:45,0,0,0
17/11/2012,23:00,1,0,1
17/11/2012,23:15,0,0,0
17/11/2012,23:30,0,0,0
17/11/2012,23:45,1,1,0
18/11/2012,00:00,2,1,1
18/11/2012,00:15,1,0,1
18/11/2012,00:30,0,0,0
18/11/2012,00:45,4,4,0
18/11/2012,01:00,2,0,2
18/11/2012,01:15,2,0,2
18/11/2012,01:30,0,0,0
18/11/2012,01:45,0,0,0
18/11/2012,02:00,2,0,2
18/11/2012,02:15,0,0,0
18/11/2012,02:30,0,0,0
18/11/2012,02:45,0,0,0
18/11/2012,03:00,2,1,1
18/11/2012,03:15,0,0,0
18/11/2012,03:30,0,0,0
18/11/2012,03:45,1,0,1
18/11/2012,04:00,0,0,0
18/11/2012,04:15,0,0,0
18/11/2012,04:30,1,1,0
18/11/2012,04:45,1,0,1
18/11/2012,05:00,0,0,0
18/11/2012,05:15,0,0,0
18/11/2012,05:30,1,1,0
18/11/2012,05:45,3,3,0
18/11/2012,06:00,1,1,0
18/11/2012,06:15,0,0,0
18/11/2012,06:30,1,1,0
18/11/2012,06:45,1,1,0
18/11/2012,07:00,2,1,1
18/11/2012,07:15,3,1,2
18/11/2012,07:30,4,3,1
18/11/2012,07:45,5,2,3
18/11/2012,08:00,10,7,3
18/11/2012,08:15,8,6,2
18/11/2012,08:30,18,11,7
18/11/2012,08:45,15,10,5
18/11/2012,09:00,14,10,4
18/11/2012,09:15,11,6,5
18/11/2012,09:30,14,3,11
18/11/2012,09:45,17,8,9
18/11/2012,10:00,15,6,9
18/11/2012,10:15,13,7,6
18/11/2012,10:30,12,6,6
18/11/2012,10:45,18,9,9
18/11/2012,11:00,15,9,6
18/11/2012,11:15,22,10,12
18/11/2012,11:30,23,10,13
18/11/2012,11:45,32,22,10
18/11/2012,12:00,15,5,10
18/11/2012,12:15,16,11,5
18/11/2012,12:30,29,12,17
18/11/2012,12:45,17,7,10
18/11/2012,13:00,24,11,13
18/11/2012,13:15,23,10,13
18/11/2012,13:30,25,11,14
18/11/2012,13:45,34,18,16
18/11/2012,14:00,25,11,14
18/11/2012,14:15,27,12,15
18/11/2012,14:30,23,10,13
18/11/2012,14:45,26,14,12
18/11/2012,15:00,27,12,15
18/11/2012,15:15,17,7,10
18/11/2012,15:30,27,12,15
18/11/2012,15:45,20,10,10
18/11/2012,16:00,13,5,8
18/11/2012,16:15,23,9,14
18/11/2012,16:30,20,11,9
18/11/2012,16:45,15,10,5
18/11/2012,17:00,13,7,6
18/11/2012,17:15,5,2,3
18/11/2012,17:30,4,2,2
18/11/2012,17:45,3,1,2
18/11/2012,18:00,2,0,2
18/11/2012,18:15,6,4,2
18/11/2012,18:30,3,1,2
18/11/2012,18:45,1,0,1
18/11/2012,19:00,0,0,0
18/11/2012,19:15,1,0,1
18/11/2012,19:30,1,0,1
18/11/2012,19:45,0,0,0
18/11/2012,20:00,1,0,1
18/11/2012,20:15,1,1,0
18/11/2012,20:30,2,0,2
18/11/2012,20:45,0,0,0
18/11/2012,21:00,0,0,0
18/11/2012,21:15,1,0,1
18/11/2012,21:30,0,0,0
18/11/2012,21:45,0,0,0
18/11/2012,22:00,0,0,0
18/11/2012,22:15,1,1,0
18/11/2012,22:30,1,0,1
18/11/2012,22:45,1,0,1
18/11/2012,23:00,0,0,0
18/11/2012,23:15,2,2,0
18/11/2012,23:30,0,0,0
18/11/2012,23:45,1,0,1
19/11/2012,00:00,0,0,0
19/11/2012,00:15,0,0,0
19/11/2012,00:30,0,0,0
19/11/2012,00:45,1,1,0
19/11/2012,01:00,0,0,0
19/11/2012,01:15,0,0,0
19/11/2012,01:30,0,0,0
19/11/2012,01:45,0,0,0
19/11/2012,02:00,0,0,0
19/11/2012,02:15,0,0,0
19/11/2012,02:30,1,1,0
19/11/2012,02:45,0,0,0
19/11/2012,03:00,0,0,0
19/11/2012,03:15,0,0,0
19/11/2012,03:30,0,0,0
19/11/2012,03:45,0,0,0
19/11/2012,04:00,1,1,0
19/11/2012,04:15,3,3,0
19/11/2012,04:30,0,0,0
19/11/2012,04:45,1,0,1
19/11/2012,05:00,2,0,2
19/11/2012,05:15,4,2,2
19/11/2012,05:30,6,3,3
19/11/2012,05:45,11,7,4
19/11/2012,06:00,8,5,3
19/11/2012,06:15,7,3,4
19/11/2012,06:30,11,4,7
19/11/2012,06:45,16,3,13
19/11/2012,07:00,7,2,5
19/11/2012,07:15,26,8,18
19/11/2012,07:30,18,6,12
19/11/2012,07:45,13,4,9
19/11/2012,08:00,17,6,11
19/11/2012,08:15,17,7,10
19/11/2012,08:30,19,7,12
19/11/2012,08:45,13,6,7
19/11/2012,09:00,13,6,7
19/11/2012,09:15,5,1,4
19/11/2012,09:30,9,3,6
19/11/2012,09:45,5,4,1
19/11/2012,10:00,5,3,2
19/11/2012,10:15,7,4,3
19/11/2012,10:30,5,2,3
19/11/2012,10:45,9,4,5
19/11/2012,11:00,8,4,4
19/11/2012,11:15,3,0,3
19/11/2012,11:30,2,0,2
19/11/2012,11:45,4,3,1
19/11/2012,12:00,2,2,0
19/11/2012,12:15,8,4,4
19/11/2012,12:30,5,2,3
19/11/2012,12:45,7,4,3
19/11/2012,13:00,11,8,3
19/11/2012,13:15,7,4,3
19/11/2012,13:30,10,5,5
19/11/2012,13:45,10,6,4
19/11/2012,14:00,6,4,2
19/11/2012,14:15,8,3,5
19/11/2012,14:30,9,7,2
19/11/2012,14:45,15,6,9
19/11/2012,15:00,11,2,9
19/11/2012,15:15,12,7,5
19/11/2012,15:30,10,8,2
19/11/2012,15:45,7,4,3
19/11/2012,16:00,21,8,13
19/11/2012,16:15,24,12,12
19/11/2012,16:30,14,9,5
19/11/2012,16:45,24,11,13
19/11/2012,17:00,22,10,12
19/11/2012,17:15,16,9,7
19/11/2012,17:30,16,6,10
19/11/2012,17:45,16,11,5
19/11/2012,18:00,12,3,9
19/11/2012,18:15,20,14,6
19/11/2012,18:30,9,5,4
19/11/2012,18:45,13,6,7
19/11/2012,19:00,4,2,2
19/11/2012,19:15,6,3,3
19/11/2012,19:30,4,1,3
19/11/2012,19:45,2,0,2
19/11/2012,20:00,4,3,1
19/11/2012,20:15,3,3,0
19/11/2012,20:30,2,2,0
19/11/2012,20:45,2,1,1
19/11/2012,21:00,0,0,0
19/11/2012,21:15,2,0,2
19/11/2012,21:30,5,3,2
19/11/2012,21:45,2,2,0
19/11/2012,22:00,1,1,0
19/11/2012,22:15,0,0,0
19/11/2012,22:30,2,1,1
19/11/2012,22:45,1,1,0
19/11/2012,23:00,1,0,1
19/11/2012,23:15,1,0,1
19/11/2012,23:30,0,0,0
19/11/2012,23:45,1,1,0
20/11/2012,00:00,0,0,0
20/11/2012,00:15,0,0,0
20/11/2012,00:30,0,0,0
20/11/2012,00:45,0,0,0
20/11/2012,01:00,0,0,0
20/11/2012,01:15,1,1,0
20/11/2012,01:30,2,2,0
20/11/2012,01:45,0,0,0
20/11/2012,02:00,0,0,0
20/11/2012,02:15,0,0,0
20/11/2012,02:30,0,0,0
20/11/2012,02:45,0,0,0
20/11/2012,03:00,0,0,0
20/11/2012,03:15,0,0,0
20/11/2012,03:30,1,1,0
20/11/2012,03:45,2,2,0
20/11/2012,04:00,0,0,0
20/11/2012,04:15,0,0,0
20/11/2012,04:30,0,0,0
20/11/2012,04:45,2,1,1
20/11/2012,05:00,1,0,1
20/11/2012,05:15,4,2,2
20/11/2012,05:30,8,5,3
20/11/2012,05:45,11,6,5
20/11/2012,06:00,11,5,6
20/11/2012,06:15,18,6,12
20/11/2012,06:30,13,1,12
20/11/2012,06:45,18,6,12
20/11/2012,07:00,17,4,13
20/11/2012,07:15,21,9,12
20/11/2012,07:30,24,10,14
20/11/2012,07:45,21,10,11
20/11/2012,08:00,26,7,19
20/11/2012,08:15,18,8,10
20/11/2012,08:30,10,6,4
20/11/2012,08:45,13,3,10
20/11/2012,09:00,10,6,4
20/11/2012,09:15,5,4,1
20/11/2012,09:30,9,1,8
20/11/2012,09:45,5,2,3
20/11/2012,10:00,6,2,4
20/11/2012,10:15,4,2,2
20/11/2012,10:30,11,7,4
20/11/2012,10:45,2,1,1
20/11/2012,11:00,11,7,4
20/11/2012,11:15,7,4,3
20/11/2012,11:30,6,2,4
20/11/2012,11:45,10,3,7
20/11/2012,12:00,4,0,4
20/11/2012,12:15,12,7,5
20/11/2012,12:30,3,2,1
20/11/2012,12:45,7,5,2
20/11/2012,13:00,7,4,3
20/11/2012,13:15,5,1,4
20/11/2012,13:30,13,5,8
20/11/2012,13:45,13,5,8
20/11/2012,14:00,8,3,5
20/11/2012,14:15,7,3,4
20/11/2012,14:30,8,1,7
20/11/2012,14:45,8,2,6
20/11/2012,15:00,10,4,6
20/11/2012,15:15,7,5,2
20/11/2012,15:30,10,3,7
20/11/2012,15:45,26,15,11
20/11/2012,16:00,22,13,9
20/11/2012,16:15,15,10,5
20/11/2012,16:30,19,11,8
20/11/2012,16:45,29,17,12
20/11/2012,17:00,23,13,10
20/11/2012,17:15,18,10,8
20/11/2012,17:30,16,8,8
20/11/2012,17:45,20,11,9
20/11/2012,18:00,19,14,5
20/11/2012,18:15,14,9,5
20/11/2012,18:30,12,7,5
20/11/2012,18:45,18,4,14
20/11/2012,19:00,10,8,2
20/11/2012,19:15,9,8,1
20/11/2012,19:30,6,2,4
20/11/2012,19:45,6,4,2
20/11/2012,20:00,5,2,3
20/11/2012,20:15,3,3,0
20/11/2012,20:30,4,3,1
20/11/2012,20:45,3,1,2
20/11/2012,21:00,1,0,1
20/11/2012,21:15,5,2,3
20/11/2012,21:30,0,0,0
20/11/2012,21:45,4,1,3
20/11/2012,22:00,3,1,2
20/11/2012,22:15,1,0,1
20/11/2012,22:30,2,1,1
20/11/2012,22:45,1,1,0
20/11/2012,23:00,0,0,0
20/11/2012,23:15,3,2,1
20/11/2012,23:30,1,1,0
20/11/2012,23:45,0,0,0
21/11/2012,00:00,1,1,0
21/11/2012,00:15,0,0,0
21/11/2012,00:30,0,0,0
21/11/2012,00:45,0,0,0
21/11/2012,01:00,4,2,2
21/11/2012,01:15,2,0,2
21/11/2012,01:30,0,0,0
21/11/2012,01:45,0,0,0
21/11/2012,02:00,0,0,0
21/11/2012,02:15,0,0,0
21/11/2012,02:30,0,0,0
21/11/2012,02:45,0,0,0
21/11/2012,03:00,0,0,0
21/11/2012,03:15,0,0,0
21/11/2012,03:30,2,1,1
21/11/2012,03:45,2,1,1
21/11/2012,04:00,1,1,0
21/11/2012,04:15,0,0,0
21/11/2012,04:30,0,0,0
21/11/2012,04:45,1,0,1
21/11/2012,05:00,4,2,2
21/11/2012,05:15,5,4,1
21/11/2012,05:30,5,2,3
21/11/2012,05:45,10,6,4
21/11/2012,06:00,14,8,6
21/11/2012,06:15,9,3,6
21/11/2012,06:30,10,1,9
21/11/2012,06:45,15,7,8
21/11/2012,07:00,17,8,9
21/11/2012,07:15,12,10,2
21/11/2012,07:30,17,8,9
21/11/2012,07:45,19,9,10
21/11/2012,08:00,19,7,12
21/11/2012,08:15,11,4,7
21/11/2012,08:30,13,8,5
21/11/2012,08:45,16,5,11
21/11/2012,09:00,8,4,4
21/11/2012,09:15,7,5,2
21/11/2012,09:30,7,4,3
21/11/2012,09:45,8,5,3
21/11/2012,10:00,11,8,3
21/11/2012,10:15,16,15,1
21/11/2012,10:30,23,22,1
21/11/2012,10:45,42,37,5
21/11/2012,11:00,16,13,3
21/11/2012,11:15,33,28,5
21/11/2012,11:30,30,21,9
21/11/2012,11:45,56,47,9
21/11/2012,12:00,55,49,6
21/11/2012,12:15,36,31,5
21/11/2012,12:30,35,25,10
21/11/2012,12:45,9,6,3
21/11/2012,13:00,35,32,3
21/11/2012,13:15,27,22,5
21/11/2012,13:30,47,31,16
21/11/2012,13:45,20,11,9
21/11/2012,14:00,20,12,8
21/11/2012,14:15,18,8,10
21/11/2012,14:30,27,17,10
21/11/2012,14:45,21,10,11
21/11/2012,15:00,30,18,12
21/11/2012,15:15,18,8,10
21/11/2012,15:30,19,14,5
21/11/2012,15:45,34,17,17
21/11/2012,16:00,33,22,11
21/11/2012,16:15,22,11,11
21/11/2012,16:30,26,13,13
21/11/2012,16:45,18,7,11
21/11/2012,17:00,22,10,12
21/11/2012,17:15,13,4,9
21/11/2012,17:30,14,6,8
21/11/2012,17:45,12,3,9
21/11/2012,18:00,11,7,4
21/11/2012,18:15,8,2,6
21/11/2012,18:30,3,2,1
21/11/2012,18:45,4,3,1
21/11/2012,19:00,3,1,2
21/11/2012,19:15,1,0,1
21/11/2012,19:30,2,2,0
21/11/2012,19:45,2,2,0
21/11/2012,20:00,2,1,1
21/11/2012,20:15,4,1,3
21/11/2012,20:30,2,1,1
21/11/2012,20:45,3,2,1
21/11/2012,21:00,0,0,0
21/11/2012,21:15,2,0,2
21/11/2012,21:30,4,1,3
21/11/2012,21:45,2,0,2
21/11/2012,22:00,1,1,0
21/11/2012,22:15,1,1,0
21/11/2012,22:30,0,0,0
21/11/2012,22:45,0,0,0
21/11/2012,23:00,0,0,0
21/11/2012,23:15,3,0,3
21/11/2012,23:30,0,0,0
21/11/2012,23:45,1,0,1
22/11/2012,00:00,1,0,1
22/11/2012,00:15,1,0,1
22/11/2012,00:30,0,0,0
22/11/2012,00:45,0,0,0
22/11/2012,01:00,0,0,0
22/11/2012,01:15,1,0,1
22/11/2012,01:30,0,0,0
22/11/2012,01:45,0,0,0
22/11/2012,02:00,0,0,0
22/11/2012,02:15,1,0,1
22/11/2012,02:30,1,1,0
22/11/2012,02:45,0,0,0
22/11/2012,03:00,0,0,0
22/11/2012,03:15,0,0,0
22/11/2012,03:30,1,1,0
22/11/2012,03:45,0,0,0
22/11/2012,04:00,1,1,0
22/11/2012,04:15,0,0,0
22/11/2012,04:30,0,0,0
22/11/2012,04:45,0,0,0
22/11/2012,05:00,1,0,1
22/11/2012,05:15,2,2,0
22/11/2012,05:30,0,0,0
22/11/2012,05:45,0,0,0
22/11/2012,06:00,4,1,3
22/11/2012,06:15,2,1,1
22/11/2012,06:30,1,0,1
22/11/2012,06:45,3,2,1
22/11/2012,07:00,2,2,0
22/11/2012,07:15,3,1,2
22/11/2012,07:30,10,5,5
22/11/2012,07:45,9,7,2
22/11/2012,08:00,9,4,5
22/11/2012,08:15,11,6,5
22/11/2012,08:30,13,7,6
22/11/2012,08:45,20,16,4
22/11/2012,09:00,19,15,4
22/11/2012,09:15,10,5,5
22/11/2012,09:30,12,8,4
22/11/2012,09:45,23,14,9
22/11/2012,10:00,32,21,11
22/11/2012,10:15,43,34,9
22/11/2012,10:30,20,14,6
22/11/2012,10:45,60,48,12
22/11/2012,11:00,32,20,12
22/11/2012,11:15,36,29,7
22/11/2012,11:30,48,22,26
22/11/2012,11:45,58,41,17
22/11/2012,12:00,42,28,14
22/11/2012,12:15,69,54,15
22/11/2012,12:30,46,42,4
22/11/2012,12:45,34,25,9
22/11/2012,13:00,37,20,17
22/11/2012,13:15,32,22,10
22/11/2012,13:30,26,11,15
22/11/2012,13:45,26,11,15
22/11/2012,14:00,16,8,8
22/11/2012,14:15,13,4,9
22/11/2012,14:30,9,5,4
22/11/2012,14:45,14,11,3
22/11/2012,15:00,14,11,3
22/11/2012,15:15,24,8,16
22/11/2012,15:30,11,9,2
22/11/2012,15:45,9,8,1
22/11/2012,16:00,16,3,13
22/11/2012,16:15,16,7,9
22/11/2012,16:30,7,5,2
22/11/2012,16:45,14,7,7
22/11/2012,17:00,7,1,6
22/11/2012,17:15,7,4,3
22/11/2012,17:30,2,1,1
22/11/2012,17:45,3,0,3
22/11/2012,18:00,2,2,0
22/11/2012,18:15,1,0,1
22/11/2012,18:30,2,1,1
22/11/2012,18:45,1,1,0
22/11/2012,19:00,3,3,0
22/11/2012,19:15,0,0,0
22/11/2012,19:30,3,1,2
22/11/2012,19:45,2,0,2
22/11/2012,20:00,0,0,0
22/11/2012,20:15,2,1,1
22/11/2012,20:30,2,2,0
22/11/2012,20:45,1,1,0
22/11/2012,21:00,1,1,0
22/11/2012,21:15,0,0,0
22/11/2012,21:30,1,1,0
22/11/2012,21:45,0,0,0
22/11/2012,22:00,2,1,1
22/11/2012,22:15,0,0,0
22/11/2012,22:30,0,0,0
22/11/2012,22:45,0,0,0
22/11/2012,23:00,0,0,0
22/11/2012,23:15,0,0,0
22/11/2012,23:30,1,1,0
22/11/2012,23:45,0,0,0
23/11/2012,00:00,0,0,0
23/11/2012,00:15,0,0,0
23/11/2012,00:30,0,0,0
23/11/2012,00:45,0,0,0
23/11/2012,01:00,0,0,0
23/11/2012,01:15,1,0,1
23/11/2012,01:30,0,0,0
23/11/2012,01:45,0,0,0
23/11/2012,02:00,0,0,0
23/11/2012,02:15,0,0,0
23/11/2012,02:30,0,0,0
23/11/2012,02:45,0,0,0
23/11/2012,03:00,0,0,0
23/11/2012,03:15,0,0,0
23/11/2012,03:30,0,0,0
23/11/2012,03:45,1,0,1
23/11/2012,04:00,1,0,1
23/11/2012,04:15,1,1,0
23/11/2012,04:30,2,2,0
23/11/2012,04:45,1,0,1
23/11/2012,05:00,0,0,0
23/11/2012,05:15,1,1,0
23/11/2012,05:30,3,3,0
23/11/2012,05:45,4,4,0
23/11/2012,06:00,3,3,0
23/11/2012,06:15,2,1,1
23/11/2012,06:30,4,2,2
23/11/2012,06:45,4,3,1
23/11/2012,07:00,5,2,3
23/11/2012,07:15,8,4,4
23/11/2012,07:30,5,2,3
23/11/2012,07:45,8,5,3
23/11/2012,08:00,5,1,4
23/11/2012,08:15,9,6,3
23/11/2012,08:30,14,8,6
23/11/2012,08:45,10,6,4
23/11/2012,09:00,6,5,1
23/11/2012,09:15,4,0,4
23/11/2012,09:30,14,5,9
23/11/2012,09:45,7,2,5
23/11/2012,10:00,12,4,8
23/11/2012,10:15,7,3,4
23/11/2012,10:30,9,3,6
23/11/2012,10:45,21,13,8
23/11/2012,11:00,12,8,4
23/11/2012,11:15,25,14,11
23/11/2012,11:30,21,14,7
23/11/2012,11:45,24,19,5
23/11/2012,12:00,36,20,16
23/11/2012,12:15,23,8,15
23/11/2012,12:30,42,15,27
23/11/2012,12:45,23,16,7
23/11/2012,13:00,24,14,10
23/11/2012,13:15,22,10,12
23/11/2012,13:30,32,13,19
23/11/2012,13:45,31,16,15
23/11/2012,14:00,25,10,15
23/11/2012,14:15,31,15,16
23/11/2012,14:30,44,21,23
23/11/2012,14:45,28,12,16
23/11/2012,15:00,36,14,22
23/11/2012,15:15,31,19,12
23/11/2012,15:30,24,15,9
23/11/2012,15:45,24,12,12
23/11/2012,16:00,29,19,10
23/11/2012,16:15,20,9,11
23/11/2012,16:30,26,18,8
23/11/2012,16:45,18,10,8
23/11/2012,17:00,6,3,3
23/11/2012,17:15,7,5,2
23/11/2012,17:30,6,2,4
23/11/2012,17:45,10,7,3
23/11/2012,18:00,7,1,6
23/11/2012,18:15,1,0,1
23/11/2012,18:30,5,3,2
23/11/2012,18:45,3,1,2
23/11/2012,19:00,2,0,2
23/11/2012,19:15,1,0,1
23/11/2012,19:30,1,1,0
23/11/2012,19:45,3,0,3
23/11/2012,20:00,2,1,1
23/11/2012,20:15,0,0,0
23/11/2012,20:30,1,0,1
23/11/2012,20:45,5,2,3
23/11/2012,21:00,1,0,1
23/11/2012,21:15,0,0,0
23/11/2012,21:30,2,2,0
23/11/2012,21:45,5,2,3
23/11/2012,22:00,4,2,2
23/11/2012,22:15,2,0,2
23/11/2012,22:30,0,0,0
23/11/2012,22:45,1,0,1
23/11/2012,23:00,1,0,1
23/11/2012,23:15,1,1,0
23/11/2012,23:30,0,0,0
23/11/2012,23:45,1,1,0
24/11/2012,00:00,1,0,1
24/11/2012,00:15,0,0,0
24/11/2012,00:30,0,0,0
24/11/2012,00:45,1,1,0
24/11/2012,01:00,0,0,0
24/11/2012,01:15,1,1,0
24/11/2012,01:30,0,0,0
24/11/2012,01:45,0,0,0
24/11/2012,02:00,0,0,0
24/11/2012,02:15,0,0,0
24/11/2012,02:30,0,0,0
24/11/2012,02:45,0,0,0
24/11/2012,03:00,0,0,0
24/11/2012,03:15,0,0,0
24/11/2012,03:30,0,0,0
24/11/2012,03:45,0,0,0
24/11/2012,04:00,0,0,0
24/11/2012,04:15,0,0,0
24/11/2012,04:30,0,0,0
24/11/2012,04:45,0,0,0
24/11/2012,05:00,0,0,0
24/11/2012,05:15,1,1,0
24/11/2012,05:30,2,2,0
24/11/2012,05:45,7,5,2
24/11/2012,06:00,3,3,0
24/11/2012,06:15,4,3,1
24/11/2012,06:30,1,0,1
24/11/2012,06:45,1,1,0
24/11/2012,07:00,2,0,2
24/11/2012,07:15,3,3,0
24/11/2012,07:30,6,5,1
24/11/2012,07:45,11,6,5
24/11/2012,08:00,9,7,2
24/11/2012,08:15,7,5,2
24/11/2012,08:30,8,5,3
24/11/2012,08:45,13,7,6
24/11/2012,09:00,13,6,7
24/11/2012,09:15,11,7,4
24/11/2012,09:30,9,4,5
24/11/2012,09:45,14,8,6
24/11/2012,10:00,9,3,6
24/11/2012,10:15,13,9,4
24/11/2012,10:30,8,4,4
24/11/2012,10:45,9,3,6
24/11/2012,11:00,11,3,8
24/11/2012,11:15,11,5,6
24/11/2012,11:30,12,6,6
24/11/2012,11:45,6,3,3
24/11/2012,12:00,13,3,10
24/11/2012,12:15,8,4,4
24/11/2012,12:30,12,4,8
24/11/2012,12:45,18,2,16
24/11/2012,13:00,9,3,6
24/11/2012,13:15,14,1,13
24/11/2012,13:30,5,3,2
24/11/2012,13:45,8,2,6
24/11/2012,14:00,15,8,7
24/11/2012,14:15,7,4,3
24/11/2012,14:30,8,5,3
24/11/2012,14:45,10,3,7
24/11/2012,15:00,4,3,1
24/11/2012,15:15,7,0,7
24/11/2012,15:30,7,5,2
24/11/2012,15:45,3,0,3
24/11/2012,16:00,11,4,7
24/11/2012,16:15,6,2,4
24/11/2012,16:30,3,3,0
24/11/2012,16:45,7,2,5
24/11/2012,17:00,4,1,3
24/11/2012,17:15,3,1,2
24/11/2012,17:30,4,1,3
24/11/2012,17:45,2,0,2
24/11/2012,18:00,3,1,2
24/11/2012,18:15,3,1,2
24/11/2012,18:30,0,0,0
24/11/2012,18:45,0,0,0
24/11/2012,19:00,0,0,0
24/11/2012,19:15,0,0,0
24/11/2012,19:30,1,1,0
24/11/2012,19:45,2,0,2
24/11/2012,20:00,0,0,0
24/11/2012,20:15,5,3,2
24/11/2012,20:30,1,0,1
24/11/2012,20:45,1,1,0
24/11/2012,21:00,0,0,0
24/11/2012,21:15,0,0,0
24/11/2012,21:30,3,3,0
24/11/2012,21:45,2,2,0
24/11/2012,22:00,2,0,2
24/11/2012,22:15,0,0,0
24/11/2012,22:30,0,0,0
24/11/2012,22:45,1,1,0
24/11/2012,23:00,0,0,0
24/11/2012,23:15,0,0,0
24/11/2012,23:30,0,0,0
24/11/2012,23:45,1,1,0
25/11/2012,00:00,1,0,1
25/11/2012,00:15,0,0,0
25/11/2012,00:30,0,0,0
25/11/2012,00:45,1,1,0
25/11/2012,01:00,0,0,0
25/11/2012,01:15,0,0,0
25/11/2012,01:30,0,0,0
25/11/2012,01:45,1,1,0
25/11/2012,02:00,0,0,0
25/11/2012,02:15,1,1,0
25/11/2012,02:30,0,0,0
25/11/2012,02:45,0,0,0
25/11/2012,03:00,0,0,0
25/11/2012,03:15,1,1,0
25/11/2012,03:30,0,0,0
25/11/2012,03:45,0,0,0
25/11/2012,04:00,0,0,0
25/11/2012,04:15,0,0,0
25/11/2012,04:30,1,0,1
25/11/2012,04:45,0,0,0
25/11/2012,05:00,0,0,0
25/11/2012,05:15,1,0,1
25/11/2012,05:30,0,0,0
25/11/2012,05:45,0,0,0
25/11/2012,06:00,0,0,0
25/11/2012,06:15,0,0,0
25/11/2012,06:30,1,0,1
25/11/2012,06:45,1,1,0
25/11/2012,07:00,3,3,0
25/11/2012,07:15,1,1,0
25/11/2012,07:30,3,2,1
25/11/2012,07:45,4,3,1
25/11/2012,08:00,3,1,2
25/11/2012,08:15,8,3,5
25/11/2012,08:30,7,4,3
25/11/2012,08:45,13,6,7
25/11/2012,09:00,10,5,5
25/11/2012,09:15,10,4,6
25/11/2012,09:30,13,10,3
25/11/2012,09:45,6,2,4
25/11/2012,10:00,7,3,4
25/11/2012,10:15,7,3,4
25/11/2012,10:30,10,5,5
25/11/2012,10:45,9,4,5
25/11/2012,11:00,12,7,5
25/11/2012,11:15,13,7,6
25/11/2012,11:30,11,4,7
25/11/2012,11:45,23,15,8
25/11/2012,12:00,7,2,5
25/11/2012,12:15,12,8,4
25/11/2012,12:30,10,6,4
25/11/2012,12:45,14,7,7
25/11/2012,13:00,19,6,13
25/11/2012,13:15,13,3,10
25/11/2012,13:30,10,3,7
25/11/2012,13:45,17,6,11
25/11/2012,14:00,19,8,11
25/11/2012,14:15,22,9,13
25/11/2012,14:30,22,13,9
25/11/2012,14:45,17,6,11
25/11/2012,15:00,10,4,6
25/11/2012,15:15,13,8,5
25/11/2012,15:30,18,10,8
25/11/2012,15:45,9,6,3
25/11/2012,16:00,14,3,11
25/11/2012,16:15,9,4,5
25/11/2012,16:30,16,8,8
25/11/2012,16:45,7,4,3
25/11/2012,17:00,7,4,3
25/11/2012,17:15,4,2,2
25/11/2012,17:30,6,5,1
25/11/2012,17:45,0,0,0
25/11/2012,18:00,3,0,3
25/11/2012,18:15,4,2,2
25/11/2012,18:30,2,1,1
25/11/2012,18:45,0,0,0
25/11/2012,19:00,1,0,1
25/11/2012,19:15,1,0,1
25/11/2012,19:30,1,1,0
25/11/2012,19:45,2,1,1
25/11/2012,20:00,0,0,0
25/11/2012,20:15,3,1,2
25/11/2012,20:30,1,1,0
25/11/2012,20:45,0,0,0
25/11/2012,21:00,3,0,3
25/11/2012,21:15,1,0,1
25/11/2012,21:30,1,1,0
25/11/2012,21:45,1,0,1
25/11/2012,22:00,0,0,0
25/11/2012,22:15,1,0,1
25/11/2012,22:30,2,1,1
25/11/2012,22:45,1,0,1
25/11/2012,23:00,2,1,1
25/11/2012,23:15,0,0,0
25/11/2012,23:30,0,0,0
25/11/2012,23:45,0,0,0
26/11/2012,00:00,1,1,0
26/11/2012,00:15,0,0,0
26/11/2012,00:30,1,0,1
26/11/2012,00:45,0,0,0
26/11/2012,01:00,1,0,1
26/11/2012,01:15,2,1,1
26/11/2012,01:30,0,0,0
26/11/2012,01:45,0,0,0
26/11/2012,02:00,0,0,0
26/11/2012,02:15,0,0,0
26/11/2012,02:30,0,0,0
26/11/2012,02:45,0,0,0
26/11/2012,03:00,0,0,0
26/11/2012,03:15,0,0,0
26/11/2012,03:30,0,0,0
26/11/2012,03:45,2,2,0
26/11/2012,04:00,1,1,0
26/11/2012,04:15,0,0,0
26/11/2012,04:30,0,0,0
26/11/2012,04:45,1,0,1
26/11/2012,05:00,3,0,3
26/11/2012,05:15,8,3,5
26/11/2012,05:30,6,3,3
26/11/2012,05:45,11,7,4
26/11/2012,06:00,10,4,6
26/11/2012,06:15,2,0,2
26/11/2012,06:30,11,4,7
26/11/2012,06:45,13,3,10
26/11/2012,07:00,12,4,8
26/11/2012,07:15,14,4,10
26/11/2012,07:30,17,8,9
26/11/2012,07:45,17,6,11
26/11/2012,08:00,13,7,6
26/11/2012,08:15,17,6,11
26/11/2012,08:30,10,6,4
26/11/2012,08:45,12,5,7
26/11/2012,09:00,11,8,3
26/11/2012,09:15,7,2,5
26/11/2012,09:30,9,4,5
26/11/2012,09:45,8,3,5
26/11/2012,10:00,3,2,1
26/11/2012,10:15,15,10,5
26/11/2012,10:30,5,1,4
26/11/2012,10:45,5,2,3
26/11/2012,11:00,11,7,4
26/11/2012,11:15,15,13,2
26/11/2012,11:30,26,20,6
26/11/2012,11:45,5,3,2
26/11/2012,12:00,5,1,4
26/11/2012,12:15,10,8,2
26/11/2012,12:30,13,9,4
26/11/2012,12:45,17,11,6
26/11/2012,13:00,15,9,6
26/11/2012,13:15,6,3,3
26/11/2012,13:30,25,14,11
26/11/2012,13:45,5,2,3
26/11/2012,14:00,9,4,5
26/11/2012,14:15,8,3,5
26/11/2012,14:30,15,4,11
26/11/2012,14:45,12,8,4
26/11/2012,15:00,9,6,3
26/11/2012,15:15,22,6,16
26/11/2012,15:30,9,6,3
26/11/2012,15:45,10,4,6
26/11/2012,16:00,27,13,14
26/11/2012,16:15,11,5,6
26/11/2012,16:30,18,12,6
26/11/2012,16:45,14,7,7
26/11/2012,17:00,25,13,12
26/11/2012,17:15,18,11,7
26/11/2012,17:30,27,21,6
26/11/2012,17:45,23,15,8
26/11/2012,18:00,15,2,13
26/11/2012,18:15,15,8,7
26/11/2012,18:30,10,6,4
26/11/2012,18:45,7,6,1
26/11/2012,19:00,7,1,6
26/11/2012,19:15,9,6,3
26/11/2012,19:30,4,1,3
26/11/2012,19:45,2,1,1
26/11/2012,20:00,1,1,0
26/11/2012,20:15,4,1,3
26/11/2012,20:30,3,3,0
26/11/2012,20:45,2,2,0
26/11/2012,21:00,1,1,0
26/11/2012,21:15,3,2,1
26/11/2012,21:30,2,0,2
26/11/2012,21:45,3,2,1
26/11/2012,22:00,0,0,0
26/11/2012,22:15,2,0,2
26/11/2012,22:30,1,0,1
26/11/2012,22:45,6,4,2
26/11/2012,23:00,2,1,1
26/11/2012,23:15,3,0,3
26/11/2012,23:30,0,0,0
26/11/2012,23:45,0,0,0
27/11/2012,00:00,1,0,1
27/11/2012,00:15,1,1,0
27/11/2012,00:30,1,0,1
27/11/2012,00:45,0,0,0
27/11/2012,01:00,0,0,0
27/11/2012,01:15,0,0,0
27/11/2012,01:30,0,0,0
27/11/2012,01:45,0,0,0
27/11/2012,02:00,0,0,0
27/11/2012,02:15,0,0,0
27/11/2012,02:30,0,0,0
27/11/2012,02:45,0,0,0
27/11/2012,03:00,0,0,0
27/11/2012,03:15,0,0,0
27/11/2012,03:30,0,0,0
27/11/2012,03:45,1,1,0
27/11/2012,04:00,1,1,0
27/11/2012,04:15,0,0,0
27/11/2012,04:30,1,1,0
27/11/2012,04:45,1,0,1
27/11/2012,05:00,3,1,2
27/11/2012,05:15,5,5,0
27/11/2012,05:30,6,2,4
27/11/2012,05:45,6,5,1
27/11/2012,06:00,8,4,4
27/11/2012,06:15,8,2,6
27/11/2012,06:30,4,4,0
27/11/2012,06:45,6,3,3
27/11/2012,07:00,9,2,7
27/11/2012,07:15,12,4,8
27/11/2012,07:30,9,3,6
27/11/2012,07:45,10,2,8
27/11/2012,08:00,10,5,5
27/11/2012,08:15,10,6,4
27/11/2012,08:30,3,2,1
27/11/2012,08:45,9,4,5
27/11/2012,09:00,5,3,2
27/11/2012,09:15,3,2,1
27/11/2012,09:30,5,1,4
27/11/2012,09:45,5,5,0
27/11/2012,10:00,10,1,9
27/11/2012,10:15,3,0,3
27/11/2012,10:30,7,1,6
27/11/2012,10:45,4,1,3
27/11/2012,11:00,3,2,1
27/11/2012,11:15,6,1,5
27/11/2012,11:30,2,1,1
27/11/2012,11:45,3,1,2
27/11/2012,12:00,3,1,2
27/11/2012,12:15,5,3,2
27/11/2012,12:30,0,0,0
27/11/2012,12:45,3,1,2
27/11/2012,13:00,0,0,0
27/11/2012,13:15,1,1,0
27/11/2012,13:30,2,0,2
27/11/2012,13:45,5,2,3
27/11/2012,14:00,0,0,0
27/11/2012,14:15,2,2,0
27/11/2012,14:30,8,0,8
27/11/2012,14:45,7,3,4
27/11/2012,15:00,5,2,3
27/11/2012,15:15,1,0,1
27/11/2012,15:30,5,2,3
27/11/2012,15:45,10,5,5
27/11/2012,16:00,7,2,5
27/11/2012,16:15,6,3,3
27/11/2012,16:30,5,2,3
27/11/2012,16:45,10,7,3
27/11/2012,17:00,10,5,5
27/11/2012,17:15,11,4,7
27/11/2012,17:30,9,8,1
27/11/2012,17:45,11,5,6
27/11/2012,18:00,7,2,5
27/11/2012,18:15,11,5,6
27/11/2012,18:30,3,2,1
27/11/2012,18:45,4,2,2
27/11/2012,19:00,5,4,1
27/11/2012,19:15,6,2,4
27/11/2012,19:30,3,2,1
27/11/2012,19:45,3,1,2
27/11/2012,20:00,1,0,1
27/11/2012,20:15,3,3,0
27/11/2012,20:30,0,0,0
27/11/2012,20:45,3,0,3
27/11/2012,21:00,2,2,0
27/11/2012,21:15,2,1,1
27/11/2012,21:30,0,0,0
27/11/2012,21:45,2,1,1
27/11/2012,22:00,0,0,0
27/11/2012,22:15,0,0,0
27/11/2012,22:30,0,0,0
27/11/2012,22:45,1,0,1
27/11/2012,23:00,0,0,0
27/11/2012,23:15,1,0,1
27/11/2012,23:30,0,0,0
27/11/2012,23:45,0,0,0
28/11/2012,00:00,0,0,0
28/11/2012,00:15,0,0,0
28/11/2012,00:30,1,0,1
28/11/2012,00:45,0,0,0
28/11/2012,01:00,1,1,0
28/11/2012,01:15,1,1,0
28/11/2012,01:30,2,1,1
28/11/2012,01:45,0,0,0
28/11/2012,02:00,0,0,0
28/11/2012,02:15,0,0,0
28/11/2012,02:30,1,1,0
28/11/2012,02:45,0,0,0
28/11/2012,03:00,0,0,0
28/11/2012,03:15,0,0,0
28/11/2012,03:30,0,0,0
28/11/2012,03:45,1,0,1
28/11/2012,04:00,2,2,0
28/11/2012,04:15,1,1,0
28/11/2012,04:30,2,2,0
28/11/2012,04:45,0,0,0
28/11/2012,05:00,1,0,1
28/11/2012,05:15,4,4,0
28/11/2012,05:30,5,1,4
28/11/2012,05:45,10,4,6
28/11/2012,06:00,11,5,6
28/11/2012,06:15,9,6,3
28/11/2012,06:30,11,6,5
28/11/2012,06:45,14,5,9
28/11/2012,07:00,22,9,13
28/11/2012,07:15,16,4,12
28/11/2012,07:30,14,6,8
28/11/2012,07:45,21,7,14
28/11/2012,08:00,19,11,8
28/11/2012,08:15,10,2,8
28/11/2012,08:30,9,3,6
28/11/2012,08:45,14,5,9
28/11/2012,09:00,9,5,4
28/11/2012,09:15,5,2,3
28/11/2012,09:30,5,2,3
28/11/2012,09:45,7,4,3
28/11/2012,10:00,9,6,3
28/11/2012,10:15,2,1,1
28/11/2012,10:30,2,1,1
28/11/2012,10:45,0,0,0
28/11/2012,11:00,5,2,3
28/11/2012,11:15,4,2,2
28/11/2012,11:30,9,4,5
28/11/2012,11:45,8,4,4
28/11/2012,12:00,5,4,1
28/11/2012,12:15,7,2,5
28/11/2012,12:30,12,5,7
28/11/2012,12:45,7,1,6
28/11/2012,13:00,5,3,2
28/11/2012,13:15,7,2,5
28/11/2012,13:30,4,3,1
28/11/2012,13:45,7,3,4
28/11/2012,14:00,4,2,2
28/11/2012,14:15,8,6,2
28/11/2012,14:30,14,3,11
28/11/2012,14:45,10,5,5
28/11/2012,15:00,6,2,4
28/11/2012,15:15,7,5,2
28/11/2012,15:30,10,4,6
28/11/2012,15:45,11,3,8
28/11/2012,16:00,12,2,10
28/11/2012,16:15,10,5,5
28/11/2012,16:30,16,8,8
28/11/2012,16:45,24,13,11
28/11/2012,17:00,17,9,8
28/11/2012,17:15,12,7,5
28/11/2012,17:30,17,10,7
28/11/2012,17:45,15,9,6
28/11/2012,18:00,11,6,5
28/11/2012,18:15,19,9,10
28/11/2012,18:30,12,7,5
28/11/2012,18:45,10,8,2
28/11/2012,19:00,8,5,3
28/11/2012,19:15,6,3,3
28/11/2012,19:30,4,2,2
28/11/2012,19:45,5,5,0
28/11/2012,20:00,3,1,2
28/11/2012,20:15,2,2,0
28/11/2012,20:30,3,2,1
28/11/2012,20:45,1,1,0
28/11/2012,21:00,0,0,0
28/11/2012,21:15,1,1,0
28/11/2012,21:30,2,0,2
28/11/2012,21:45,3,2,1
28/11/2012,22:00,2,1,1
28/11/2012,22:15,0,0,0
28/11/2012,22:30,2,1,1
28/11/2012,22:45,0,0,0
28/11/2012,23:00,0,0,0
28/11/2012,23:15,3,2,1
28/11/2012,23:30,0,0,0
28/11/2012,23:45,1,0,1
29/11/2012,00:00,0,0,0
29/11/2012,00:15,0,0,0
29/11/2012,00:30,1,1,0
29/11/2012,00:45,0,0,0
29/11/2012,01:00,0,0,0
29/11/2012,01:15,1,0,1
29/11/2012,01:30,1,1,0
29/11/2012,01:45,0,0,0
29/11/2012,02:00,0,0,0
29/11/2012,02:15,0,0,0
29/11/2012,02:30,0,0,0
29/11/2012,02:45,1,0,1
29/11/2012,03:00,0,0,0
29/11/2012,03:15,0,0,0
29/11/2012,03:30,0,0,0
29/11/2012,03:45,1,1,0
29/11/2012,04:00,4,2,2
29/11/2012,04:15,1,1,0
29/11/2012,04:30,0,0,0
29/11/2012,04:45,0,0,0
29/11/2012,05:00,4,0,4
29/11/2012,05:15,7,4,3
29/11/2012,05:30,3,2,1
29/11/2012,05:45,4,1,3
29/11/2012,06:00,7,4,3
29/11/2012,06:15,9,8,1
29/11/2012,06:30,7,3,4
29/11/2012,06:45,15,6,9
29/11/2012,07:00,14,3,11
29/11/2012,07:15,16,6,10
29/11/2012,07:30,13,4,9
29/11/2012,07:45,22,9,13
29/11/2012,08:00,15,7,8
29/11/2012,08:15,15,6,9
29/11/2012,08:30,13,3,10
29/11/2012,08:45,13,6,7
29/11/2012,09:00,6,3,3
29/11/2012,09:15,7,3,4
29/11/2012,09:30,6,2,4
29/11/2012,09:45,12,3,9
29/11/2012,10:00,8,3,5
29/11/2012,10:15,3,2,1
29/11/2012,10:30,7,4,3
29/11/2012,10:45,4,1,3
29/11/2012,11:00,7,3,4
29/11/2012,11:15,3,0,3
29/11/2012,11:30,5,2,3
29/11/2012,11:45,10,3,7
29/11/2012,12:00,3,3,0
29/11/2012,12:15,11,8,3
29/11/2012,12:30,9,5,4
29/11/2012,12:45,18,13,5
29/11/2012,13:00,9,8,1
29/11/2012,13:15,11,6,5
29/11/2012,13:30,10,3,7
29/11/2012,13:45,12,5,7
29/11/2012,14:00,14,5,9
29/11/2012,14:15,9,3,6
29/11/2012,14:30,7,3,4
29/11/2012,14:45,11,6,5
29/11/2012,15:00,6,1,5
29/11/2012,15:15,13,7,6
29/11/2012,15:30,14,6,8
29/11/2012,15:45,13,4,9
29/11/2012,16:00,20,9,11
29/11/2012,16:15,19,6,13
29/11/2012,16:30,18,11,7
29/11/2012,16:45,13,8,5
29/11/2012,17:00,21,13,8
29/11/2012,17:15,15,8,7
29/11/2012,17:30,11,8,3
29/11/2012,17:45,19,8,11
29/11/2012,18:00,18,8,10
29/11/2012,18:15,14,8,6
29/11/2012,18:30,9,7,2
29/11/2012,18:45,12,10,2
29/11/2012,19:00,8,4,4
29/11/2012,19:15,6,3,3
29/11/2012,19:30,4,1,3
29/11/2012,19:45,5,3,2
29/11/2012,20:00,2,2,0
29/11/2012,20:15,4,4,0
29/11/2012,20:30,3,2,1
29/11/2012,20:45,2,2,0
29/11/2012,21:00,1,1,0
29/11/2012,21:15,2,1,1
29/11/2012,21:30,0,0,0
29/11/2012,21:45,1,1,0
29/11/2012,22:00,0,0,0
29/11/2012,22:15,0,0,0
29/11/2012,22:30,0,0,0
29/11/2012,22:45,0,0,0
29/11/2012,23:00,0,0,0
29/11/2012,23:15,2,0,2
29/11/2012,23:30,2,1,1
29/11/2012,23:45,0,0,0
30/11/2012,00:00,2,1,1
30/11/2012,00:15,1,0,1
30/11/2012,00:30,0,0,0
30/11/2012,00:45,0,0,0
30/11/2012,01:00,0,0,0
30/11/2012,01:15,0,0,0
30/11/2012,01:30,1,1,0
30/11/2012,01:45,0,0,0
30/11/2012,02:00,0,0,0
30/11/2012,02:15,0,0,0
30/11/2012,02:30,0,0,0
30/11/2012,02:45,0,0,0
30/11/2012,03:00,1,1,0
30/11/2012,03:15,0,0,0
30/11/2012,03:30,0,0,0
30/11/2012,03:45,2,1,1
30/11/2012,04:00,1,1,0
30/11/2012,04:15,1,1,0
30/11/2012,04:30,0,0,0
30/11/2012,04:45,3,2,1
30/11/2012,05:00,1,1,0
30/11/2012,05:15,4,2,2
30/11/2012,05:30,5,0,5
30/11/2012,05:45,12,6,6
30/11/2012,06:00,4,1,3
30/11/2012,06:15,5,4,1
30/11/2012,06:30,10,5,5
30/11/2012,06:45,13,6,7
30/11/2012,07:00,12,4,8
30/11/2012,07:15,23,8,15
30/11/2012,07:30,14,8,6
30/11/2012,07:45,17,10,7
30/11/2012,08:00,18,10,8
30/11/2012,08:15,11,4,7
30/11/2012,08:30,11,3,8
30/11/2012,08:45,16,8,8
30/11/2012,09:00,6,0,6
30/11/2012,09:15,8,4,4
30/11/2012,09:30,11,3,8
30/11/2012,09:45,8,6,2
30/11/2012,10:00,5,2,3
30/11/2012,10:15,5,1,4
30/11/2012,10:30,6,1,5
30/11/2012,10:45,8,4,4
30/11/2012,11:00,5,2,3
30/11/2012,11:15,8,5,3
30/11/2012,11:30,8,3,5
30/11/2012,11:45,4,0,4
30/11/2012,12:00,4,2,2
30/11/2012,12:15,4,2,2
30/11/2012,12:30,4,2,2
30/11/2012,12:45,8,5,3
30/11/2012,13:00,10,7,3
30/11/2012,13:15,8,3,5
30/11/2012,13:30,5,3,2
30/11/2012,13:45,10,4,6
30/11/2012,14:00,7,4,3
30/11/2012,14:15,10,4,6
30/11/2012,14:30,18,3,15
30/11/2012,14:45,11,5,6
30/11/2012,15:00,10,5,5
30/11/2012,15:15,19,8,11
30/11/2012,15:30,8,4,4
30/11/2012,15:45,18,9,9
30/11/2012,16:00,11,5,6
30/11/2012,16:15,21,10,11
30/11/2012,16:30,21,11,10
30/11/2012,16:45,13,8,5
30/11/2012,17:00,18,7,11
30/11/2012,17:15,15,8,7
30/11/2012,17:30,11,7,4
30/11/2012,17:45,12,8,4
30/11/2012,18:00,13,10,3
30/11/2012,18:15,13,8,5
30/11/2012,18:30,16,7,9
30/11/2012,18:45,5,1,4
30/11/2012,19:00,4,2,2
30/11/2012,19:15,7,1,6
30/11/2012,19:30,2,2,0
30/11/2012,19:45,6,0,6
30/11/2012,20:00,1,0,1
30/11/2012,20:15,2,1,1
30/11/2012,20:30,4,3,1
30/11/2012,20:45,0,0,0
30/11/2012,21:00,1,0,1
30/11/2012,21:15,1,0,1
30/11/2012,21:30,1,0,1
30/11/2012,21:45,1,1,0
30/11/2012,22:00,1,1,0
30/11/2012,22:15,1,0,1
30/11/2012,22:30,1,1,0
30/11/2012,22:45,0,0,0
30/11/2012,23:00,2,1,1
30/11/2012,23:15,3,2,1
30/11/2012,23:30,2,1,1
30/11/2012,23:45,1,0,1
01/12/2012,00:00,3,1,2
01/12/2012,00:15,3,3,0
01/12/2012,00:30,1,1,0
01/12/2012,00:45,1,0,1
01/12/2012,01:00,1,0,1
01/12/2012,01:15,0,0,0
01/12/2012,01:30,0,0,0
01/12/2012,01:45,0,0,0
01/12/2012,02:00,0,0,0
01/12/2012,02:15,0,0,0
01/12/2012,02:30,0,0,0
01/12/2012,02:45,0,0,0
01/12/2012,03:00,0,0,0
01/12/2012,03:15,0,0,0
01/12/2012,03:30,0,0,0
01/12/2012,03:45,1,1,0
01/12/2012,04:00,1,1,0
01/12/2012,04:15,0,0,0
01/12/2012,04:30,2,2,0
01/12/2012,04:45,0,0,0
01/12/2012,05:00,1,1,0
01/12/2012,05:15,1,1,0
01/12/2012,05:30,1,1,0
01/12/2012,05:45,1,1,0
01/12/2012,06:00,1,0,1
01/12/2012,06:15,2,1,1
01/12/2012,06:30,5,3,2
01/12/2012,06:45,4,3,1
01/12/2012,07:00,8,3,5
01/12/2012,07:15,6,5,1
01/12/2012,07:30,6,5,1
01/12/2012,07:45,18,12,6
01/12/2012,08:00,6,5,1
01/12/2012,08:15,10,9,1
01/12/2012,08:30,9,6,3
01/12/2012,08:45,5,4,1
01/12/2012,09:00,9,3,6
01/12/2012,09:15,15,6,9
01/12/2012,09:30,21,15,6
01/12/2012,09:45,13,6,7
01/12/2012,10:00,16,6,10
01/12/2012,10:15,12,7,5
01/12/2012,10:30,21,9,12
01/12/2012,10:45,12,5,7
01/12/2012,11:00,18,10,8
01/12/2012,11:15,13,9,4
01/12/2012,11:30,21,9,12
01/12/2012,11:45,13,9,4
01/12/2012,12:00,15,5,10
01/12/2012,12:15,21,9,12
01/12/2012,12:30,33,13,20
01/12/2012,12:45,26,17,9
01/12/2012,13:00,23,14,9
01/12/2012,13:15,37,16,21
01/12/2012,13:30,19,8,11
01/12/2012,13:45,21,9,12
01/12/2012,14:00,24,12,12
01/12/2012,14:15,20,11,9
01/12/2012,14:30,36,15,21
01/12/2012,14:45,31,12,19
01/12/2012,15:00,33,12,21
01/12/2012,15:15,36,16,20
01/12/2012,15:30,37,17,20
01/12/2012,15:45,26,10,16
01/12/2012,16:00,15,5,10
01/12/2012,16:15,24,9,15
01/12/2012,16:30,15,7,8
01/12/2012,16:45,14,6,8
01/12/2012,17:00,9,3,6
01/12/2012,17:15,11,6,5
01/12/2012,17:30,11,3,8
01/12/2012,17:45,6,3,3
01/12/2012,18:00,4,2,2
01/12/2012,18:15,1,1,0
01/12/2012,18:30,7,5,2
01/12/2012,18:45,3,3,0
01/12/2012,19:00,1,0,1
01/12/2012,19:15,0,0,0
01/12/2012,19:30,1,0,1
01/12/2012,19:45,2,0,2
01/12/2012,20:00,0,0,0
01/12/2012,20:15,1,1,0
01/12/2012,20:30,3,2,1
01/12/2012,20:45,2,0,2
01/12/2012,21:00,1,0,1
01/12/2012,21:15,0,0,0
01/12/2012,21:30,2,0,2
01/12/2012,21:45,2,1,1
01/12/2012,22:00,1,0,1
01/12/2012,22:15,2,2,0
01/12/2012,22:30,1,1,0
01/12/2012,22:45,3,2,1
01/12/2012,23:00,3,1,2
01/12/2012,23:15,1,0,1
01/12/2012,23:30,1,0,1
01/12/2012,23:45,0,0,0
02/12/2012,00:00,2,1,1
02/12/2012,00:15,1,0,1
02/12/2012,00:30,0,0,0
02/12/2012,00:45,0,0,0
02/12/2012,01:00,1,0,1
02/12/2012,01:15,1,1,0
02/12/2012,01:30,0,0,0
02/12/2012,01:45,0,0,0
02/12/2012,02:00,0,0,0
02/12/2012,02:15,0,0,0
02/12/2012,02:30,1,1,0
02/12/2012,02:45,0,0,0
02/12/2012,03:00,1,0,1
02/12/2012,03:15,1,1,0
02/12/2012,03:30,2,0,2
02/12/2012,03:45,3,3,0
02/12/2012,04:00,0,0,0
02/12/2012,04:15,0,0,0
02/12/2012,04:30,1,1,0
02/12/2012,04:45,0,0,0
02/12/2012,05:00,1,0,1
02/12/2012,05:15,0,0,0
02/12/2012,05:30,1,1,0
02/12/2012,05:45,0,0,0
02/12/2012,06:00,1,0,1
02/12/2012,06:15,2,2,0
02/12/2012,06:30,2,1,1
02/12/2012,06:45,3,1,2
02/12/2012,07:00,3,2,1
02/12/2012,07:15,1,1,0
02/12/2012,07:30,4,2,2
02/12/2012,07:45,5,4,1
02/12/2012,08:00,4,3,1
02/12/2012,08:15,6,5,1
02/12/2012,08:30,6,3,3
02/12/2012,08:45,12,3,9
02/12/2012,09:00,8,5,3
02/12/2012,09:15,14,8,6
02/12/2012,09:30,10,8,2
02/12/2012,09:45,9,6,3
02/12/2012,10:00,10,5,5
02/12/2012,10:15,19,9,10
02/12/2012,10:30,14,8,6
02/12/2012,10:45,17,10,7
02/12/2012,11:00,21,10,11
02/12/2012,11:15,21,12,9
02/12/2012,11:30,15,3,12
02/12/2012,11:45,36,24,12
02/12/2012,12:00,33,17,16
02/12/2012,12:15,22,13,9
02/12/2012,12:30,24,10,14
02/12/2012,12:45,25,13,12
02/12/2012,13:00,31,16,15
02/12/2012,13:15,37,13,24
02/12/2012,13:30,52,40,12
02/12/2012,13:45,36,19,17
02/12/2012,14:00,43,18,25
02/12/2012,14:15,29,18,11
02/12/2012,14:30,40,15,25
02/12/2012,14:45,44,22,22
02/12/2012,15:00,33,12,21
02/12/2012,15:15,30,14,16
02/12/2012,15:30,37,21,16
02/12/2012,15:45,31,16,15
02/12/2012,16:00,26,13,13
02/12/2012,16:15,33,22,11
02/12/2012,16:30,24,12,12
02/12/2012,16:45,17,11,6
02/12/2012,17:00,11,6,5
02/12/2012,17:15,14,7,7
02/12/2012,17:30,5,4,1
02/12/2012,17:45,8,2,6
02/12/2012,18:00,11,4,7
02/12/2012,18:15,2,0,2
02/12/2012,18:30,7,4,3
02/12/2012,18:45,3,2,1
02/12/2012,19:00,1,1,0
02/12/2012,19:15,2,1,1
02/12/2012,19:30,0,0,0
02/12/2012,19:45,1,0,1
02/12/2012,20:00,1,1,0
02/12/2012,20:15,1,0,1
02/12/2012,20:30,1,0,1
02/12/2012,20:45,0,0,0
02/12/2012,21:00,0,0,0
02/12/2012,21:15,0,0,0
02/12/2012,21:30,0,0,0
02/12/2012,21:45,0,0,0
02/12/2012,22:00,4,2,2
02/12/2012,22:15,0,0,0
02/12/2012,22:30,1,0,1
02/12/2012,22:45,0,0,0
02/12/2012,23:00,2,1,1
02/12/2012,23:15,0,0,0
02/12/2012,23:30,3,2,1
02/12/2012,23:45,0,0,0
03/12/2012,00:00,0,0,0
03/12/2012,00:15,1,0,1
03/12/2012,00:30,0,0,0
03/12/2012,00:45,0,0,0
03/12/2012,01:00,0,0,0
03/12/2012,01:15,0,0,0
03/12/2012,01:30,0,0,0
03/12/2012,01:45,0,0,0
03/12/2012,02:00,0,0,0
03/12/2012,02:15,1,0,1
03/12/2012,02:30,0,0,0
03/12/2012,02:45,0,0,0
03/12/2012,03:00,0,0,0
03/12/2012,03:15,0,0,0
03/12/2012,03:30,1,0,1
03/12/2012,03:45,3,3,0
03/12/2012,04:00,1,1,0
03/12/2012,04:15,0,0,0
03/12/2012,04:30,4,2,2
03/12/2012,04:45,3,0,3
03/12/2012,05:00,0,0,0
03/12/2012,05:15,8,1,7
03/12/2012,05:30,5,2,3
03/12/2012,05:45,9,3,6
03/12/2012,06:00,6,3,3
03/12/2012,06:15,12,7,5
03/12/2012,06:30,14,4,10
03/12/2012,06:45,16,5,11
03/12/2012,07:00,26,9,17
03/12/2012,07:15,21,6,15
03/12/2012,07:30,14,8,6
03/12/2012,07:45,26,9,17
03/12/2012,08:00,19,8,11
03/12/2012,08:15,16,4,12
03/12/2012,08:30,10,2,8
03/12/2012,08:45,20,11,9
03/12/2012,09:00,8,4,4
03/12/2012,09:15,7,4,3
03/12/2012,09:30,14,6,8
03/12/2012,09:45,13,7,6
03/12/2012,10:00,5,2,3
03/12/2012,10:15,10,6,4
03/12/2012,10:30,7,0,7
03/12/2012,10:45,8,1,7
03/12/2012,11:00,4,3,1
03/12/2012,11:15,9,4,5
03/12/2012,11:30,10,3,7
03/12/2012,11:45,4,3,1
03/12/2012,12:00,18,14,4
03/12/2012,12:15,12,4,8
03/12/2012,12:30,16,9,7
03/12/2012,12:45,14,4,10
03/12/2012,13:00,15,10,5
03/12/2012,13:15,11,2,9
03/12/2012,13:30,17,10,7
03/12/2012,13:45,33,21,12
03/12/2012,14:00,21,8,13
03/12/2012,14:15,20,9,11
03/12/2012,14:30,19,8,11
03/12/2012,14:45,22,15,7
03/12/2012,15:00,29,16,13
03/12/2012,15:15,23,15,8
03/12/2012,15:30,17,12,5
03/12/2012,15:45,29,12,17
03/12/2012,16:00,29,13,16
03/12/2012,16:15,29,10,19
03/12/2012,16:30,35,21,14
03/12/2012,16:45,36,23,13
03/12/2012,17:00,26,15,11
03/12/2012,17:15,17,11,6
03/12/2012,17:30,24,11,13
03/12/2012,17:45,19,9,10
03/12/2012,18:00,19,9,10
03/12/2012,18:15,23,18,5
03/12/2012,18:30,14,6,8
03/12/2012,18:45,17,5,12
03/12/2012,19:00,3,3,0
03/12/2012,19:15,5,4,1
03/12/2012,19:30,5,4,1
03/12/2012,19:45,3,2,1
03/12/2012,20:00,2,2,0
03/12/2012,20:15,1,0,1
03/12/2012,20:30,1,1,0
03/12/2012,20:45,1,1,0
03/12/2012,21:00,2,0,2
03/12/2012,21:15,4,3,1
03/12/2012,21:30,1,0,1
03/12/2012,21:45,1,1,0
03/12/2012,22:00,0,0,0
03/12/2012,22:15,3,2,1
03/12/2012,22:30,1,1,0
03/12/2012,22:45,2,0,2
03/12/2012,23:00,0,0,0
03/12/2012,23:15,0,0,0
03/12/2012,23:30,0,0,0
03/12/2012,23:45,1,1,0
04/12/2012,00:00,1,1,0
04/12/2012,00:15,1,0,1
04/12/2012,00:30,1,0,1
04/12/2012,00:45,0,0,0
04/12/2012,01:00,2,1,1
04/12/2012,01:15,0,0,0
04/12/2012,01:30,0,0,0
04/12/2012,01:45,0,0,0
04/12/2012,02:00,0,0,0
04/12/2012,02:15,1,1,0
04/12/2012,02:30,0,0,0
04/12/2012,02:45,0,0,0
04/12/2012,03:00,1,0,1
04/12/2012,03:15,0,0,0
04/12/2012,03:30,1,1,0
04/12/2012,03:45,1,1,0
04/12/2012,04:00,0,0,0
04/12/2012,04:15,0,0,0
04/12/2012,04:30,0,0,0
04/12/2012,04:45,2,1,1
04/12/2012,05:00,1,1,0
04/12/2012,05:15,9,6,3
04/12/2012,05:30,6,3,3
04/12/2012,05:45,12,5,7
04/12/2012,06:00,10,6,4
04/12/2012,06:15,13,6,7
04/12/2012,06:30,10,4,6
04/12/2012,06:45,18,6,12
04/12/2012,07:00,18,3,15
04/12/2012,07:15,28,7,21
04/12/2012,07:30,26,9,17
04/12/2012,07:45,18,6,12
04/12/2012,08:00,23,9,14
04/12/2012,08:15,24,12,12
04/12/2012,08:30,17,5,12
04/12/2012,08:45,12,3,9
04/12/2012,09:00,9,1,8
04/12/2012,09:15,17,9,8
04/12/2012,09:30,8,2,6
04/12/2012,09:45,8,4,4
04/12/2012,10:00,7,5,2
04/12/2012,10:15,11,5,6
04/12/2012,10:30,13,7,6
04/12/2012,10:45,10,4,6
04/12/2012,11:00,14,6,8
04/12/2012,11:15,9,5,4
04/12/2012,11:30,6,4,2
04/12/2012,11:45,23,7,16
04/12/2012,12:00,15,4,11
04/12/2012,12:15,12,7,5
04/12/2012,12:30,11,5,6
04/12/2012,12:45,16,8,8
04/12/2012,13:00,18,9,9
04/12/2012,13:15,11,6,5
04/12/2012,13:30,18,9,9
04/12/2012,13:45,31,15,16
04/12/2012,14:00,19,5,14
04/12/2012,14:15,23,9,14
04/12/2012,14:30,19,9,10
04/12/2012,14:45,27,13,14
04/12/2012,15:00,14,9,5
04/12/2012,15:15,12,5,7
04/12/2012,15:30,24,15,9
04/12/2012,15:45,28,18,10
04/12/2012,16:00,34,15,19
04/12/2012,16:15,35,15,20
04/12/2012,16:30,34,18,16
04/12/2012,16:45,31,19,12
04/12/2012,17:00,34,17,17
04/12/2012,17:15,24,16,8
04/12/2012,17:30,17,9,8
04/12/2012,17:45,18,11,7
04/12/2012,18:00,17,9,8
04/12/2012,18:15,16,10,6
04/12/2012,18:30,32,18,14
04/12/2012,18:45,7,5,2
04/12/2012,19:00,12,10,2
04/12/2012,19:15,12,9,3
04/12/2012,19:30,11,3,8
04/12/2012,19:45,5,3,2
04/12/2012,20:00,8,7,1
04/12/2012,20:15,3,2,1
04/12/2012,20:30,5,2,3
04/12/2012,20:45,2,1,1
04/12/2012,21:00,0,0,0
04/12/2012,21:15,3,1,2
04/12/2012,21:30,1,0,1
04/12/2012,21:45,3,0,3
04/12/2012,22:00,0,0,0
04/12/2012,22:15,1,0,1
04/12/2012,22:30,0,0,0
04/12/2012,22:45,0,0,0
04/12/2012,23:00,0,0,0
04/12/2012,23:15,2,1,1
04/12/2012,23:30,1,1,0
04/12/2012,23:45,0,0,0
05/12/2012,00:00,0,0,0
05/12/2012,00:15,0,0,0
05/12/2012,00:30,0,0,0
05/12/2012,00:45,0,0,0
05/12/2012,01:00,1,1,0
05/12/2012,01:15,0,0,0
05/12/2012,01:30,0,0,0
05/12/2012,01:45,0,0,0
05/12/2012,02:00,1,0,1
05/12/2012,02:15,1,1,0
05/12/2012,02:30,0,0,0
05/12/2012,02:45,0,0,0
05/12/2012,03:00,1,1,0
05/12/2012,03:15,0,0,0
05/12/2012,03:30,0,0,0
05/12/2012,03:45,2,1,1
05/12/2012,04:00,1,1,0
05/12/2012,04:15,1,1,0
05/12/2012,04:30,0,0,0
05/12/2012,04:45,0,0,0
05/12/2012,05:00,2,0,2
05/12/2012,05:15,4,4,0
05/12/2012,05:30,6,1,5
05/12/2012,05:45,13,8,5
05/12/2012,06:00,10,4,6
05/12/2012,06:15,11,5,6
05/12/2012,06:30,19,9,10
05/12/2012,06:45,14,6,8
05/12/2012,07:00,10,1,9
05/12/2012,07:15,15,4,11
05/12/2012,07:30,15,7,8
05/12/2012,07:45,21,6,15
05/12/2012,08:00,13,2,11
05/12/2012,08:15,13,7,6
05/12/2012,08:30,11,2,9
05/12/2012,08:45,16,8,8
05/12/2012,09:00,10,5,5
05/12/2012,09:15,3,0,3
05/12/2012,09:30,7,4,3
05/12/2012,09:45,5,4,1
05/12/2012,10:00,8,4,4
05/12/2012,10:15,4,3,1
05/12/2012,10:30,14,4,10
05/12/2012,10:45,8,3,5
05/12/2012,11:00,2,1,1
05/12/2012,11:15,2,0,2
05/12/2012,11:30,5,3,2
05/12/2012,11:45,5,1,4
05/12/2012,12:00,4,2,2
05/12/2012,12:15,9,5,4
05/12/2012,12:30,5,2,3
05/12/2012,12:45,9,4,5
05/12/2012,13:00,6,5,1
05/12/2012,13:15,4,1,3
05/12/2012,13:30,10,5,5
05/12/2012,13:45,3,0,3
05/12/2012,14:00,8,2,6
05/12/2012,14:15,11,5,6
05/12/2012,14:30,3,1,2
05/12/2012,14:45,11,5,6
05/12/2012,15:00,7,4,3
05/12/2012,15:15,13,6,7
05/12/2012,15:30,7,3,4
05/12/2012,15:45,15,6,9
05/12/2012,16:00,16,10,6
05/12/2012,16:15,15,5,10
05/12/2012,16:30,18,11,7
05/12/2012,16:45,21,8,13
05/12/2012,17:00,13,8,5
05/12/2012,17:15,10,7,3
05/12/2012,17:30,6,5,1
05/12/2012,17:45,11,8,3
05/12/2012,18:00,23,12,11
05/12/2012,18:15,17,9,8
05/12/2012,18:30,17,14,3
05/12/2012,18:45,9,6,3
05/12/2012,19:00,7,4,3
05/12/2012,19:15,10,6,4
05/12/2012,19:30,7,6,1
05/12/2012,19:45,5,3,2
05/12/2012,20:00,2,1,1
05/12/2012,20:15,6,1,5
05/12/2012,20:30,3,1,2
05/12/2012,20:45,0,0,0
05/12/2012,21:00,3,1,2
05/12/2012,21:15,1,0,1
05/12/2012,21:30,1,0,1
05/12/2012,21:45,3,3,0
05/12/2012,22:00,1,1,0
05/12/2012,22:15,2,1,1
05/12/2012,22:30,2,1,1
05/12/2012,22:45,2,1,1
05/12/2012,23:00,0,0,0
05/12/2012,23:15,0,0,0
05/12/2012,23:30,0,0,0
05/12/2012,23:45,1,1,0
06/12/2012,00:00,0,0,0
06/12/2012,00:15,0,0,0
06/12/2012,00:30,0,0,0
06/12/2012,00:45,0,0,0
06/12/2012,01:00,0,0,0
06/12/2012,01:15,0,0,0
06/12/2012,01:30,0,0,0
06/12/2012,01:45,0,0,0
06/12/2012,02:00,1,0,1
06/12/2012,02:15,0,0,0
06/12/2012,02:30,0,0,0
06/12/2012,02:45,0,0,0
06/12/2012,03:00,0,0,0
06/12/2012,03:15,0,0,0
06/12/2012,03:30,1,0,1
06/12/2012,03:45,2,1,1
06/12/2012,04:00,2,2,0
06/12/2012,04:15,0,0,0
06/12/2012,04:30,0,0,0
06/12/2012,04:45,0,0,0
06/12/2012,05:00,0,0,0
06/12/2012,05:15,3,2,1
06/12/2012,05:30,7,4,3
06/12/2012,05:45,4,2,2
06/12/2012,06:00,6,2,4
06/12/2012,06:15,7,3,4
06/12/2012,06:30,19,7,12
06/12/2012,06:45,9,3,6
06/12/2012,07:00,16,5,11
06/12/2012,07:15,20,6,14
06/12/2012,07:30,21,6,15
06/12/2012,07:45,18,7,11
06/12/2012,08:00,13,4,9
06/12/2012,08:15,17,6,11
06/12/2012,08:30,11,4,7
06/12/2012,08:45,18,12,6
06/12/2012,09:00,5,2,3
06/12/2012,09:15,5,3,2
06/12/2012,09:30,8,4,4
06/12/2012,09:45,6,2,4
06/12/2012,10:00,5,2,3
06/12/2012,10:15,1,1,0
06/12/2012,10:30,6,2,4
06/12/2012,10:45,2,1,1
06/12/2012,11:00,8,5,3
06/12/2012,11:15,20,18,2
06/12/2012,11:30,20,14,6
06/12/2012,11:45,15,13,2
06/12/2012,12:00,25,19,6
06/12/2012,12:15,16,14,2
06/12/2012,12:30,14,9,5
06/12/2012,12:45,9,4,5
06/12/2012,13:00,7,4,3
06/12/2012,13:15,6,5,1
06/12/2012,13:30,13,8,5
06/12/2012,13:45,4,2,2
06/12/2012,14:00,9,6,3
06/12/2012,14:15,6,3,3
06/12/2012,14:30,8,1,7
06/12/2012,14:45,6,2,4
06/12/2012,15:00,13,7,6
06/12/2012,15:15,9,4,5
06/12/2012,15:30,12,6,6
06/12/2012,15:45,9,6,3
06/12/2012,16:00,10,5,5
06/12/2012,16:15,15,6,9
06/12/2012,16:30,25,13,12
06/12/2012,16:45,21,9,12
06/12/2012,17:00,22,12,10
06/12/2012,17:15,14,9,5
06/12/2012,17:30,13,9,4
06/12/2012,17:45,27,17,10
06/12/2012,18:00,13,8,5
06/12/2012,18:15,12,6,6
06/12/2012,18:30,12,5,7
06/12/2012,18:45,6,2,4
06/12/2012,19:00,10,7,3
06/12/2012,19:15,7,4,3
06/12/2012,19:30,8,6,2
06/12/2012,19:45,3,2,1
06/12/2012,20:00,5,3,2
06/12/2012,20:15,3,1,2
06/12/2012,20:30,3,2,1
06/12/2012,20:45,2,1,1
06/12/2012,21:00,1,1,0
06/12/2012,21:15,0,0,0
06/12/2012,21:30,1,0,1
06/12/2012,21:45,1,0,1
06/12/2012,22:00,3,2,1
06/12/2012,22:15,2,2,0
06/12/2012,22:30,0,0,0
06/12/2012,22:45,0,0,0
06/12/2012,23:00,0,0,0
06/12/2012,23:15,1,0,1
06/12/2012,23:30,0,0,0
06/12/2012,23:45,0,0,0
07/12/2012,00:00,2,1,1
07/12/2012,00:15,0,0,0
07/12/2012,00:30,1,0,1
07/12/2012,00:45,0,0,0
07/12/2012,01:00,0,0,0
07/12/2012,01:15,0,0,0
07/12/2012,01:30,1,0,1
07/12/2012,01:45,0,0,0
07/12/2012,02:00,0,0,0
07/12/2012,02:15,0,0,0
07/12/2012,02:30,0,0,0
07/12/2012,02:45,2,2,0
07/12/2012,03:00,1,1,0
07/12/2012,03:15,0,0,0
07/12/2012,03:30,0,0,0
07/12/2012,03:45,3,2,1
07/12/2012,04:00,1,1,0
07/12/2012,04:15,1,1,0
07/12/2012,04:30,1,1,0
07/12/2012,04:45,1,0,1
07/12/2012,05:00,0,0,0
07/12/2012,05:15,2,1,1
07/12/2012,05:30,5,3,2
07/12/2012,05:45,7,2,5
07/12/2012,06:00,11,4,7
07/12/2012,06:15,8,3,5
07/12/2012,06:30,12,4,8
07/12/2012,06:45,14,6,8
07/12/2012,07:00,6,2,4
07/12/2012,07:15,14,6,8
07/12/2012,07:30,8,2,6
07/12/2012,07:45,6,4,2
07/12/2012,08:00,8,3,5
07/12/2012,08:15,5,0,5
07/12/2012,08:30,3,3,0
07/12/2012,08:45,10,5,5
07/12/2012,09:00,6,1,5
07/12/2012,09:15,3,2,1
07/12/2012,09:30,8,3,5
07/12/2012,09:45,6,2,4
07/12/2012,10:00,2,1,1
07/12/2012,10:15,8,4,4
07/12/2012,10:30,5,2,3
07/12/2012,10:45,3,2,1
07/12/2012,11:00,3,1,2
07/12/2012,11:15,7,4,3
07/12/2012,11:30,6,2,4
07/12/2012,11:45,2,1,1
07/12/2012,12:00,4,0,4
07/12/2012,12:15,8,4,4
07/12/2012,12:30,5,4,1
07/12/2012,12:45,6,3,3
07/12/2012,13:00,10,7,3
07/12/2012,13:15,3,2,1
07/12/2012,13:30,7,3,4
07/12/2012,13:45,5,3,2
07/12/2012,14:00,3,2,1
07/12/2012,14:15,5,3,2
07/12/2012,14:30,12,6,6
07/12/2012,14:45,7,5,2
07/12/2012,15:00,9,5,4
07/12/2012,15:15,10,2,8
07/12/2012,15:30,6,2,4
07/12/2012,15:45,15,5,10
07/12/2012,16:00,14,8,6
07/12/2012,16:15,12,5,7
07/12/2012,16:30,6,5,1
07/12/2012,16:45,16,9,7
07/12/2012,17:00,12,6,6
07/12/2012,17:15,12,8,4
07/12/2012,17:30,8,4,4
07/12/2012,17:45,11,7,4
07/12/2012,18:00,7,1,6
07/12/2012,18:15,8,6,2
07/12/2012,18:30,4,3,1
07/12/2012,18:45,4,3,1
07/12/2012,19:00,9,6,3
07/12/2012,19:15,4,1,3
07/12/2012,19:30,2,1,1
07/12/2012,19:45,2,1,1
07/12/2012,20:00,1,1,0
07/12/2012,20:15,3,3,0
07/12/2012,20:30,1,0,1
07/12/2012,20:45,0,0,0
07/12/2012,21:00,2,2,0
07/12/2012,21:15,2,1,1
07/12/2012,21:30,2,0,2
07/12/2012,21:45,2,2,0
07/12/2012,22:00,1,1,0
07/12/2012,22:15,1,0,1
07/12/2012,22:30,0,0,0
07/12/2012,22:45,2,0,2
07/12/2012,23:00,0,0,0
07/12/2012,23:15,1,0,1
07/12/2012,23:30,2,1,1
07/12/2012,23:45,0,0,0
08/12/2012,00:00,0,0,0
08/12/2012,00:15,1,0,1
08/12/2012,00:30,0,0,0
08/12/2012,00:45,3,0,3
08/12/2012,01:00,0,0,0
08/12/2012,01:15,1,0,1
08/12/2012,01:30,0,0,0
08/12/2012,01:45,1,1,0
08/12/2012,02:00,1,1,0
08/12/2012,02:15,0,0,0
08/12/2012,02:30,0,0,0
08/12/2012,02:45,1,1,0
08/12/2012,03:00,0,0,0
08/12/2012,03:15,1,1,0
08/12/2012,03:30,1,1,0
08/12/2012,03:45,0,0,0
08/12/2012,04:00,1,1,0
08/12/2012,04:15,0,0,0
08/12/2012,04:30,1,1,0
08/12/2012,04:45,0,0,0
08/12/2012,05:00,1,0,1
08/12/2012,05:15,1,1,0
08/12/2012,05:30,1,0,1
08/12/2012,05:45,1,1,0
08/12/2012,06:00,3,2,1
08/12/2012,06:15,0,0,0
08/12/2012,06:30,3,1,2
08/12/2012,06:45,6,2,4
08/12/2012,07:00,7,3,4
08/12/2012,07:15,3,3,0
08/12/2012,07:30,5,2,3
08/12/2012,07:45,16,7,9
08/12/2012,08:00,8,5,3
08/12/2012,08:15,10,7,3
08/12/2012,08:30,14,12,2
08/12/2012,08:45,13,8,5
08/12/2012,09:00,26,14,12
08/12/2012,09:15,10,3,7
08/12/2012,09:30,15,6,9
08/12/2012,09:45,21,10,11
08/12/2012,10:00,17,9,8
08/12/2012,10:15,12,7,5
08/12/2012,10:30,18,8,10
08/12/2012,10:45,15,6,9
08/12/2012,11:00,20,11,9
08/12/2012,11:15,25,8,17
08/12/2012,11:30,13,7,6
08/12/2012,11:45,16,7,9
08/12/2012,12:00,28,10,18
08/12/2012,12:15,34,9,25
08/12/2012,12:30,27,12,15
08/12/2012,12:45,21,8,13
08/12/2012,13:00,26,13,13
08/12/2012,13:15,28,12,16
08/12/2012,13:30,31,10,21
08/12/2012,13:45,44,20,24
08/12/2012,14:00,35,14,21
08/12/2012,14:15,38,13,25
08/12/2012,14:30,31,12,19
08/12/2012,14:45,45,20,25
08/12/2012,15:00,34,12,22
08/12/2012,15:15,38,18,20
08/12/2012,15:30,39,22,17
08/12/2012,15:45,27,10,17
08/12/2012,16:00,38,15,23
08/12/2012,16:15,27,15,12
08/12/2012,16:30,18,13,5
08/12/2012,16:45,11,4,7
08/12/2012,17:00,13,6,7
08/12/2012,17:15,8,3,5
08/12/2012,17:30,3,0,3
08/12/2012,17:45,5,2,3
08/12/2012,18:00,3,1,2
08/12/2012,18:15,4,1,3
08/12/2012,18:30,3,2,1
08/12/2012,18:45,3,2,1
08/12/2012,19:00,2,1,1
08/12/2012,19:15,4,2,2
08/12/2012,19:30,0,0,0
08/12/2012,19:45,1,0,1
08/12/2012,20:00,0,0,0
08/12/2012,20:15,6,2,4
08/12/2012,20:30,2,1,1
08/12/2012,20:45,0,0,0
08/12/2012,21:00,0,0,0
08/12/2012,21:15,2,1,1
08/12/2012,21:30,1,1,0
08/12/2012,21:45,1,1,0
08/12/2012,22:00,2,1,1
08/12/2012,22:15,4,3,1
08/12/2012,22:30,0,0,0
08/12/2012,22:45,1,1,0
08/12/2012,23:00,1,0,1
08/12/2012,23:15,1,0,1
08/12/2012,23:30,2,2,0
08/12/2012,23:45,2,0,2
09/12/2012,00:00,1,0,1
09/12/2012,00:15,1,1,0
09/12/2012,00:30,0,0,0
09/12/2012,00:45,0,0,0
09/12/2012,01:00,0,0,0
09/12/2012,01:15,1,1,0
09/12/2012,01:30,0,0,0
09/12/2012,01:45,0,0,0
09/12/2012,02:00,0,0,0
09/12/2012,02:15,1,0,1
09/12/2012,02:30,0,0,0
09/12/2012,02:45,0,0,0
09/12/2012,03:00,0,0,0
09/12/2012,03:15,0,0,0
09/12/2012,03:30,1,1,0
09/12/2012,03:45,0,0,0
09/12/2012,04:00,1,1,0
09/12/2012,04:15,1,1,0
09/12/2012,04:30,1,0,1
09/12/2012,04:45,1,0,1
09/12/2012,05:00,0,0,0
09/12/2012,05:15,0,0,0
09/12/2012,05:30,1,0,1
09/12/2012,05:45,0,0,0
09/12/2012,06:00,0,0,0
09/12/2012,06:15,0,0,0
09/12/2012,06:30,1,0,1
09/12/2012,06:45,1,0,1
09/12/2012,07:00,2,1,1
09/12/2012,07:15,0,0,0
09/12/2012,07:30,0,0,0
09/12/2012,07:45,2,1,1
09/12/2012,08:00,3,3,0
09/12/2012,08:15,9,5,4
09/12/2012,08:30,1,0,1
09/12/2012,08:45,3,1,2
09/12/2012,09:00,3,1,2
09/12/2012,09:15,6,6,0
09/12/2012,09:30,8,3,5
09/12/2012,09:45,5,3,2
09/12/2012,10:00,5,0,5
09/12/2012,10:15,11,7,4
09/12/2012,10:30,5,2,3
09/12/2012,10:45,9,7,2
09/12/2012,11:00,14,6,8
09/12/2012,11:15,16,7,9
09/12/2012,11:30,6,6,0
09/12/2012,11:45,12,7,5
09/12/2012,12:00,11,7,4
09/12/2012,12:15,13,6,7
09/12/2012,12:30,3,0,3
09/12/2012,12:45,11,6,5
09/12/2012,13:00,8,4,4
09/12/2012,13:15,5,3,2
09/12/2012,13:30,7,3,4
09/12/2012,13:45,5,2,3
09/12/2012,14:00,5,2,3
09/12/2012,14:15,9,2,7
09/12/2012,14:30,5,2,3
09/12/2012,14:45,9,5,4
09/12/2012,15:00,5,3,2
09/12/2012,15:15,9,9,0
09/12/2012,15:30,10,7,3
09/12/2012,15:45,14,2,12
09/12/2012,16:00,7,3,4
09/12/2012,16:15,6,1,5
09/12/2012,16:30,9,7,2
09/12/2012,16:45,7,5,2
09/12/2012,17:00,11,5,6
09/12/2012,17:15,2,0,2
09/12/2012,17:30,3,3,0
09/12/2012,17:45,3,1,2
09/12/2012,18:00,1,0,1
09/12/2012,18:15,1,0,1
09/12/2012,18:30,4,0,4
09/12/2012,18:45,2,0,2
09/12/2012,19:00,2,1,1
09/12/2012,19:15,0,0,0
09/12/2012,19:30,1,1,0
09/12/2012,19:45,0,0,0
09/12/2012,20:00,1,0,1
09/12/2012,20:15,1,0,1
09/12/2012,20:30,1,0,1
09/12/2012,20:45,1,0,1
09/12/2012,21:00,2,1,1
09/12/2012,21:15,1,0,1
09/12/2012,21:30,0,0,0
09/12/2012,21:45,1,0,1
09/12/2012,22:00,0,0,0
09/12/2012,22:15,0,0,0
09/12/2012,22:30,0,0,0
09/12/2012,22:45,1,0,1
09/12/2012,23:00,2,0,2
09/12/2012,23:15,0,0,0
09/12/2012,23:30,1,0,1
09/12/2012,23:45,0,0,0
10/12/2012,00:00,1,1,0
10/12/2012,00:15,0,0,0
10/12/2012,00:30,1,1,0
10/12/2012,00:45,0,0,0
10/12/2012,01:00,0,0,0
10/12/2012,01:15,1,1,0
10/12/2012,01:30,0,0,0
10/12/2012,01:45,0,0,0
10/12/2012,02:00,0,0,0
10/12/2012,02:15,2,1,1
10/12/2012,02:30,0,0,0
10/12/2012,02:45,0,0,0
10/12/2012,03:00,0,0,0
10/12/2012,03:15,0,0,0
10/12/2012,03:30,0,0,0
10/12/2012,03:45,4,4,0
10/12/2012,04:00,0,0,0
10/12/2012,04:15,2,1,1
10/12/2012,04:30,0,0,0
10/12/2012,04:45,1,1,0
10/12/2012,05:00,3,2,1
10/12/2012,05:15,4,3,1
10/12/2012,05:30,9,4,5
10/12/2012,05:45,7,2,5
10/12/2012,06:00,6,2,4
10/12/2012,06:15,8,4,4
10/12/2012,06:30,12,6,6
10/12/2012,06:45,12,4,8
10/12/2012,07:00,9,1,8
10/12/2012,07:15,15,3,12
10/12/2012,07:30,13,8,5
10/12/2012,07:45,16,10,6
10/12/2012,08:00,14,6,8
10/12/2012,08:15,11,7,4
10/12/2012,08:30,9,3,6
10/12/2012,08:45,11,6,5
10/12/2012,09:00,7,3,4
10/12/2012,09:15,8,5,3
10/12/2012,09:30,4,2,2
10/12/2012,09:45,4,2,2
10/12/2012,10:00,4,0,4
10/12/2012,10:15,1,0,1
10/12/2012,10:30,4,1,3
10/12/2012,10:45,8,2,6
10/12/2012,11:00,4,1,3
10/12/2012,11:15,5,1,4
10/12/2012,11:30,5,2,3
10/12/2012,11:45,5,5,0
10/12/2012,12:00,8,2,6
10/12/2012,12:15,9,3,6
10/12/2012,12:30,12,5,7
10/12/2012,12:45,7,3,4
10/12/2012,13:00,5,1,4
10/12/2012,13:15,3,1,2
10/12/2012,13:30,6,3,3
10/12/2012,13:45,10,2,8
10/12/2012,14:00,5,2,3
10/12/2012,14:15,7,3,4
10/12/2012,14:30,16,5,11
10/12/2012,14:45,11,3,8
10/12/2012,15:00,6,4,2
10/12/2012,15:15,17,9,8
10/12/2012,15:30,10,3,7
10/12/2012,15:45,12,5,7
10/12/2012,16:00,14,4,10
10/12/2012,16:15,13,6,7
10/12/2012,16:30,11,4,7
10/12/2012,16:45,16,7,9
10/12/2012,17:00,17,8,9
10/12/2012,17:15,13,8,5
10/12/2012,17:30,22,7,15
10/12/2012,17:45,14,8,6
10/12/2012,18:00,17,13,4
10/12/2012,18:15,18,10,8
10/12/2012,18:30,13,8,5
10/12/2012,18:45,6,1,5
10/12/2012,19:00,5,4,1
10/12/2012,19:15,2,1,1
10/12/2012,19:30,12,5,7
10/12/2012,19:45,3,2,1
10/12/2012,20:00,5,3,2
10/12/2012,20:15,3,1,2
10/12/2012,20:30,1,1,0
10/12/2012,20:45,1,0,1
10/12/2012,21:00,5,3,2
10/12/2012,21:15,1,0,1
10/12/2012,21:30,4,3,1
10/12/2012,21:45,4,4,0
10/12/2012,22:00,0,0,0
10/12/2012,22:15,1,0,1
10/12/2012,22:30,0,0,0
10/12/2012,22:45,1,0,1
10/12/2012,23:00,0,0,0
10/12/2012,23:15,0,0,0
10/12/2012,23:30,0,0,0
10/12/2012,23:45,0,0,0
11/12/2012,00:00,2,2,0
11/12/2012,00:15,0,0,0
11/12/2012,00:30,0,0,0
11/12/2012,00:45,0,0,0
11/12/2012,01:00,0,0,0
11/12/2012,01:15,0,0,0
11/12/2012,01:30,0,0,0
11/12/2012,01:45,0,0,0
11/12/2012,02:00,0,0,0
11/12/2012,02:15,0,0,0
11/12/2012,02:30,0,0,0
11/12/2012,02:45,0,0,0
11/12/2012,03:00,0,0,0
11/12/2012,03:15,1,1,0
11/12/2012,03:30,1,1,0
11/12/2012,03:45,1,1,0
11/12/2012,04:00,2,2,0
11/12/2012,04:15,0,0,0
11/12/2012,04:30,2,1,1
11/12/2012,04:45,3,2,1
11/12/2012,05:00,0,0,0
11/12/2012,05:15,4,3,1
11/12/2012,05:30,5,2,3
11/12/2012,05:45,7,1,6
11/12/2012,06:00,10,5,5
11/12/2012,06:15,13,4,9
11/12/2012,06:30,17,2,15
11/12/2012,06:45,8,2,6
11/12/2012,07:00,16,1,15
11/12/2012,07:15,13,6,7
11/12/2012,07:30,13,7,6
11/12/2012,07:45,20,5,15
11/12/2012,08:00,21,13,8
11/12/2012,08:15,18,8,10
11/12/2012,08:30,13,2,11
11/12/2012,08:45,20,8,12
11/12/2012,09:00,9,3,6
11/12/2012,09:15,12,11,1
11/12/2012,09:30,12,5,7
11/12/2012,09:45,4,2,2
11/12/2012,10:00,5,3,2
11/12/2012,10:15,3,0,3
11/12/2012,10:30,3,2,1
11/12/2012,10:45,5,1,4
11/12/2012,11:00,1,1,0
11/12/2012,11:15,5,1,4
11/12/2012,11:30,4,0,4
11/12/2012,11:45,5,3,2
11/12/2012,12:00,5,0,5
11/12/2012,12:15,5,3,2
11/12/2012,12:30,4,2,2
11/12/2012,12:45,5,2,3
11/12/2012,13:00,9,5,4
11/12/2012,13:15,11,8,3
11/12/2012,13:30,4,2,2
11/12/2012,13:45,4,2,2
11/12/2012,14:00,16,7,9
11/12/2012,14:15,5,2,3
11/12/2012,14:30,7,3,4
11/12/2012,14:45,7,4,3
11/12/2012,15:00,7,2,5
11/12/2012,15:15,23,10,13
11/12/2012,15:30,12,3,9
11/12/2012,15:45,13,5,8
11/12/2012,16:00,20,13,7
11/12/2012,16:15,12,5,7
11/12/2012,16:30,15,8,7
11/12/2012,16:45,17,9,8
11/12/2012,17:00,21,11,10
11/12/2012,17:15,12,6,6
11/12/2012,17:30,14,10,4
11/12/2012,17:45,15,8,7
11/12/2012,18:00,14,7,7
11/12/2012,18:15,19,12,7
11/12/2012,18:30,9,6,3
11/12/2012,18:45,8,5,3
11/12/2012,19:00,12,5,7
11/12/2012,19:15,6,2,4
11/12/2012,19:30,5,4,1
11/12/2012,19:45,8,6,2
11/12/2012,20:00,4,3,1
11/12/2012,20:15,4,2,2
11/12/2012,20:30,2,1,1
11/12/2012,20:45,4,2,2
11/12/2012,21:00,1,1,0
11/12/2012,21:15,5,1,4
11/12/2012,21:30,1,1,0
11/12/2012,21:45,2,2,0
11/12/2012,22:00,1,1,0
11/12/2012,22:15,0,0,0
11/12/2012,22:30,2,1,1
11/12/2012,22:45,0,0,0
11/12/2012,23:00,1,0,1
11/12/2012,23:15,3,1,2
11/12/2012,23:30,0,0,0
11/12/2012,23:45,0,0,0
12/12/2012,00:00,0,0,0
12/12/2012,00:15,1,1,0
12/12/2012,00:30,0,0,0
12/12/2012,00:45,0,0,0
12/12/2012,01:00,1,1,0
12/12/2012,01:15,0,0,0
12/12/2012,01:30,0,0,0
12/12/2012,01:45,1,1,0
12/12/2012,02:00,0,0,0
12/12/2012,02:15,0,0,0
12/12/2012,02:30,0,0,0
12/12/2012,02:45,1,1,0
12/12/2012,03:00,0,0,0
12/12/2012,03:15,1,1,0
12/12/2012,03:30,1,1,0
12/12/2012,03:45,0,0,0
12/12/2012,04:00,3,1,2
12/12/2012,04:15,0,0,0
12/12/2012,04:30,0,0,0
12/12/2012,04:45,1,1,0
12/12/2012,05:00,2,1,1
12/12/2012,05:15,4,3,1
12/12/2012,05:30,4,2,2
12/12/2012,05:45,3,1,2
12/12/2012,06:00,8,4,4
12/12/2012,06:15,7,5,2
12/12/2012,06:30,11,4,7
12/12/2012,06:45,16,5,11
12/12/2012,07:00,26,7,19
12/12/2012,07:15,18,10,8
12/12/2012,07:30,11,2,9
12/12/2012,07:45,15,9,6
12/12/2012,08:00,14,4,10
12/12/2012,08:15,15,2,13
12/12/2012,08:30,12,3,9
12/12/2012,08:45,13,8,5
12/12/2012,09:00,4,3,1
12/12/2012,09:15,5,2,3
12/12/2012,09:30,11,6,5
12/12/2012,09:45,3,2,1
12/12/2012,10:00,2,0,2
12/12/2012,10:15,4,2,2
12/12/2012,10:30,6,2,4
12/12/2012,10:45,11,7,4
12/12/2012,11:00,8,4,4
12/12/2012,11:15,6,3,3
12/12/2012,11:30,1,0,1
12/12/2012,11:45,8,2,6
12/12/2012,12:00,4,3,1
12/12/2012,12:15,9,5,4
12/12/2012,12:30,8,2,6
12/12/2012,12:45,5,4,1
12/12/2012,13:00,7,4,3
12/12/2012,13:15,1,0,1
12/12/2012,13:30,3,2,1
12/12/2012,13:45,4,1,3
12/12/2012,14:00,10,1,9
12/12/2012,14:15,5,1,4
12/12/2012,14:30,11,2,9
12/12/2012,14:45,11,4,7
12/12/2012,15:00,7,3,4
12/12/2012,15:15,11,8,3
12/12/2012,15:30,5,2,3
12/12/2012,15:45,13,6,7
12/12/2012,16:00,14,9,5
12/12/2012,16:15,7,1,6
12/12/2012,16:30,13,6,7
12/12/2012,16:45,18,11,7
12/12/2012,17:00,22,8,14
12/12/2012,17:15,22,11,11
12/12/2012,17:30,19,10,9
12/12/2012,17:45,16,11,5
12/12/2012,18:00,14,6,8
12/12/2012,18:15,12,8,4
12/12/2012,18:30,7,5,2
12/12/2012,18:45,6,3,3
12/12/2012,19:00,9,5,4
12/12/2012,19:15,6,2,4
12/12/2012,19:30,6,5,1
12/12/2012,19:45,1,1,0
12/12/2012,20:00,4,1,3
12/12/2012,20:15,6,4,2
12/12/2012,20:30,2,2,0
12/12/2012,20:45,2,1,1
12/12/2012,21:00,2,1,1
12/12/2012,21:15,0,0,0
12/12/2012,21:30,0,0,0
12/12/2012,21:45,1,0,1
12/12/2012,22:00,2,1,1
12/12/2012,22:15,1,1,0
12/12/2012,22:30,3,1,2
12/12/2012,22:45,0,0,0
12/12/2012,23:00,1,1,0
12/12/2012,23:15,0,0,0
12/12/2012,23:30,1,0,1
12/12/2012,23:45,0,0,0
13/12/2012,00:00,1,0,1
13/12/2012,00:15,4,3,1
13/12/2012,00:30,1,0,1
13/12/2012,00:45,0,0,0
13/12/2012,01:00,0,0,0
13/12/2012,01:15,2,2,0
13/12/2012,01:30,0,0,0
13/12/2012,01:45,0,0,0
13/12/2012,02:00,0,0,0
13/12/2012,02:15,0,0,0
13/12/2012,02:30,0,0,0
13/12/2012,02:45,1,1,0
13/12/2012,03:00,1,1,0
13/12/2012,03:15,1,1,0
13/12/2012,03:30,0,0,0
13/12/2012,03:45,2,2,0
13/12/2012,04:00,0,0,0
13/12/2012,04:15,0,0,0
13/12/2012,04:30,1,0,1
13/12/2012,04:45,0,0,0
13/12/2012,05:00,0,0,0
13/12/2012,05:15,4,3,1
13/12/2012,05:30,5,1,4
13/12/2012,05:45,7,2,5
13/12/2012,06:00,9,7,2
13/12/2012,06:15,12,6,6
13/12/2012,06:30,13,4,9
13/12/2012,06:45,21,9,12
13/12/2012,07:00,13,2,11
13/12/2012,07:15,23,14,9
13/12/2012,07:30,12,3,9
13/12/2012,07:45,12,4,8
13/12/2012,08:00,15,6,9
13/12/2012,08:15,17,7,10
13/12/2012,08:30,11,3,8
13/12/2012,08:45,11,6,5
13/12/2012,09:00,3,2,1
13/12/2012,09:15,7,3,4
13/12/2012,09:30,9,6,3
13/12/2012,09:45,6,1,5
13/12/2012,10:00,5,4,1
13/12/2012,10:15,5,1,4
13/12/2012,10:30,5,4,1
13/12/2012,10:45,11,8,3
13/12/2012,11:00,7,1,6
13/12/2012,11:15,12,9,3
13/12/2012,11:30,31,25,6
13/12/2012,11:45,32,28,4
13/12/2012,12:00,24,22,2
13/12/2012,12:15,37,33,4
13/12/2012,12:30,24,22,2
13/12/2012,12:45,18,11,7
13/12/2012,13:00,18,13,5
13/12/2012,13:15,8,5,3
13/12/2012,13:30,15,12,3
13/12/2012,13:45,10,4,6
13/12/2012,14:00,16,12,4
13/12/2012,14:15,8,3,5
13/12/2012,14:30,5,2,3
13/12/2012,14:45,8,3,5
13/12/2012,15:00,17,5,12
13/12/2012,15:15,10,5,5
13/12/2012,15:30,9,3,6
13/12/2012,15:45,13,10,3
13/12/2012,16:00,14,8,6
13/12/2012,16:15,17,9,8
13/12/2012,16:30,18,5,13
13/12/2012,16:45,18,7,11
13/12/2012,17:00,15,9,6
13/12/2012,17:15,11,5,6
13/12/2012,17:30,14,7,7
13/12/2012,17:45,15,10,5
13/12/2012,18:00,15,10,5
13/12/2012,18:15,14,8,6
13/12/2012,18:30,9,7,2
13/12/2012,18:45,8,5,3
13/12/2012,19:00,8,7,1
13/12/2012,19:15,3,3,0
13/12/2012,19:30,3,2,1
13/12/2012,19:45,2,1,1
13/12/2012,20:00,1,1,0
13/12/2012,20:15,2,1,1
13/12/2012,20:30,3,2,1
13/12/2012,20:45,1,1,0
13/12/2012,21:00,3,0,3
13/12/2012,21:15,3,2,1
13/12/2012,21:30,0,0,0
13/12/2012,21:45,1,1,0
13/12/2012,22:00,1,1,0
13/12/2012,22:15,0,0,0
13/12/2012,22:30,0,0,0
13/12/2012,22:45,1,1,0
13/12/2012,23:00,0,0,0
13/12/2012,23:15,2,0,2
13/12/2012,23:30,1,1,0
13/12/2012,23:45,2,2,0
14/12/2012,00:00,1,0,1
14/12/2012,00:15,0,0,0
14/12/2012,00:30,0,0,0
14/12/2012,00:45,0,0,0
14/12/2012,01:00,0,0,0
14/12/2012,01:15,2,0,2
14/12/2012,01:30,0,0,0
14/12/2012,01:45,1,0,1
14/12/2012,02:00,0,0,0
14/12/2012,02:15,0,0,0
14/12/2012,02:30,0,0,0
14/12/2012,02:45,2,2,0
14/12/2012,03:00,0,0,0
14/12/2012,03:15,2,2,0
14/12/2012,03:30,0,0,0
14/12/2012,03:45,0,0,0
14/12/2012,04:00,1,1,0
14/12/2012,04:15,1,1,0
14/12/2012,04:30,1,1,0
14/12/2012,04:45,0,0,0
14/12/2012,05:00,2,1,1
14/12/2012,05:15,2,2,0
14/12/2012,05:30,6,2,4
14/12/2012,05:45,6,2,4
14/12/2012,06:00,8,5,3
14/12/2012,06:15,10,5,5
14/12/2012,06:30,14,4,10
14/12/2012,06:45,8,5,3
14/12/2012,07:00,16,4,12
14/12/2012,07:15,21,5,16
14/12/2012,07:30,15,8,7
14/12/2012,07:45,10,3,7
14/12/2012,08:00,15,9,6
14/12/2012,08:15,13,5,8
14/12/2012,08:30,9,3,6
14/12/2012,08:45,19,12,7
14/12/2012,09:00,14,5,9
14/12/2012,09:15,5,2,3
14/12/2012,09:30,3,0,3
14/12/2012,09:45,7,4,3
14/12/2012,10:00,4,4,0
14/12/2012,10:15,5,4,1
14/12/2012,10:30,6,3,3
14/12/2012,10:45,7,1,6
14/12/2012,11:00,5,3,2
14/12/2012,11:15,12,7,5
14/12/2012,11:30,12,8,4
14/12/2012,11:45,6,5,1
14/12/2012,12:00,15,9,6
14/12/2012,12:15,11,8,3
14/12/2012,12:30,7,3,4
14/12/2012,12:45,11,6,5
14/12/2012,13:00,10,8,2
14/12/2012,13:15,12,8,4
14/12/2012,13:30,10,7,3
14/12/2012,13:45,11,4,7
14/12/2012,14:00,14,13,1
14/12/2012,14:15,10,5,5
14/12/2012,14:30,17,7,10
14/12/2012,14:45,14,6,8
14/12/2012,15:00,10,6,4
14/12/2012,15:15,14,7,7
14/12/2012,15:30,22,9,13
14/12/2012,15:45,12,6,6
14/12/2012,16:00,9,6,3
14/12/2012,16:15,26,12,14
14/12/2012,16:30,17,8,9
14/12/2012,16:45,24,13,11
14/12/2012,17:00,11,5,6
14/12/2012,17:15,23,11,12
14/12/2012,17:30,11,7,4
14/12/2012,17:45,14,10,4
14/12/2012,18:00,10,5,5
14/12/2012,18:15,7,4,3
14/12/2012,18:30,12,4,8
14/12/2012,18:45,5,5,0
14/12/2012,19:00,8,4,4
14/12/2012,19:15,3,1,2
14/12/2012,19:30,7,4,3
14/12/2012,19:45,3,1,2
14/12/2012,20:00,2,1,1
14/12/2012,20:15,3,1,2
14/12/2012,20:30,0,0,0
14/12/2012,20:45,2,2,0
14/12/2012,21:00,1,1,0
14/12/2012,21:15,1,0,1
14/12/2012,21:30,1,0,1
14/12/2012,21:45,5,3,2
14/12/2012,22:00,2,2,0
14/12/2012,22:15,2,2,0
14/12/2012,22:30,1,0,1
14/12/2012,22:45,0,0,0
14/12/2012,23:00,1,1,0
14/12/2012,23:15,4,0,4
14/12/2012,23:30,0,0,0
14/12/2012,23:45,1,0,1
15/12/2012,00:00,0,0,0
15/12/2012,00:15,1,1,0
15/12/2012,00:30,3,1,2
15/12/2012,00:45,0,0,0
15/12/2012,01:00,2,0,2
15/12/2012,01:15,1,0,1
15/12/2012,01:30,0,0,0
15/12/2012,01:45,0,0,0
15/12/2012,02:00,1,1,0
15/12/2012,02:15,0,0,0
15/12/2012,02:30,0,0,0
15/12/2012,02:45,0,0,0
15/12/2012,03:00,0,0,0
15/12/2012,03:15,0,0,0
15/12/2012,03:30,0,0,0
15/12/2012,03:45,0,0,0
15/12/2012,04:00,0,0,0
15/12/2012,04:15,0,0,0
15/12/2012,04:30,1,1,0
15/12/2012,04:45,0,0,0
15/12/2012,05:00,1,1,0
15/12/2012,05:15,2,1,1
15/12/2012,05:30,2,2,0
15/12/2012,05:45,2,1,1
15/12/2012,06:00,2,1,1
15/12/2012,06:15,4,2,2
15/12/2012,06:30,5,2,3
15/12/2012,06:45,7,4,3
15/12/2012,07:00,6,3,3
15/12/2012,07:15,14,7,7
15/12/2012,07:30,2,2,0
15/12/2012,07:45,6,4,2
15/12/2012,08:00,3,3,0
15/12/2012,08:15,11,6,5
15/12/2012,08:30,15,13,2
15/12/2012,08:45,15,10,5
15/12/2012,09:00,12,9,3
15/12/2012,09:15,9,5,4
15/12/2012,09:30,11,7,4
15/12/2012,09:45,19,6,13
15/12/2012,10:00,20,7,13
15/12/2012,10:15,14,5,9
15/12/2012,10:30,20,9,11
15/12/2012,10:45,22,7,15
15/12/2012,11:00,14,5,9
15/12/2012,11:15,18,7,11
15/12/2012,11:30,24,12,12
15/12/2012,11:45,23,11,12
15/12/2012,12:00,23,15,8
15/12/2012,12:15,16,7,9
15/12/2012,12:30,29,15,14
15/12/2012,12:45,25,18,7
15/12/2012,13:00,30,18,12
15/12/2012,13:15,31,16,15
15/12/2012,13:30,23,14,9
15/12/2012,13:45,28,11,17
15/12/2012,14:00,30,10,20
15/12/2012,14:15,22,11,11
15/12/2012,14:30,18,8,10
15/12/2012,14:45,34,14,20
15/12/2012,15:00,23,12,11
15/12/2012,15:15,29,16,13
15/12/2012,15:30,39,16,23
15/12/2012,15:45,23,14,9
15/12/2012,16:00,23,13,10
15/12/2012,16:15,29,10,19
15/12/2012,16:30,14,8,6
15/12/2012,16:45,18,11,7
15/12/2012,17:00,10,3,7
15/12/2012,17:15,8,2,6
15/12/2012,17:30,4,0,4
15/12/2012,17:45,7,2,5
15/12/2012,18:00,3,1,2
15/12/2012,18:15,2,0,2
15/12/2012,18:30,1,1,0
15/12/2012,18:45,1,1,0
15/12/2012,19:00,5,1,4
15/12/2012,19:15,3,1,2
15/12/2012,19:30,3,1,2
15/12/2012,19:45,1,0,1
15/12/2012,20:00,0,0,0
15/12/2012,20:15,0,0,0
15/12/2012,20:30,1,1,0
15/12/2012,20:45,0,0,0
15/12/2012,21:00,1,1,0
15/12/2012,21:15,0,0,0
15/12/2012,21:30,0,0,0
15/12/2012,21:45,2,1,1
15/12/2012,22:00,2,0,2
15/12/2012,22:15,2,1,1
15/12/2012,22:30,0,0,0
15/12/2012,22:45,1,0,1
15/12/2012,23:00,2,2,0
15/12/2012,23:15,0,0,0
15/12/2012,23:30,0,0,0
15/12/2012,23:45,0,0,0
16/12/2012,00:00,1,0,1
16/12/2012,00:15,2,0,2
16/12/2012,00:30,0,0,0
16/12/2012,00:45,0,0,0
16/12/2012,01:00,0,0,0
16/12/2012,01:15,0,0,0
16/12/2012,01:30,0,0,0
16/12/2012,01:45,0,0,0
16/12/2012,02:00,0,0,0
16/12/2012,02:15,0,0,0
16/12/2012,02:30,0,0,0
16/12/2012,02:45,0,0,0
16/12/2012,03:00,2,2,0
16/12/2012,03:15,0,0,0
16/12/2012,03:30,1,1,0
16/12/2012,03:45,1,1,0
16/12/2012,04:00,0,0,0
16/12/2012,04:15,0,0,0
16/12/2012,04:30,0,0,0
16/12/2012,04:45,1,0,1
16/12/2012,05:00,0,0,0
16/12/2012,05:15,0,0,0
16/12/2012,05:30,2,2,0
16/12/2012,05:45,0,0,0
16/12/2012,06:00,1,1,0
16/12/2012,06:15,1,1,0
16/12/2012,06:30,1,0,1
16/12/2012,06:45,1,0,1
16/12/2012,07:00,2,2,0
16/12/2012,07:15,2,1,1
16/12/2012,07:30,2,1,1
16/12/2012,07:45,3,1,2
16/12/2012,08:00,2,1,1
16/12/2012,08:15,3,3,0
16/12/2012,08:30,10,4,6
16/12/2012,08:45,7,6,1
16/12/2012,09:00,6,4,2
16/12/2012,09:15,8,4,4
16/12/2012,09:30,12,9,3
16/12/2012,09:45,6,4,2
16/12/2012,10:00,7,3,4
16/12/2012,10:15,18,12,6
16/12/2012,10:30,13,4,9
16/12/2012,10:45,12,9,3
16/12/2012,11:00,7,4,3
16/12/2012,11:15,13,4,9
16/12/2012,11:30,16,11,5
16/12/2012,11:45,23,11,12
16/12/2012,12:00,15,4,11
16/12/2012,12:15,10,3,7
16/12/2012,12:30,18,10,8
16/12/2012,12:45,14,6,8
16/12/2012,13:00,8,5,3
16/12/2012,13:15,12,2,10
16/12/2012,13:30,12,7,5
16/12/2012,13:45,8,2,6
16/12/2012,14:00,6,1,5
16/12/2012,14:15,5,2,3
16/12/2012,14:30,14,2,12
16/12/2012,14:45,13,2,11
16/12/2012,15:00,19,6,13
16/12/2012,15:15,18,9,9
16/12/2012,15:30,12,8,4
16/12/2012,15:45,15,10,5
16/12/2012,16:00,12,8,4
16/12/2012,16:15,3,1,2
16/12/2012,16:30,6,1,5
16/12/2012,16:45,13,6,7
16/12/2012,17:00,10,3,7
16/12/2012,17:15,5,2,3
16/12/2012,17:30,6,2,4
16/12/2012,17:45,4,1,3
16/12/2012,18:00,0,0,0
16/12/2012,18:15,2,0,2
16/12/2012,18:30,0,0,0
16/12/2012,18:45,0,0,0
16/12/2012,19:00,1,0,1
16/12/2012,19:15,0,0,0
16/12/2012,19:30,2,0,2
16/12/2012,19:45,2,0,2
16/12/2012,20:00,0,0,0
16/12/2012,20:15,1,0,1
16/12/2012,20:30,1,1,0
16/12/2012,20:45,0,0,0
16/12/2012,21:00,0,0,0
16/12/2012,21:15,1,0,1
16/12/2012,21:30,3,2,1
16/12/2012,21:45,2,0,2
16/12/2012,22:00,0,0,0
16/12/2012,22:15,0,0,0
16/12/2012,22:30,0,0,0
16/12/2012,22:45,0,0,0
16/12/2012,23:00,1,0,1
16/12/2012,23:15,1,1,0
16/12/2012,23:30,1,0,1
16/12/2012,23:45,1,1,0
17/12/2012,00:00,0,0,0
17/12/2012,00:15,0,0,0
17/12/2012,00:30,0,0,0
17/12/2012,00:45,0,0,0
17/12/2012,01:00,0,0,0
17/12/2012,01:15,0,0,0
17/12/2012,01:30,0,0,0
17/12/2012,01:45,0,0,0
17/12/2012,02:00,0,0,0
17/12/2012,02:15,0,0,0
17/12/2012,02:30,0,0,0
17/12/2012,02:45,0,0,0
17/12/2012,03:00,0,0,0
17/12/2012,03:15,0,0,0
17/12/2012,03:30,0,0,0
17/12/2012,03:45,1,1,0
17/12/2012,04:00,3,3,0
17/12/2012,04:15,1,0,1
17/12/2012,04:30,1,0,1
17/12/2012,04:45,1,0,1
17/12/2012,05:00,1,1,0
17/12/2012,05:15,4,2,2
17/12/2012,05:30,7,3,4
17/12/2012,05:45,6,3,3
17/12/2012,06:00,8,3,5
17/12/2012,06:15,8,3,5
17/12/2012,06:30,18,8,10
17/12/2012,06:45,13,5,8
17/12/2012,07:00,12,5,7
17/12/2012,07:15,7,2,5
17/12/2012,07:30,13,4,9
17/12/2012,07:45,12,5,7
17/12/2012,08:00,13,4,9
17/12/2012,08:15,9,4,5
17/12/2012,08:30,13,8,5
17/12/2012,08:45,14,3,11
17/12/2012,09:00,4,4,0
17/12/2012,09:15,5,4,1
17/12/2012,09:30,6,3,3
17/12/2012,09:45,8,5,3
17/12/2012,10:00,2,2,0
17/12/2012,10:15,5,3,2
17/12/2012,10:30,11,4,7
17/12/2012,10:45,7,5,2
17/12/2012,11:00,6,3,3
17/12/2012,11:15,6,0,6
17/12/2012,11:30,4,1,3
17/12/2012,11:45,9,6,3
17/12/2012,12:00,3,1,2
17/12/2012,12:15,6,3,3
17/12/2012,12:30,5,0,5
17/12/2012,12:45,5,2,3
17/12/2012,13:00,8,6,2
17/12/2012,13:15,5,1,4
17/12/2012,13:30,5,3,2
17/12/2012,13:45,3,2,1
17/12/2012,14:00,3,2,1
17/12/2012,14:15,4,3,1
17/12/2012,14:30,6,2,4
17/12/2012,14:45,10,5,5
17/12/2012,15:00,13,5,8
17/12/2012,15:15,8,1,7
17/12/2012,15:30,7,3,4
17/12/2012,15:45,7,3,4
17/12/2012,16:00,14,7,7
17/12/2012,16:15,12,6,6
17/12/2012,16:30,11,5,6
17/12/2012,16:45,8,4,4
17/12/2012,17:00,15,5,10
17/12/2012,17:15,13,8,5
17/12/2012,17:30,9,7,2
17/12/2012,17:45,14,7,7
17/12/2012,18:00,11,6,5
17/12/2012,18:15,9,4,5
17/12/2012,18:30,11,5,6
17/12/2012,18:45,6,5,1
17/12/2012,19:00,6,4,2
17/12/2012,19:15,4,2,2
17/12/2012,19:30,2,2,0
17/12/2012,19:45,2,1,1
17/12/2012,20:00,2,1,1
17/12/2012,20:15,3,3,0
17/12/2012,20:30,2,0,2
17/12/2012,20:45,0,0,0
17/12/2012,21:00,1,0,1
17/12/2012,21:15,0,0,0
17/12/2012,21:30,2,2,0
17/12/2012,21:45,3,0,3
17/12/2012,22:00,0,0,0
17/12/2012,22:15,0,0,0
17/12/2012,22:30,0,0,0
17/12/2012,22:45,1,0,1
17/12/2012,23:00,2,1,1
17/12/2012,23:15,2,0,2
17/12/2012,23:30,1,1,0
17/12/2012,23:45,0,0,0
18/12/2012,00:00,1,1,0
18/12/2012,00:15,0,0,0
18/12/2012,00:30,0,0,0
18/12/2012,00:45,0,0,0
18/12/2012,01:00,0,0,0
18/12/2012,01:15,0,0,0
18/12/2012,01:30,2,0,2
18/12/2012,01:45,0,0,0
18/12/2012,02:00,1,0,1
18/12/2012,02:15,1,0,1
18/12/2012,02:30,0,0,0
18/12/2012,02:45,0,0,0
18/12/2012,03:00,0,0,0
18/12/2012,03:15,2,2,0
18/12/2012,03:30,0,0,0
18/12/2012,03:45,0,0,0
18/12/2012,04:00,2,1,1
18/12/2012,04:15,2,1,1
18/12/2012,04:30,1,0,1
18/12/2012,04:45,1,1,0
18/12/2012,05:00,4,4,0
18/12/2012,05:15,5,4,1
18/12/2012,05:30,10,5,5
18/12/2012,05:45,9,3,6
18/12/2012,06:00,13,8,5
18/12/2012,06:15,12,3,9
18/12/2012,06:30,10,3,7
18/12/2012,06:45,15,2,13
18/12/2012,07:00,15,5,10
18/12/2012,07:15,15,7,8
18/12/2012,07:30,19,7,12
18/12/2012,07:45,18,10,8
18/12/2012,08:00,13,6,7
18/12/2012,08:15,16,11,5
18/12/2012,08:30,11,5,6
18/12/2012,08:45,10,6,4
18/12/2012,09:00,9,7,2
18/12/2012,09:15,10,1,9
18/12/2012,09:30,8,5,3
18/12/2012,09:45,8,3,5
18/12/2012,10:00,13,4,9
18/12/2012,10:15,3,0,3
18/12/2012,10:30,6,3,3
18/12/2012,10:45,8,4,4
18/12/2012,11:00,13,3,10
18/12/2012,11:15,10,4,6
18/12/2012,11:30,9,5,4
18/12/2012,11:45,11,5,6
18/12/2012,12:00,9,3,6
18/12/2012,12:15,10,4,6
18/12/2012,12:30,13,6,7
18/12/2012,12:45,12,5,7
18/12/2012,13:00,10,4,6
18/12/2012,13:15,14,5,9
18/12/2012,13:30,5,4,1
18/12/2012,13:45,15,8,7
18/12/2012,14:00,9,3,6
18/12/2012,14:15,10,3,7
18/12/2012,14:30,10,3,7
18/12/2012,14:45,13,5,8
18/12/2012,15:00,11,5,6
18/12/2012,15:15,16,7,9
18/12/2012,15:30,20,6,14
18/12/2012,15:45,20,7,13
18/12/2012,16:00,9,5,4
18/12/2012,16:15,14,5,9
18/12/2012,16:30,17,7,10
18/12/2012,16:45,16,8,8
18/12/2012,17:00,7,2,5
18/12/2012,17:15,17,7,10
18/12/2012,17:30,15,12,3
18/12/2012,17:45,15,6,9
18/12/2012,18:00,18,10,8
18/12/2012,18:15,11,7,4
18/12/2012,18:30,6,5,1
18/12/2012,18:45,10,4,6
18/12/2012,19:00,11,6,5
18/12/2012,19:15,6,5,1
18/12/2012,19:30,5,4,1
18/12/2012,19:45,3,1,2
18/12/2012,20:00,6,5,1
18/12/2012,20:15,3,3,0
18/12/2012,20:30,3,3,0
18/12/2012,20:45,2,2,0
18/12/2012,21:00,2,0,2
18/12/2012,21:15,1,0,1
18/12/2012,21:30,2,1,1
18/12/2012,21:45,4,2,2
18/12/2012,22:00,3,2,1
18/12/2012,22:15,0,0,0
18/12/2012,22:30,1,0,1
18/12/2012,22:45,3,1,2
18/12/2012,23:00,4,1,3
18/12/2012,23:15,0,0,0
18/12/2012,23:30,0,0,0
18/12/2012,23:45,2,1,1
19/12/2012,00:00,0,0,0
19/12/2012,00:15,0,0,0
19/12/2012,00:30,0,0,0
19/12/2012,00:45,1,1,0
19/12/2012,01:00,1,0,1
19/12/2012,01:15,0,0,0
19/12/2012,01:30,0,0,0
19/12/2012,01:45,0,0,0
19/12/2012,02:00,0,0,0
19/12/2012,02:15,0,0,0
19/12/2012,02:30,0,0,0
19/12/2012,02:45,1,0,1
19/12/2012,03:00,0,0,0
19/12/2012,03:15,0,0,0
19/12/2012,03:30,2,1,1
19/12/2012,03:45,2,1,1
19/12/2012,04:00,0,0,0
19/12/2012,04:15,3,2,1
19/12/2012,04:30,0,0,0
19/12/2012,04:45,0,0,0
19/12/2012,05:00,2,1,1
19/12/2012,05:15,5,5,0
19/12/2012,05:30,4,1,3
19/12/2012,05:45,7,5,2
19/12/2012,06:00,7,3,4
19/12/2012,06:15,12,8,4
19/12/2012,06:30,8,6,2
19/12/2012,06:45,13,2,11
19/12/2012,07:00,14,4,10
19/12/2012,07:15,15,2,13
19/12/2012,07:30,11,3,8
19/12/2012,07:45,14,6,8
19/12/2012,08:00,17,4,13
19/12/2012,08:15,15,7,8
19/12/2012,08:30,13,5,8
19/12/2012,08:45,15,5,10
19/12/2012,09:00,4,2,2
19/12/2012,09:15,11,7,4
19/12/2012,09:30,8,4,4
19/12/2012,09:45,7,4,3
19/12/2012,10:00,7,2,5
19/12/2012,10:15,2,2,0
19/12/2012,10:30,3,2,1
19/12/2012,10:45,9,3,6
19/12/2012,11:00,10,2,8
19/12/2012,11:15,9,5,4
19/12/2012,11:30,5,1,4
19/12/2012,11:45,8,3,5
19/12/2012,12:00,2,1,1
19/12/2012,12:15,9,6,3
19/12/2012,12:30,11,6,5
19/12/2012,12:45,15,4,11
19/12/2012,13:00,9,5,4
19/12/2012,13:15,7,2,5
19/12/2012,13:30,8,4,4
19/12/2012,13:45,3,1,2
19/12/2012,14:00,7,5,2
19/12/2012,14:15,11,5,6
19/12/2012,14:30,9,4,5
19/12/2012,14:45,9,4,5
19/12/2012,15:00,8,3,5
19/12/2012,15:15,14,6,8
19/12/2012,15:30,8,5,3
19/12/2012,15:45,12,5,7
19/12/2012,16:00,16,5,11
19/12/2012,16:15,13,4,9
19/12/2012,16:30,14,9,5
19/12/2012,16:45,17,10,7
19/12/2012,17:00,22,19,3
19/12/2012,17:15,17,10,7
19/12/2012,17:30,10,6,4
19/12/2012,17:45,15,7,8
19/12/2012,18:00,14,8,6
19/12/2012,18:15,15,5,10
19/12/2012,18:30,7,7,0
19/12/2012,18:45,10,8,2
19/12/2012,19:00,5,5,0
19/12/2012,19:15,6,5,1
19/12/2012,19:30,4,3,1
19/12/2012,19:45,7,5,2
19/12/2012,20:00,4,2,2
19/12/2012,20:15,3,1,2
19/12/2012,20:30,2,1,1
19/12/2012,20:45,10,9,1
19/12/2012,21:00,2,1,1
19/12/2012,21:15,2,0,2
19/12/2012,21:30,1,1,0
19/12/2012,21:45,0,0,0
19/12/2012,22:00,1,0,1
19/12/2012,22:15,0,0,0
19/12/2012,22:30,4,1,3
19/12/2012,22:45,1,0,1
19/12/2012,23:00,2,1,1
19/12/2012,23:15,0,0,0
19/12/2012,23:30,0,0,0
19/12/2012,23:45,1,1,0
20/12/2012,00:00,0,0,0
20/12/2012,00:15,1,1,0
20/12/2012,00:30,0,0,0
20/12/2012,00:45,2,2,0
20/12/2012,01:00,1,0,1
20/12/2012,01:15,0,0,0
20/12/2012,01:30,0,0,0
20/12/2012,01:45,0,0,0
20/12/2012,02:00,0,0,0
20/12/2012,02:15,0,0,0
20/12/2012,02:30,1,0,1
20/12/2012,02:45,0,0,0
20/12/2012,03:00,0,0,0
20/12/2012,03:15,0,0,0
20/12/2012,03:30,0,0,0
20/12/2012,03:45,0,0,0
20/12/2012,04:00,1,1,0
20/12/2012,04:15,4,3,1
20/12/2012,04:30,0,0,0
20/12/2012,04:45,4,1,3
20/12/2012,05:00,2,2,0
20/12/2012,05:15,5,4,1
20/12/2012,05:30,3,1,2
20/12/2012,05:45,3,3,0
20/12/2012,06:00,4,1,3
20/12/2012,06:15,12,6,6
20/12/2012,06:30,9,3,6
20/12/2012,06:45,11,6,5
20/12/2012,07:00,10,4,6
20/12/2012,07:15,10,1,9
20/12/2012,07:30,17,8,9
20/12/2012,07:45,19,9,10
20/12/2012,08:00,14,6,8
20/12/2012,08:15,17,7,10
20/12/2012,08:30,12,8,4
20/12/2012,08:45,11,5,6
20/12/2012,09:00,12,3,9
20/12/2012,09:15,6,5,1
20/12/2012,09:30,6,3,3
20/12/2012,09:45,6,4,2
20/12/2012,10:00,4,1,3
20/12/2012,10:15,3,0,3
20/12/2012,10:30,10,1,9
20/12/2012,10:45,6,4,2
20/12/2012,11:00,2,1,1
20/12/2012,11:15,8,6,2
20/12/2012,11:30,11,3,8
20/12/2012,11:45,13,7,6
20/12/2012,12:00,7,3,4
20/12/2012,12:15,6,2,4
20/12/2012,12:30,9,5,4
20/12/2012,12:45,5,2,3
20/12/2012,13:00,8,1,7
20/12/2012,13:15,3,1,2
20/12/2012,13:30,6,2,4
20/12/2012,13:45,6,2,4
20/12/2012,14:00,8,0,8
20/12/2012,14:15,11,4,7
20/12/2012,14:30,5,1,4
20/12/2012,14:45,5,1,4
20/12/2012,15:00,7,4,3
20/12/2012,15:15,8,3,5
20/12/2012,15:30,6,2,4
20/12/2012,15:45,3,0,3
20/12/2012,16:00,13,5,8
20/12/2012,16:15,15,6,9
20/12/2012,16:30,11,6,5
20/12/2012,16:45,12,5,7
20/12/2012,17:00,12,7,5
20/12/2012,17:15,10,7,3
20/12/2012,17:30,12,7,5
20/12/2012,17:45,6,4,2
20/12/2012,18:00,5,4,1
20/12/2012,18:15,8,4,4
20/12/2012,18:30,7,5,2
20/12/2012,18:45,3,2,1
20/12/2012,19:00,4,3,1
20/12/2012,19:15,4,3,1
20/12/2012,19:30,3,2,1
20/12/2012,19:45,1,0,1
20/12/2012,20:00,2,1,1
20/12/2012,20:15,1,0,1
20/12/2012,20:30,0,0,0
20/12/2012,20:45,1,0,1
20/12/2012,21:00,1,1,0
20/12/2012,21:15,1,0,1
20/12/2012,21:30,1,1,0
20/12/2012,21:45,1,1,0
20/12/2012,22:00,0,0,0
20/12/2012,22:15,0,0,0
20/12/2012,22:30,0,0,0
20/12/2012,22:45,0,0,0
20/12/2012,23:00,0,0,0
20/12/2012,23:15,1,0,1
20/12/2012,23:30,0,0,0
20/12/2012,23:45,0,0,0
21/12/2012,00:00,0,0,0
21/12/2012,00:15,1,0,1
21/12/2012,00:30,0,0,0
21/12/2012,00:45,1,1,0
21/12/2012,01:00,0,0,0
21/12/2012,01:15,0,0,0
21/12/2012,01:30,1,0,1
21/12/2012,01:45,0,0,0
21/12/2012,02:00,0,0,0
21/12/2012,02:15,0,0,0
21/12/2012,02:30,0,0,0
21/12/2012,02:45,0,0,0
21/12/2012,03:00,0,0,0
21/12/2012,03:15,0,0,0
21/12/2012,03:30,0,0,0
21/12/2012,03:45,1,1,0
21/12/2012,04:00,2,2,0
21/12/2012,04:15,2,0,2
21/12/2012,04:30,3,1,2
21/12/2012,04:45,0,0,0
21/12/2012,05:00,2,1,1
21/12/2012,05:15,2,2,0
21/12/2012,05:30,1,0,1
21/12/2012,05:45,4,3,1
21/12/2012,06:00,5,2,3
21/12/2012,06:15,6,3,3
21/12/2012,06:30,5,3,2
21/12/2012,06:45,7,2,5
21/12/2012,07:00,6,2,4
21/12/2012,07:15,10,6,4
21/12/2012,07:30,7,2,5
21/12/2012,07:45,16,8,8
21/12/2012,08:00,13,4,9
21/12/2012,08:15,10,7,3
21/12/2012,08:30,9,6,3
21/12/2012,08:45,13,7,6
21/12/2012,09:00,12,7,5
21/12/2012,09:15,4,3,1
21/12/2012,09:30,4,3,1
21/12/2012,09:45,1,1,0
21/12/2012,10:00,5,2,3
21/12/2012,10:15,4,2,2
21/12/2012,10:30,2,1,1
21/12/2012,10:45,1,0,1
21/12/2012,11:00,7,0,7
21/12/2012,11:15,7,3,4
21/12/2012,11:30,4,0,4
21/12/2012,11:45,1,0,1
21/12/2012,12:00,3,1,2
21/12/2012,12:15,8,1,7
21/12/2012,12:30,8,1,7
21/12/2012,12:45,5,2,3
21/12/2012,13:00,2,1,1
21/12/2012,13:15,5,1,4
21/12/2012,13:30,0,0,0
21/12/2012,13:45,5,3,2
21/12/2012,14:00,8,3,5
21/12/2012,14:15,6,1,5
21/12/2012,14:30,7,3,4
21/12/2012,14:45,5,4,1
21/12/2012,15:00,12,3,9
21/12/2012,15:15,7,3,4
21/12/2012,15:30,9,3,6
21/12/2012,15:45,8,4,4
21/12/2012,16:00,7,3,4
21/12/2012,16:15,7,4,3
21/12/2012,16:30,8,2,6
21/12/2012,16:45,8,4,4
21/12/2012,17:00,5,4,1
21/12/2012,17:15,5,4,1
21/12/2012,17:30,4,1,3
21/12/2012,17:45,3,2,1
21/12/2012,18:00,4,2,2
21/12/2012,18:15,3,2,1
21/12/2012,18:30,4,1,3
21/12/2012,18:45,5,2,3
21/12/2012,19:00,4,4,0
21/12/2012,19:15,3,1,2
21/12/2012,19:30,1,0,1
21/12/2012,19:45,1,0,1
21/12/2012,20:00,1,1,0
21/12/2012,20:15,1,1,0
21/12/2012,20:30,1,0,1
21/12/2012,20:45,0,0,0
21/12/2012,21:00,1,0,1
21/12/2012,21:15,0,0,0
21/12/2012,21:30,0,0,0
21/12/2012,21:45,3,1,2
21/12/2012,22:00,2,2,0
21/12/2012,22:15,1,0,1
21/12/2012,22:30,0,0,0
21/12/2012,22:45,1,1,0
21/12/2012,23:00,1,1,0
21/12/2012,23:15,1,1,0
21/12/2012,23:30,1,0,1
21/12/2012,23:45,0,0,0
22/12/2012,00:00,0,0,0
22/12/2012,00:15,2,2,0
22/12/2012,00:30,2,0,2
22/12/2012,00:45,1,0,1
22/12/2012,01:00,0,0,0
22/12/2012,01:15,0,0,0
22/12/2012,01:30,0,0,0
22/12/2012,01:45,2,2,0
22/12/2012,02:00,0,0,0
22/12/2012,02:15,0,0,0
22/12/2012,02:30,0,0,0
22/12/2012,02:45,0,0,0
22/12/2012,03:00,0,0,0
22/12/2012,03:15,0,0,0
22/12/2012,03:30,1,1,0
22/12/2012,03:45,0,0,0
22/12/2012,04:00,1,0,1
22/12/2012,04:15,0,0,0
22/12/2012,04:30,0,0,0
22/12/2012,04:45,1,1,0
22/12/2012,05:00,1,1,0
22/12/2012,05:15,2,2,0
22/12/2012,05:30,0,0,0
22/12/2012,05:45,1,1,0
22/12/2012,06:00,1,1,0
22/12/2012,06:15,2,1,1
22/12/2012,06:30,2,1,1
22/12/2012,06:45,1,0,1
22/12/2012,07:00,3,1,2
22/12/2012,07:15,8,5,3
22/12/2012,07:30,5,4,1
22/12/2012,07:45,3,1,2
22/12/2012,08:00,2,1,1
22/12/2012,08:15,6,4,2
22/12/2012,08:30,7,5,2
22/12/2012,08:45,8,6,2
22/12/2012,09:00,7,3,4
22/12/2012,09:15,4,3,1
22/12/2012,09:30,4,3,1
22/12/2012,09:45,9,7,2
22/12/2012,10:00,3,1,2
22/12/2012,10:15,6,1,5
22/12/2012,10:30,10,3,7
22/12/2012,10:45,3,2,1
22/12/2012,11:00,7,2,5
22/12/2012,11:15,5,3,2
22/12/2012,11:30,5,2,3
22/12/2012,11:45,7,0,7
22/12/2012,12:00,9,1,8
22/12/2012,12:15,10,2,8
22/12/2012,12:30,7,3,4
22/12/2012,12:45,5,2,3
22/12/2012,13:00,6,5,1
22/12/2012,13:15,6,3,3
22/12/2012,13:30,9,2,7
22/12/2012,13:45,2,0,2
22/12/2012,14:00,7,4,3
22/12/2012,14:15,4,0,4
22/12/2012,14:30,4,2,2
22/12/2012,14:45,4,1,3
22/12/2012,15:00,4,1,3
22/12/2012,15:15,8,1,7
22/12/2012,15:30,7,2,5
22/12/2012,15:45,9,3,6
22/12/2012,16:00,8,4,4
22/12/2012,16:15,10,2,8
22/12/2012,16:30,10,5,5
22/12/2012,16:45,8,2,6
22/12/2012,17:00,4,2,2
22/12/2012,17:15,9,5,4
22/12/2012,17:30,3,0,3
22/12/2012,17:45,1,1,0
22/12/2012,18:00,1,1,0
22/12/2012,18:15,2,0,2
22/12/2012,18:30,0,0,0
22/12/2012,18:45,3,1,2
22/12/2012,19:00,0,0,0
22/12/2012,19:15,1,1,0
22/12/2012,19:30,0,0,0
22/12/2012,19:45,0,0,0
22/12/2012,20:00,0,0,0
22/12/2012,20:15,0,0,0
22/12/2012,20:30,0,0,0
22/12/2012,20:45,0,0,0
22/12/2012,21:00,1,0,1
22/12/2012,21:15,0,0,0
22/12/2012,21:30,1,1,0
22/12/2012,21:45,2,1,1
22/12/2012,22:00,2,1,1
22/12/2012,22:15,2,2,0
22/12/2012,22:30,0,0,0
22/12/2012,22:45,1,0,1
22/12/2012,23:00,1,1,0
22/12/2012,23:15,1,1,0
22/12/2012,23:30,0,0,0
22/12/2012,23:45,0,0,0
23/12/2012,00:00,1,0,1
23/12/2012,00:15,1,1,0
23/12/2012,00:30,0,0,0
23/12/2012,00:45,0,0,0
23/12/2012,01:00,0,0,0
23/12/2012,01:15,0,0,0
23/12/2012,01:30,0,0,0
23/12/2012,01:45,0,0,0
23/12/2012,02:00,1,1,0
23/12/2012,02:15,1,0,1
23/12/2012,02:30,0,0,0
23/12/2012,02:45,0,0,0
23/12/2012,03:00,0,0,0
23/12/2012,03:15,0,0,0
23/12/2012,03:30,1,1,0
23/12/2012,03:45,0,0,0
23/12/2012,04:00,0,0,0
23/12/2012,04:15,0,0,0
23/12/2012,04:30,0,0,0
23/12/2012,04:45,0,0,0
23/12/2012,05:00,1,0,1
23/12/2012,05:15,2,1,1
23/12/2012,05:30,0,0,0
23/12/2012,05:45,0,0,0
23/12/2012,06:00,0,0,0
23/12/2012,06:15,0,0,0
23/12/2012,06:30,3,1,2
23/12/2012,06:45,0,0,0
23/12/2012,07:00,2,0,2
23/12/2012,07:15,5,2,3
23/12/2012,07:30,4,3,1
23/12/2012,07:45,4,3,1
23/12/2012,08:00,11,6,5
23/12/2012,08:15,3,2,1
23/12/2012,08:30,10,4,6
23/12/2012,08:45,10,8,2
23/12/2012,09:00,6,3,3
23/12/2012,09:15,9,4,5
23/12/2012,09:30,5,3,2
23/12/2012,09:45,7,5,2
23/12/2012,10:00,7,3,4
23/12/2012,10:15,12,5,7
23/12/2012,10:30,12,6,6
23/12/2012,10:45,8,2,6
23/12/2012,11:00,18,10,8
23/12/2012,11:15,12,7,5
23/12/2012,11:30,16,10,6
23/12/2012,11:45,19,8,11
23/12/2012,12:00,18,9,9
23/12/2012,12:15,21,8,13
23/12/2012,12:30,15,7,8
23/12/2012,12:45,18,8,10
23/12/2012,13:00,24,12,12
23/12/2012,13:15,13,6,7
23/12/2012,13:30,12,4,8
23/12/2012,13:45,13,4,9
23/12/2012,14:00,17,9,8
23/12/2012,14:15,12,8,4
23/12/2012,14:30,11,5,6
23/12/2012,14:45,9,7,2
23/12/2012,15:00,14,3,11
23/12/2012,15:15,16,5,11
23/12/2012,15:30,13,6,7
23/12/2012,15:45,14,8,6
23/12/2012,16:00,13,4,9
23/12/2012,16:15,5,0,5
23/12/2012,16:30,9,2,7
23/12/2012,16:45,10,4,6
23/12/2012,17:00,11,7,4
23/12/2012,17:15,6,3,3
23/12/2012,17:30,3,2,1
23/12/2012,17:45,2,1,1
23/12/2012,18:00,2,1,1
23/12/2012,18:15,2,1,1
23/12/2012,18:30,2,1,1
23/12/2012,18:45,3,3,0
23/12/2012,19:00,0,0,0
23/12/2012,19:15,0,0,0
23/12/2012,19:30,2,0,2
23/12/2012,19:45,1,0,1
23/12/2012,20:00,3,0,3
23/12/2012,20:15,2,2,0
23/12/2012,20:30,1,1,0
23/12/2012,20:45,2,0,2
23/12/2012,21:00,0,0,0
23/12/2012,21:15,0,0,0
23/12/2012,21:30,0,0,0
23/12/2012,21:45,0,0,0
23/12/2012,22:00,2,1,1
23/12/2012,22:15,3,2,1
23/12/2012,22:30,1,0,1
23/12/2012,22:45,0,0,0
23/12/2012,23:00,1,1,0
23/12/2012,23:15,1,0,1
23/12/2012,23:30,0,0,0
23/12/2012,23:45,0,0,0
24/12/2012,00:00,1,0,1
24/12/2012,00:15,0,0,0
24/12/2012,00:30,0,0,0
24/12/2012,00:45,0,0,0
24/12/2012,01:00,0,0,0
24/12/2012,01:15,0,0,0
24/12/2012,01:30,1,1,0
24/12/2012,01:45,0,0,0
24/12/2012,02:00,0,0,0
24/12/2012,02:15,0,0,0
24/12/2012,02:30,0,0,0
24/12/2012,02:45,0,0,0
24/12/2012,03:00,1,0,1
24/12/2012,03:15,0,0,0
24/12/2012,03:30,0,0,0
24/12/2012,03:45,4,3,1
24/12/2012,04:00,0,0,0
24/12/2012,04:15,0,0,0
24/12/2012,04:30,0,0,0
24/12/2012,04:45,1,0,1
24/12/2012,05:00,1,1,0
24/12/2012,05:15,2,1,1
24/12/2012,05:30,0,0,0
24/12/2012,05:45,2,2,0
24/12/2012,06:00,3,3,0
24/12/2012,06:15,3,1,2
24/12/2012,06:30,2,1,1
24/12/2012,06:45,3,2,1
24/12/2012,07:00,2,1,1
24/12/2012,07:15,5,3,2
24/12/2012,07:30,3,2,1
24/12/2012,07:45,4,3,1
24/12/2012,08:00,9,3,6
24/12/2012,08:15,8,4,4
24/12/2012,08:30,12,8,4
24/12/2012,08:45,9,6,3
24/12/2012,09:00,9,6,3
24/12/2012,09:15,7,6,1
24/12/2012,09:30,11,9,2
24/12/2012,09:45,9,6,3
24/12/2012,10:00,11,4,7
24/12/2012,10:15,13,8,5
24/12/2012,10:30,9,4,5
24/12/2012,10:45,7,3,4
24/12/2012,11:00,8,4,4
24/12/2012,11:15,11,9,2
24/12/2012,11:30,10,6,4
24/12/2012,11:45,12,7,5
24/12/2012,12:00,15,8,7
24/12/2012,12:15,6,4,2
24/12/2012,12:30,4,1,3
24/12/2012,12:45,13,2,11
24/12/2012,13:00,8,2,6
24/12/2012,13:15,6,1,5
24/12/2012,13:30,7,2,5
24/12/2012,13:45,6,3,3
24/12/2012,14:00,4,1,3
24/12/2012,14:15,4,0,4
24/12/2012,14:30,5,1,4
24/12/2012,14:45,5,2,3
24/12/2012,15:00,9,5,4
24/12/2012,15:15,4,2,2
24/12/2012,15:30,5,1,4
24/12/2012,15:45,2,0,2
24/12/2012,16:00,6,1,5
24/12/2012,16:15,3,0,3
24/12/2012,16:30,2,1,1
24/12/2012,16:45,2,0,2
24/12/2012,17:00,0,0,0
24/12/2012,17:15,1,0,1
24/12/2012,17:30,0,0,0
24/12/2012,17:45,0,0,0
24/12/2012,18:00,0,0,0
24/12/2012,18:15,1,0,1
24/12/2012,18:30,0,0,0
24/12/2012,18:45,0,0,0
24/12/2012,19:00,3,1,2
24/12/2012,19:15,1,1,0
24/12/2012,19:30,3,1,2
24/12/2012,19:45,1,1,0
24/12/2012,20:00,1,0,1
24/12/2012,20:15,0,0,0
24/12/2012,20:30,0,0,0
24/12/2012,20:45,0,0,0
24/12/2012,21:00,1,0,1
24/12/2012,21:15,2,1,1
24/12/2012,21:30,0,0,0
24/12/2012,21:45,0,0,0
24/12/2012,22:00,0,0,0
24/12/2012,22:15,0,0,0
24/12/2012,22:30,1,1,0
24/12/2012,22:45,0,0,0
24/12/2012,23:00,0,0,0
24/12/2012,23:15,0,0,0
24/12/2012,23:30,2,1,1
24/12/2012,23:45,0,0,0
25/12/2012,00:00,0,0,0
25/12/2012,00:15,0,0,0
25/12/2012,00:30,1,0,1
25/12/2012,00:45,0,0,0
25/12/2012,01:00,0,0,0
25/12/2012,01:15,0,0,0
25/12/2012,01:30,0,0,0
25/12/2012,01:45,0,0,0
25/12/2012,02:00,0,0,0
25/12/2012,02:15,0,0,0
25/12/2012,02:30,1,1,0
25/12/2012,02:45,1,0,1
25/12/2012,03:00,0,0,0
25/12/2012,03:15,0,0,0
25/12/2012,03:30,1,1,0
25/12/2012,03:45,0,0,0
25/12/2012,04:00,0,0,0
25/12/2012,04:15,2,0,2
25/12/2012,04:30,0,0,0
25/12/2012,04:45,0,0,0
25/12/2012,05:00,0,0,0
25/12/2012,05:15,0,0,0
25/12/2012,05:30,0,0,0
25/12/2012,05:45,0,0,0
25/12/2012,06:00,0,0,0
25/12/2012,06:15,0,0,0
25/12/2012,06:30,1,1,0
25/12/2012,06:45,0,0,0
25/12/2012,07:00,0,0,0
25/12/2012,07:15,0,0,0
25/12/2012,07:30,3,1,2
25/12/2012,07:45,1,0,1
25/12/2012,08:00,3,2,1
25/12/2012,08:15,6,4,2
25/12/2012,08:30,5,5,0
25/12/2012,08:45,3,2,1
25/12/2012,09:00,3,1,2
25/12/2012,09:15,0,0,0
25/12/2012,09:30,3,3,0
25/12/2012,09:45,1,0,1
25/12/2012,10:00,7,4,3
25/12/2012,10:15,3,3,0
25/12/2012,10:30,9,4,5
25/12/2012,10:45,4,2,2
25/12/2012,11:00,11,5,6
25/12/2012,11:15,10,6,4
25/12/2012,11:30,16,4,12
25/12/2012,11:45,12,4,8
25/12/2012,12:00,10,5,5
25/12/2012,12:15,12,7,5
25/12/2012,12:30,21,7,14
25/12/2012,12:45,17,5,12
25/12/2012,13:00,18,8,10
25/12/2012,13:15,8,6,2
25/12/2012,13:30,15,10,5
25/12/2012,13:45,29,13,16
25/12/2012,14:00,17,9,8
25/12/2012,14:15,19,12,7
25/12/2012,14:30,17,4,13
25/12/2012,14:45,17,6,11
25/12/2012,15:00,13,8,5
25/12/2012,15:15,18,6,12
25/12/2012,15:30,7,6,1
25/12/2012,15:45,13,5,8
25/12/2012,16:00,9,7,2
25/12/2012,16:15,5,2,3
25/12/2012,16:30,10,4,6
25/12/2012,16:45,7,2,5
25/12/2012,17:00,4,3,1
25/12/2012,17:15,2,0,2
25/12/2012,17:30,3,2,1
25/12/2012,17:45,2,0,2
25/12/2012,18:00,3,1,2
25/12/2012,18:15,5,5,0
25/12/2012,18:30,1,1,0
25/12/2012,18:45,0,0,0
25/12/2012,19:00,1,1,0
25/12/2012,19:15,1,0,1
25/12/2012,19:30,1,1,0
25/12/2012,19:45,5,3,2
25/12/2012,20:00,0,0,0
25/12/2012,20:15,1,1,0
25/12/2012,20:30,0,0,0
25/12/2012,20:45,0,0,0
25/12/2012,21:00,1,0,1
25/12/2012,21:15,1,1,0
25/12/2012,21:30,0,0,0
25/12/2012,21:45,0,0,0
25/12/2012,22:00,0,0,0
25/12/2012,22:15,0,0,0
25/12/2012,22:30,0,0,0
25/12/2012,22:45,0,0,0
25/12/2012,23:00,0,0,0
25/12/2012,23:15,2,1,1
25/12/2012,23:30,0,0,0
25/12/2012,23:45,0,0,0
26/12/2012,00:00,0,0,0
26/12/2012,00:15,0,0,0
26/12/2012,00:30,2,2,0
26/12/2012,00:45,0,0,0
26/12/2012,01:00,0,0,0
26/12/2012,01:15,0,0,0
26/12/2012,01:30,0,0,0
26/12/2012,01:45,0,0,0
26/12/2012,02:00,0,0,0
26/12/2012,02:15,0,0,0
26/12/2012,02:30,0,0,0
26/12/2012,02:45,0,0,0
26/12/2012,03:00,0,0,0
26/12/2012,03:15,0,0,0
26/12/2012,03:30,1,1,0
26/12/2012,03:45,1,1,0
26/12/2012,04:00,1,1,0
26/12/2012,04:15,0,0,0
26/12/2012,04:30,1,0,1
26/12/2012,04:45,0,0,0
26/12/2012,05:00,3,2,1
26/12/2012,05:15,0,0,0
26/12/2012,05:30,0,0,0
26/12/2012,05:45,2,1,1
26/12/2012,06:00,1,1,0
26/12/2012,06:15,2,2,0
26/12/2012,06:30,4,2,2
26/12/2012,06:45,1,1,0
26/12/2012,07:00,3,1,2
26/12/2012,07:15,4,1,3
26/12/2012,07:30,4,3,1
26/12/2012,07:45,1,1,0
26/12/2012,08:00,4,1,3
26/12/2012,08:15,2,1,1
26/12/2012,08:30,4,2,2
26/12/2012,08:45,3,3,0
26/12/2012,09:00,2,0,2
26/12/2012,09:15,1,1,0
26/12/2012,09:30,2,1,1
26/12/2012,09:45,0,0,0
26/12/2012,10:00,1,1,0
26/12/2012,10:15,3,3,0
26/12/2012,10:30,4,3,1
26/12/2012,10:45,0,0,0
26/12/2012,11:00,0,0,0
26/12/2012,11:15,1,0,1
26/12/2012,11:30,0,0,0
26/12/2012,11:45,3,1,2
26/12/2012,12:00,0,0,0
26/12/2012,12:15,1,0,1
26/12/2012,12:30,0,0,0
26/12/2012,12:45,0,0,0
26/12/2012,13:00,0,0,0
26/12/2012,13:15,1,1,0
26/12/2012,13:30,0,0,0
26/12/2012,13:45,1,1,0
26/12/2012,14:00,1,0,1
26/12/2012,14:15,1,1,0
26/12/2012,14:30,4,1,3
26/12/2012,14:45,0,0,0
26/12/2012,15:00,3,1,2
26/12/2012,15:15,1,1,0
26/12/2012,15:30,1,0,1
26/12/2012,15:45,3,3,0
26/12/2012,16:00,1,1,0
26/12/2012,16:15,2,1,1
26/12/2012,16:30,0,0,0
26/12/2012,16:45,4,0,4
26/12/2012,17:00,1,1,0
26/12/2012,17:15,0,0,0
26/12/2012,17:30,0,0,0
26/12/2012,17:45,2,2,0
26/12/2012,18:00,0,0,0
26/12/2012,18:15,3,2,1
26/12/2012,18:30,0,0,0
26/12/2012,18:45,0,0,0
26/12/2012,19:00,1,1,0
26/12/2012,19:15,0,0,0
26/12/2012,19:30,1,1,0
26/12/2012,19:45,0,0,0
26/12/2012,20:00,0,0,0
26/12/2012,20:15,0,0,0
26/12/2012,20:30,1,0,1
26/12/2012,20:45,1,0,1
26/12/2012,21:00,0,0,0
26/12/2012,21:15,0,0,0
26/12/2012,21:30,0,0,0
26/12/2012,21:45,1,0,1
26/12/2012,22:00,0,0,0
26/12/2012,22:15,1,0,1
26/12/2012,22:30,0,0,0
26/12/2012,22:45,0,0,0
26/12/2012,23:00,0,0,0
26/12/2012,23:15,0,0,0
26/12/2012,23:30,0,0,0
26/12/2012,23:45,1,0,1
27/12/2012,00:00,1,1,0
27/12/2012,00:15,0,0,0
27/12/2012,00:30,1,0,1
27/12/2012,00:45,1,0,1
27/12/2012,01:00,0,0,0
27/12/2012,01:15,0,0,0
27/12/2012,01:30,1,1,0
27/12/2012,01:45,0,0,0
27/12/2012,02:00,0,0,0
27/12/2012,02:15,0,0,0
27/12/2012,02:30,0,0,0
27/12/2012,02:45,0,0,0
27/12/2012,03:00,0,0,0
27/12/2012,03:15,0,0,0
27/12/2012,03:30,0,0,0
27/12/2012,03:45,2,1,1
27/12/2012,04:00,1,0,1
27/12/2012,04:15,0,0,0
27/12/2012,04:30,0,0,0
27/12/2012,04:45,0,0,0
27/12/2012,05:00,3,1,2
27/12/2012,05:15,3,3,0
27/12/2012,05:30,1,0,1
27/12/2012,05:45,6,4,2
27/12/2012,06:00,2,2,0
27/12/2012,06:15,8,6,2
27/12/2012,06:30,10,6,4
27/12/2012,06:45,2,1,1
27/12/2012,07:00,6,1,5
27/12/2012,07:15,5,2,3
27/12/2012,07:30,8,5,3
27/12/2012,07:45,7,4,3
27/12/2012,08:00,11,4,7
27/12/2012,08:15,10,4,6
27/12/2012,08:30,2,2,0
27/12/2012,08:45,8,3,5
27/12/2012,09:00,7,3,4
27/12/2012,09:15,5,3,2
27/12/2012,09:30,9,3,6
27/12/2012,09:45,14,11,3
27/12/2012,10:00,7,1,6
27/12/2012,10:15,3,0,3
27/12/2012,10:30,3,0,3
27/12/2012,10:45,8,3,5
27/12/2012,11:00,5,3,2
27/12/2012,11:15,8,2,6
27/12/2012,11:30,5,0,5
27/12/2012,11:45,4,3,1
27/12/2012,12:00,13,5,8
27/12/2012,12:15,7,0,7
27/12/2012,12:30,2,0,2
27/12/2012,12:45,6,2,4
27/12/2012,13:00,3,2,1
27/12/2012,13:15,6,2,4
27/12/2012,13:30,4,2,2
27/12/2012,13:45,5,3,2
27/12/2012,14:00,1,0,1
27/12/2012,14:15,3,0,3
27/12/2012,14:30,2,1,1
27/12/2012,14:45,5,2,3
27/12/2012,15:00,7,2,5
27/12/2012,15:15,6,1,5
27/12/2012,15:30,9,5,4
27/12/2012,15:45,4,3,1
27/12/2012,16:00,5,1,4
27/12/2012,16:15,5,1,4
27/12/2012,16:30,7,3,4
27/12/2012,16:45,9,4,5
27/12/2012,17:00,5,3,2
27/12/2012,17:15,9,4,5
27/12/2012,17:30,13,7,6
27/12/2012,17:45,4,2,2
27/12/2012,18:00,4,0,4
27/12/2012,18:15,7,3,4
27/12/2012,18:30,2,1,1
27/12/2012,18:45,1,1,0
27/12/2012,19:00,2,0,2
27/12/2012,19:15,0,0,0
27/12/2012,19:30,2,2,0
27/12/2012,19:45,4,3,1
27/12/2012,20:00,0,0,0
27/12/2012,20:15,1,0,1
27/12/2012,20:30,1,1,0
27/12/2012,20:45,1,0,1
27/12/2012,21:00,4,3,1
27/12/2012,21:15,1,0,1
27/12/2012,21:30,3,1,2
27/12/2012,21:45,2,0,2
27/12/2012,22:00,0,0,0
27/12/2012,22:15,0,0,0
27/12/2012,22:30,1,1,0
27/12/2012,22:45,1,1,0
27/12/2012,23:00,0,0,0
27/12/2012,23:15,2,0,2
27/12/2012,23:30,0,0,0
27/12/2012,23:45,0,0,0
28/12/2012,00:00,0,0,0
28/12/2012,00:15,0,0,0
28/12/2012,00:30,0,0,0
28/12/2012,00:45,0,0,0
28/12/2012,01:00,0,0,0
28/12/2012,01:15,0,0,0
28/12/2012,01:30,0,0,0
28/12/2012,01:45,1,1,0
28/12/2012,02:00,0,0,0
28/12/2012,02:15,0,0,0
28/12/2012,02:30,0,0,0
28/12/2012,02:45,0,0,0
28/12/2012,03:00,0,0,0
28/12/2012,03:15,0,0,0
28/12/2012,03:30,0,0,0
28/12/2012,03:45,1,1,0
28/12/2012,04:00,3,1,2
28/12/2012,04:15,0,0,0
28/12/2012,04:30,3,1,2
28/12/2012,04:45,0,0,0
28/12/2012,05:00,1,1,0
28/12/2012,05:15,3,3,0
28/12/2012,05:30,1,0,1
28/12/2012,05:45,5,4,1
28/12/2012,06:00,7,4,3
28/12/2012,06:15,5,2,3
28/12/2012,06:30,10,4,6
28/12/2012,06:45,9,5,4
28/12/2012,07:00,8,4,4
28/12/2012,07:15,7,4,3
28/12/2012,07:30,5,4,1
28/12/2012,07:45,10,8,2
28/12/2012,08:00,13,8,5
28/12/2012,08:15,8,5,3
28/12/2012,08:30,6,1,5
28/12/2012,08:45,8,6,2
28/12/2012,09:00,5,4,1
28/12/2012,09:15,10,6,4
28/12/2012,09:30,8,3,5
28/12/2012,09:45,8,2,6
28/12/2012,10:00,8,2,6
28/12/2012,10:15,9,4,5
28/12/2012,10:30,12,6,6
28/12/2012,10:45,9,6,3
28/12/2012,11:00,10,6,4
28/12/2012,11:15,7,2,5
28/12/2012,11:30,7,2,5
28/12/2012,11:45,6,2,4
28/12/2012,12:00,8,4,4
28/12/2012,12:15,9,5,4
28/12/2012,12:30,7,1,6
28/12/2012,12:45,9,3,6
28/12/2012,13:00,15,7,8
28/12/2012,13:15,9,3,6
28/12/2012,13:30,14,8,6
28/12/2012,13:45,6,3,3
28/12/2012,14:00,6,3,3
28/12/2012,14:15,20,9,11
28/12/2012,14:30,9,3,6
28/12/2012,14:45,10,6,4
28/12/2012,15:00,7,1,6
28/12/2012,15:15,15,3,12
28/12/2012,15:30,9,3,6
28/12/2012,15:45,7,4,3
28/12/2012,16:00,10,5,5
28/12/2012,16:15,14,10,4
28/12/2012,16:30,12,6,6
28/12/2012,16:45,12,4,8
28/12/2012,17:00,8,2,6
28/12/2012,17:15,7,6,1
28/12/2012,17:30,7,3,4
28/12/2012,17:45,2,1,1
28/12/2012,18:00,5,2,3
28/12/2012,18:15,4,2,2
28/12/2012,18:30,2,1,1
28/12/2012,18:45,7,4,3
28/12/2012,19:00,1,1,0
28/12/2012,19:15,0,0,0
28/12/2012,19:30,0,0,0
28/12/2012,19:45,1,0,1
28/12/2012,20:00,1,1,0
28/12/2012,20:15,1,0,1
28/12/2012,20:30,1,1,0
28/12/2012,20:45,0,0,0
28/12/2012,21:00,2,0,2
28/12/2012,21:15,2,1,1
28/12/2012,21:30,1,0,1
28/12/2012,21:45,2,1,1
28/12/2012,22:00,0,0,0
28/12/2012,22:15,1,0,1
28/12/2012,22:30,0,0,0
28/12/2012,22:45,0,0,0
28/12/2012,23:00,1,1,0
28/12/2012,23:15,0,0,0
28/12/2012,23:30,3,1,2
28/12/2012,23:45,1,0,1
29/12/2012,00:00,0,0,0
29/12/2012,00:15,0,0,0
29/12/2012,00:30,0,0,0
29/12/2012,00:45,0,0,0
29/12/2012,01:00,0,0,0
29/12/2012,01:15,0,0,0
29/12/2012,01:30,0,0,0
29/12/2012,01:45,0,0,0
29/12/2012,02:00,1,1,0
29/12/2012,02:15,1,1,0
29/12/2012,02:30,1,1,0
29/12/2012,02:45,1,1,0
29/12/2012,03:00,0,0,0
29/12/2012,03:15,0,0,0
29/12/2012,03:30,0,0,0
29/12/2012,03:45,0,0,0
29/12/2012,04:00,1,1,0
29/12/2012,04:15,0,0,0
29/12/2012,04:30,0,0,0
29/12/2012,04:45,0,0,0
29/12/2012,05:00,0,0,0
29/12/2012,05:15,1,1,0
29/12/2012,05:30,0,0,0
29/12/2012,05:45,1,1,0
29/12/2012,06:00,1,1,0
29/12/2012,06:15,1,1,0
29/12/2012,06:30,1,0,1
29/12/2012,06:45,1,1,0
29/12/2012,07:00,0,0,0
29/12/2012,07:15,3,3,0
29/12/2012,07:30,2,2,0
29/12/2012,07:45,7,7,0
29/12/2012,08:00,9,6,3
29/12/2012,08:15,11,6,5
29/12/2012,08:30,5,5,0
29/12/2012,08:45,4,4,0
29/12/2012,09:00,10,9,1
29/12/2012,09:15,5,3,2
29/12/2012,09:30,7,5,2
29/12/2012,09:45,3,2,1
29/12/2012,10:00,4,1,3
29/12/2012,10:15,2,1,1
29/12/2012,10:30,5,0,5
29/12/2012,10:45,6,3,3
29/12/2012,11:00,8,2,6
29/12/2012,11:15,5,1,4
29/12/2012,11:30,0,0,0
29/12/2012,11:45,3,2,1
29/12/2012,12:00,2,2,0
29/12/2012,12:15,6,1,5
29/12/2012,12:30,4,2,2
29/12/2012,12:45,5,1,4
29/12/2012,13:00,2,2,0
29/12/2012,13:15,10,1,9
29/12/2012,13:30,5,1,4
29/12/2012,13:45,3,1,2
29/12/2012,14:00,1,0,1
29/12/2012,14:15,5,3,2
29/12/2012,14:30,4,2,2
29/12/2012,14:45,4,1,3
29/12/2012,15:00,4,3,1
29/12/2012,15:15,8,4,4
29/12/2012,15:30,7,5,2
29/12/2012,15:45,2,0,2
29/12/2012,16:00,7,4,3
29/12/2012,16:15,10,2,8
29/12/2012,16:30,7,3,4
29/12/2012,16:45,7,7,0
29/12/2012,17:00,6,2,4
29/12/2012,17:15,8,4,4
29/12/2012,17:30,5,1,4
29/12/2012,17:45,5,2,3
29/12/2012,18:00,1,0,1
29/12/2012,18:15,1,0,1
29/12/2012,18:30,0,0,0
29/12/2012,18:45,0,0,0
29/12/2012,19:00,2,0,2
29/12/2012,19:15,1,1,0
29/12/2012,19:30,3,2,1
29/12/2012,19:45,0,0,0
29/12/2012,20:00,0,0,0
29/12/2012,20:15,0,0,0
29/12/2012,20:30,0,0,0
29/12/2012,20:45,1,1,0
29/12/2012,21:00,1,0,1
29/12/2012,21:15,0,0,0
29/12/2012,21:30,0,0,0
29/12/2012,21:45,1,1,0
29/12/2012,22:00,1,0,1
29/12/2012,22:15,0,0,0
29/12/2012,22:30,1,1,0
29/12/2012,22:45,0,0,0
29/12/2012,23:00,0,0,0
29/12/2012,23:15,1,0,1
29/12/2012,23:30,0,0,0
29/12/2012,23:45,1,1,0
30/12/2012,00:00,2,1,1
30/12/2012,00:15,2,1,1
30/12/2012,00:30,2,1,1
30/12/2012,00:45,10,6,4
30/12/2012,01:00,14,7,7
30/12/2012,01:15,4,0,4
30/12/2012,01:30,0,0,0
30/12/2012,01:45,0,0,0
30/12/2012,02:00,0,0,0
30/12/2012,02:15,2,2,0
30/12/2012,02:30,0,0,0
30/12/2012,02:45,1,1,0
30/12/2012,03:00,0,0,0
30/12/2012,03:15,0,0,0
30/12/2012,03:30,0,0,0
30/12/2012,03:45,1,0,1
30/12/2012,04:00,1,1,0
30/12/2012,04:15,0,0,0
30/12/2012,04:30,0,0,0
30/12/2012,04:45,0,0,0
30/12/2012,05:00,1,1,0
30/12/2012,05:15,0,0,0
30/12/2012,05:30,1,0,1
30/12/2012,05:45,0,0,0
30/12/2012,06:00,0,0,0
30/12/2012,06:15,0,0,0
30/12/2012,06:30,1,0,1
30/12/2012,06:45,0,0,0
30/12/2012,07:00,4,2,2
30/12/2012,07:15,0,0,0
30/12/2012,07:30,0,0,0
30/12/2012,07:45,0,0,0
30/12/2012,08:00,5,3,2
30/12/2012,08:15,6,3,3
30/12/2012,08:30,8,7,1
30/12/2012,08:45,7,5,2
30/12/2012,09:00,7,6,1
30/12/2012,09:15,13,8,5
30/12/2012,09:30,6,4,2
30/12/2012,09:45,8,6,2
30/12/2012,10:00,11,7,4
30/12/2012,10:15,16,4,12
30/12/2012,10:30,7,4,3
30/12/2012,10:45,14,9,5
30/12/2012,11:00,8,2,6
30/12/2012,11:15,8,5,3
30/12/2012,11:30,10,2,8
30/12/2012,11:45,10,3,7
30/12/2012,12:00,6,3,3
30/12/2012,12:15,4,2,2
30/12/2012,12:30,5,2,3
30/12/2012,12:45,2,1,1
30/12/2012,13:00,10,3,7
30/12/2012,13:15,7,5,2
30/12/2012,13:30,4,1,3
30/12/2012,13:45,8,2,6
30/12/2012,14:00,4,1,3
30/12/2012,14:15,5,0,5
30/12/2012,14:30,9,3,6
30/12/2012,14:45,8,3,5
30/12/2012,15:00,9,4,5
30/12/2012,15:15,5,0,5
30/12/2012,15:30,2,1,1
30/12/2012,15:45,9,4,5
30/12/2012,16:00,4,0,4
30/12/2012,16:15,5,3,2
30/12/2012,16:30,4,1,3
30/12/2012,16:45,4,2,2
30/12/2012,17:00,2,1,1
30/12/2012,17:15,5,2,3
30/12/2012,17:30,0,0,0
30/12/2012,17:45,4,3,1
30/12/2012,18:00,1,0,1
30/12/2012,18:15,0,0,0
30/12/2012,18:30,2,1,1
30/12/2012,18:45,2,1,1
30/12/2012,19:00,0,0,0
30/12/2012,19:15,4,4,0
30/12/2012,19:30,0,0,0
30/12/2012,19:45,3,1,2
30/12/2012,20:00,1,0,1
30/12/2012,20:15,0,0,0
30/12/2012,20:30,0,0,0
30/12/2012,20:45,1,0,1
30/12/2012,21:00,3,2,1
30/12/2012,21:15,1,1,0
30/12/2012,21:30,1,0,1
30/12/2012,21:45,1,0,1
30/12/2012,22:00,1,1,0
30/12/2012,22:15,1,0,1
30/12/2012,22:30,1,0,1
30/12/2012,22:45,1,1,0
30/12/2012,23:00,1,0,1
30/12/2012,23:15,1,1,0
30/12/2012,23:30,1,0,1
30/12/2012,23:45,1,0,1
31/12/2012,00:00,1,1,0
31/12/2012,00:15,0,0,0
31/12/2012,00:30,0,0,0
31/12/2012,00:45,0,0,0
31/12/2012,01:00,0,0,0
31/12/2012,01:15,0,0,0
31/12/2012,01:30,0,0,0
31/12/2012,01:45,0,0,0
31/12/2012,02:00,1,1,0
31/12/2012,02:15,1,0,1
31/12/2012,02:30,0,0,0
31/12/2012,02:45,0,0,0
31/12/2012,03:00,0,0,0
31/12/2012,03:15,0,0,0
31/12/2012,03:30,1,1,0
31/12/2012,03:45,1,1,0
31/12/2012,04:00,0,0,0
31/12/2012,04:15,1,1,0
31/12/2012,04:30,2,0,2
31/12/2012,04:45,0,0,0
31/12/2012,05:00,0,0,0
31/12/2012,05:15,2,1,1
31/12/2012,05:30,1,1,0
31/12/2012,05:45,7,4,3
31/12/2012,06:00,1,1,0
31/12/2012,06:15,2,1,1
31/12/2012,06:30,5,4,1
31/12/2012,06:45,7,2,5
31/12/2012,07:00,3,1,2
31/12/2012,07:15,3,3,0
31/12/2012,07:30,5,0,5
31/12/2012,07:45,8,7,1
31/12/2012,08:00,11,6,5
31/12/2012,08:15,8,5,3
31/12/2012,08:30,5,4,1
31/12/2012,08:45,9,6,3
31/12/2012,09:00,6,3,3
31/12/2012,09:15,11,7,4
31/12/2012,09:30,5,2,3
31/12/2012,09:45,5,4,1
31/12/2012,10:00,13,7,6
31/12/2012,10:15,6,1,5
31/12/2012,10:30,10,3,7
31/12/2012,10:45,6,3,3
31/12/2012,11:00,7,1,6
31/12/2012,11:15,13,5,8
31/12/2012,11:30,12,5,7
31/12/2012,11:45,6,4,2
31/12/2012,12:00,19,8,11
31/12/2012,12:15,11,4,7
31/12/2012,12:30,11,2,9
31/12/2012,12:45,11,1,10
31/12/2012,13:00,11,3,8
31/12/2012,13:15,20,8,12
31/12/2012,13:30,17,7,10
31/12/2012,13:45,14,3,11
31/12/2012,14:00,7,1,6
31/12/2012,14:15,13,5,8
31/12/2012,14:30,15,5,10
31/12/2012,14:45,10,4,6
31/12/2012,15:00,23,11,12
31/12/2012,15:15,15,7,8
31/12/2012,15:30,13,9,4
31/12/2012,15:45,13,7,6
31/12/2012,16:00,20,8,12
31/12/2012,16:15,6,3,3
31/12/2012,16:30,20,12,8
31/12/2012,16:45,12,6,6
31/12/2012,17:00,3,0,3
31/12/2012,17:15,6,2,4
31/12/2012,17:30,4,2,2
31/12/2012,17:45,6,4,2
31/12/2012,18:00,3,3,0
31/12/2012,18:15,3,2,1
31/12/2012,18:30,3,1,2
31/12/2012,18:45,2,1,1
31/12/2012,19:00,2,1,1
31/12/2012,19:15,1,0,1
31/12/2012,19:30,0,0,0
31/12/2012,19:45,0,0,0
31/12/2012,20:00,2,1,1
31/12/2012,20:15,1,0,1
31/12/2012,20:30,0,0,0
31/12/2012,20:45,0,0,0
31/12/2012,21:00,3,1,2
31/12/2012,21:15,0,0,0
31/12/2012,21:30,0,0,0
31/12/2012,21:45,0,0,0
31/12/2012,22:00,0,0,0
31/12/2012,22:15,0,0,0
31/12/2012,22:30,2,1,1
31/12/2012,22:45,1,0,1
31/12/2012,23:00,0,0,0
31/12/2012,23:15,0,0,0
31/12/2012,23:30,0,0,0
31/12/2012,23:45,0,0,0
