Date,,Four Mile Run Pyro 04,Four Mile Run Pyro OUT,Four Mile Run Pyro IN
01/01/2013,00:00,0,0,0
01/01/2013,00:15,1,1,0
01/01/2013,00:30,0,0,0
01/01/2013,00:45,1,1,0
01/01/2013,01:00,1,1,0
01/01/2013,01:15,0,0,0
01/01/2013,01:30,1,1,0
01/01/2013,01:45,0,0,0
01/01/2013,02:00,1,0,1
01/01/2013,02:15,1,0,1
01/01/2013,02:30,1,1,0
01/01/2013,02:45,0,0,0
01/01/2013,03:00,1,1,0
01/01/2013,03:15,0,0,0
01/01/2013,03:30,1,1,0
01/01/2013,03:45,0,0,0
01/01/2013,04:00,0,0,0
01/01/2013,04:15,2,2,0
01/01/2013,04:30,0,0,0
01/01/2013,04:45,0,0,0
01/01/2013,05:00,1,0,1
01/01/2013,05:15,1,0,1
01/01/2013,05:30,1,0,1
01/01/2013,05:45,0,0,0
01/01/2013,06:00,0,0,0
01/01/2013,06:15,0,0,0
01/01/2013,06:30,1,0,1
01/01/2013,06:45,1,1,0
01/01/2013,07:00,0,0,0
01/01/2013,07:15,0,0,0
01/01/2013,07:30,1,1,0
01/01/2013,07:45,1,1,0
01/01/2013,08:00,2,2,0
01/01/2013,08:15,4,2,2
01/01/2013,08:30,4,1,3
01/01/2013,08:45,7,5,2
01/01/2013,09:00,4,3,1
01/01/2013,09:15,17,8,9
01/01/2013,09:30,9,4,5
01/01/2013,09:45,7,3,4
01/01/2013,10:00,7,4,3
01/01/2013,10:15,5,4,1
01/01/2013,10:30,9,4,5
01/01/2013,10:45,9,3,6
01/01/2013,11:00,14,6,8
01/01/2013,11:15,11,6,5
01/01/2013,11:30,13,7,6
01/01/2013,11:45,15,8,7
01/01/2013,12:00,12,1,11
01/01/2013,12:15,14,10,4
01/01/2013,12:30,14,7,7
01/01/2013,12:45,8,3,5
01/01/2013,13:00,15,6,9
01/01/2013,13:15,20,9,11
01/01/2013,13:30,14,6,8
01/01/2013,13:45,12,3,9
01/01/2013,14:00,13,7,6
01/01/2013,14:15,9,3,6
01/01/2013,14:30,9,3,6
01/01/2013,14:45,13,5,8
01/01/2013,15:00,18,9,9
01/01/2013,15:15,15,3,12
01/01/2013,15:30,7,4,3
01/01/2013,15:45,13,5,8
01/01/2013,16:00,12,7,5
01/01/2013,16:15,12,8,4
01/01/2013,16:30,4,1,3
01/01/2013,16:45,11,5,6
01/01/2013,17:00,8,4,4
01/01/2013,17:15,2,1,1
01/01/2013,17:30,1,0,1
01/01/2013,17:45,1,1,0
01/01/2013,18:00,1,0,1
01/01/2013,18:15,2,2,0
01/01/2013,18:30,6,3,3
01/01/2013,18:45,3,0,3
01/01/2013,19:00,2,0,2
01/01/2013,19:15,0,0,0
01/01/2013,19:30,1,0,1
01/01/2013,19:45,1,1,0
01/01/2013,20:00,3,0,3
01/01/2013,20:15,0,0,0
01/01/2013,20:30,0,0,0
01/01/2013,20:45,1,1,0
01/01/2013,21:00,0,0,0
01/01/2013,21:15,1,0,1
01/01/2013,21:30,0,0,0
01/01/2013,21:45,0,0,0
01/01/2013,22:00,0,0,0
01/01/2013,22:15,1,1,0
01/01/2013,22:30,0,0,0
01/01/2013,22:45,0,0,0
01/01/2013,23:00,2,0,2
01/01/2013,23:15,1,1,0
01/01/2013,23:30,0,0,0
01/01/2013,23:45,0,0,0
02/01/2013,00:00,17,11,6
02/01/2013,00:15,0,0,0
02/01/2013,00:30,0,0,0
02/01/2013,00:45,0,0,0
02/01/2013,01:00,0,0,0
02/01/2013,01:15,0,0,0
02/01/2013,01:30,0,0,0
02/01/2013,01:45,0,0,0
02/01/2013,02:00,0,0,0
02/01/2013,02:15,0,0,0
02/01/2013,02:30,0,0,0
02/01/2013,02:45,0,0,0
02/01/2013,03:00,0,0,0
02/01/2013,03:15,0,0,0
02/01/2013,03:30,2,2,0
02/01/2013,03:45,1,1,0
02/01/2013,04:00,1,1,0
02/01/2013,04:15,0,0,0
02/01/2013,04:30,3,2,1
02/01/2013,04:45,2,0,2
02/01/2013,05:00,1,0,1
02/01/2013,05:15,2,2,0
02/01/2013,05:30,3,1,2
02/01/2013,05:45,10,6,4
02/01/2013,06:00,9,3,6
02/01/2013,06:15,8,6,2
02/01/2013,06:30,11,4,7
02/01/2013,06:45,13,4,9
02/01/2013,07:00,13,3,10
02/01/2013,07:15,10,2,8
02/01/2013,07:30,11,6,5
02/01/2013,07:45,17,7,10
02/01/2013,08:00,12,8,4
02/01/2013,08:15,11,5,6
02/01/2013,08:30,8,7,1
02/01/2013,08:45,12,7,5
02/01/2013,09:00,4,1,3
02/01/2013,09:15,7,4,3
02/01/2013,09:30,9,3,6
02/01/2013,09:45,8,4,4
02/01/2013,10:00,5,4,1
02/01/2013,10:15,9,3,6
02/01/2013,10:30,7,2,5
02/01/2013,10:45,11,3,8
02/01/2013,11:00,1,1,0
02/01/2013,11:15,8,2,6
02/01/2013,11:30,5,1,4
02/01/2013,11:45,8,4,4
02/01/2013,12:00,7,0,7
02/01/2013,12:15,8,4,4
02/01/2013,12:30,9,1,8
02/01/2013,12:45,6,1,5
02/01/2013,13:00,5,4,1
02/01/2013,13:15,7,5,2
02/01/2013,13:30,7,3,4
02/01/2013,13:45,7,4,3
02/01/2013,14:00,7,2,5
02/01/2013,14:15,4,0,4
02/01/2013,14:30,4,2,2
02/01/2013,14:45,8,4,4
02/01/2013,15:00,9,4,5
02/01/2013,15:15,6,3,3
02/01/2013,15:30,6,3,3
02/01/2013,15:45,11,5,6
02/01/2013,16:00,19,4,15
02/01/2013,16:15,18,10,8
02/01/2013,16:30,10,8,2
02/01/2013,16:45,17,10,7
02/01/2013,17:00,16,5,11
02/01/2013,17:15,14,6,8
02/01/2013,17:30,8,4,4
02/01/2013,17:45,9,6,3
02/01/2013,18:00,12,7,5
02/01/2013,18:15,8,3,5
02/01/2013,18:30,6,3,3
02/01/2013,18:45,16,12,4
02/01/2013,19:00,4,2,2
02/01/2013,19:15,5,3,2
02/01/2013,19:30,3,2,1
02/01/2013,19:45,3,3,0
02/01/2013,20:00,1,1,0
02/01/2013,20:15,6,4,2
02/01/2013,20:30,1,1,0
02/01/2013,20:45,1,0,1
02/01/2013,21:00,2,1,1
02/01/2013,21:15,0,0,0
02/01/2013,21:30,2,1,1
02/01/2013,21:45,2,0,2
02/01/2013,22:00,1,1,0
02/01/2013,22:15,0,0,0
02/01/2013,22:30,1,0,1
02/01/2013,22:45,0,0,0
02/01/2013,23:00,0,0,0
02/01/2013,23:15,2,0,2
02/01/2013,23:30,0,0,0
02/01/2013,23:45,0,0,0
03/01/2013,00:00,0,0,0
03/01/2013,00:15,1,1,0
03/01/2013,00:30,0,0,0
03/01/2013,00:45,0,0,0
03/01/2013,01:00,0,0,0
03/01/2013,01:15,1,0,1
03/01/2013,01:30,0,0,0
03/01/2013,01:45,0,0,0
03/01/2013,02:00,0,0,0
03/01/2013,02:15,0,0,0
03/01/2013,02:30,0,0,0
03/01/2013,02:45,0,0,0
03/01/2013,03:00,0,0,0
03/01/2013,03:15,0,0,0
03/01/2013,03:30,0,0,0
03/01/2013,03:45,2,2,0
03/01/2013,04:00,1,1,0
03/01/2013,04:15,2,2,0
03/01/2013,04:30,1,0,1
03/01/2013,04:45,2,2,0
03/01/2013,05:00,1,0,1
03/01/2013,05:15,3,1,2
03/01/2013,05:30,4,3,1
03/01/2013,05:45,5,2,3
03/01/2013,06:00,8,5,3
03/01/2013,06:15,11,6,5
03/01/2013,06:30,11,6,5
03/01/2013,06:45,19,7,12
03/01/2013,07:00,12,3,9
03/01/2013,07:15,15,5,10
03/01/2013,07:30,14,6,8
03/01/2013,07:45,15,4,11
03/01/2013,08:00,9,4,5
03/01/2013,08:15,12,5,7
03/01/2013,08:30,15,7,8
03/01/2013,08:45,13,9,4
03/01/2013,09:00,10,5,5
03/01/2013,09:15,13,6,7
03/01/2013,09:30,5,2,3
03/01/2013,09:45,10,6,4
03/01/2013,10:00,3,3,0
03/01/2013,10:15,3,1,2
03/01/2013,10:30,4,0,4
03/01/2013,10:45,5,0,5
03/01/2013,11:00,4,1,3
03/01/2013,11:15,2,1,1
03/01/2013,11:30,3,3,0
03/01/2013,11:45,11,2,9
03/01/2013,12:00,9,4,5
03/01/2013,12:15,11,6,5
03/01/2013,12:30,4,1,3
03/01/2013,12:45,10,2,8
03/01/2013,13:00,11,3,8
03/01/2013,13:15,6,0,6
03/01/2013,13:30,2,0,2
03/01/2013,13:45,9,4,5
03/01/2013,14:00,3,1,2
03/01/2013,14:15,5,2,3
03/01/2013,14:30,6,1,5
03/01/2013,14:45,9,3,6
03/01/2013,15:00,7,2,5
03/01/2013,15:15,8,3,5
03/01/2013,15:30,10,4,6
03/01/2013,15:45,7,3,4
03/01/2013,16:00,9,3,6
03/01/2013,16:15,9,6,3
03/01/2013,16:30,16,9,7
03/01/2013,16:45,11,7,4
03/01/2013,17:00,17,10,7
03/01/2013,17:15,17,8,9
03/01/2013,17:30,15,9,6
03/01/2013,17:45,14,8,6
03/01/2013,18:00,14,8,6
03/01/2013,18:15,11,5,6
03/01/2013,18:30,7,4,3
03/01/2013,18:45,8,5,3
03/01/2013,19:00,5,4,1
03/01/2013,19:15,10,5,5
03/01/2013,19:30,4,3,1
03/01/2013,19:45,3,1,2
03/01/2013,20:00,5,3,2
03/01/2013,20:15,1,1,0
03/01/2013,20:30,1,1,0
03/01/2013,20:45,2,2,0
03/01/2013,21:00,0,0,0
03/01/2013,21:15,2,2,0
03/01/2013,21:30,5,3,2
03/01/2013,21:45,1,1,0
03/01/2013,22:00,0,0,0
03/01/2013,22:15,0,0,0
03/01/2013,22:30,0,0,0
03/01/2013,22:45,0,0,0
03/01/2013,23:00,1,0,1
03/01/2013,23:15,1,0,1
03/01/2013,23:30,0,0,0
03/01/2013,23:45,0,0,0
04/01/2013,00:00,0,0,0
04/01/2013,00:15,0,0,0
04/01/2013,00:30,0,0,0
04/01/2013,00:45,1,0,1
04/01/2013,01:00,0,0,0
04/01/2013,01:15,0,0,0
04/01/2013,01:30,0,0,0
04/01/2013,01:45,0,0,0
04/01/2013,02:00,0,0,0
04/01/2013,02:15,0,0,0
04/01/2013,02:30,0,0,0
04/01/2013,02:45,0,0,0
04/01/2013,03:00,0,0,0
04/01/2013,03:15,0,0,0
04/01/2013,03:30,0,0,0
04/01/2013,03:45,0,0,0
04/01/2013,04:00,1,1,0
04/01/2013,04:15,1,1,0
04/01/2013,04:30,1,0,1
04/01/2013,04:45,3,3,0
04/01/2013,05:00,2,1,1
04/01/2013,05:15,4,4,0
04/01/2013,05:30,1,1,0
04/01/2013,05:45,5,3,2
04/01/2013,06:00,4,2,2
04/01/2013,06:15,7,7,0
04/01/2013,06:30,13,6,7
04/01/2013,06:45,7,2,5
04/01/2013,07:00,10,2,8
04/01/2013,07:15,17,3,14
04/01/2013,07:30,13,5,8
04/01/2013,07:45,17,7,10
04/01/2013,08:00,13,5,8
04/01/2013,08:15,11,7,4
04/01/2013,08:30,10,4,6
04/01/2013,08:45,14,6,8
04/01/2013,09:00,15,6,9
04/01/2013,09:15,2,0,2
04/01/2013,09:30,6,5,1
04/01/2013,09:45,5,2,3
04/01/2013,10:00,6,2,4
04/01/2013,10:15,10,6,4
04/01/2013,10:30,5,3,2
04/01/2013,10:45,4,2,2
04/01/2013,11:00,4,1,3
04/01/2013,11:15,6,2,4
04/01/2013,11:30,8,1,7
04/01/2013,11:45,7,1,6
04/01/2013,12:00,6,5,1
04/01/2013,12:15,13,1,12
04/01/2013,12:30,9,5,4
04/01/2013,12:45,7,3,4
04/01/2013,13:00,10,1,9
04/01/2013,13:15,3,0,3
04/01/2013,13:30,14,9,5
04/01/2013,13:45,8,1,7
04/01/2013,14:00,7,3,4
04/01/2013,14:15,14,6,8
04/01/2013,14:30,4,2,2
04/01/2013,14:45,10,6,4
04/01/2013,15:00,12,7,5
04/01/2013,15:15,21,7,14
04/01/2013,15:30,13,3,10
04/01/2013,15:45,9,3,6
04/01/2013,16:00,19,10,9
04/01/2013,16:15,19,8,11
04/01/2013,16:30,13,9,4
04/01/2013,16:45,14,6,8
04/01/2013,17:00,12,9,3
04/01/2013,17:15,17,11,6
04/01/2013,17:30,12,6,6
04/01/2013,17:45,15,8,7
04/01/2013,18:00,13,7,6
04/01/2013,18:15,7,6,1
04/01/2013,18:30,13,9,4
04/01/2013,18:45,7,4,3
04/01/2013,19:00,4,4,0
04/01/2013,19:15,3,1,2
04/01/2013,19:30,3,1,2
04/01/2013,19:45,1,1,0
04/01/2013,20:00,1,1,0
04/01/2013,20:15,2,1,1
04/01/2013,20:30,0,0,0
04/01/2013,20:45,0,0,0
04/01/2013,21:00,2,0,2
04/01/2013,21:15,1,0,1
04/01/2013,21:30,0,0,0
04/01/2013,21:45,2,1,1
04/01/2013,22:00,0,0,0
04/01/2013,22:15,1,1,0
04/01/2013,22:30,0,0,0
04/01/2013,22:45,1,0,1
04/01/2013,23:00,2,2,0
04/01/2013,23:15,4,2,2
04/01/2013,23:30,0,0,0
04/01/2013,23:45,3,1,2
05/01/2013,00:00,0,0,0
05/01/2013,00:15,0,0,0
05/01/2013,00:30,0,0,0
05/01/2013,00:45,1,0,1
05/01/2013,01:00,1,1,0
05/01/2013,01:15,0,0,0
05/01/2013,01:30,1,0,1
05/01/2013,01:45,1,1,0
05/01/2013,02:00,0,0,0
05/01/2013,02:15,1,1,0
05/01/2013,02:30,1,1,0
05/01/2013,02:45,0,0,0
05/01/2013,03:00,0,0,0
05/01/2013,03:15,0,0,0
05/01/2013,03:30,0,0,0
05/01/2013,03:45,0,0,0
05/01/2013,04:00,0,0,0
05/01/2013,04:15,0,0,0
05/01/2013,04:30,0,0,0
05/01/2013,04:45,1,1,0
05/01/2013,05:00,0,0,0
05/01/2013,05:15,1,1,0
05/01/2013,05:30,2,2,0
05/01/2013,05:45,0,0,0
05/01/2013,06:00,1,1,0
05/01/2013,06:15,1,1,0
05/01/2013,06:30,1,1,0
05/01/2013,06:45,4,3,1
05/01/2013,07:00,4,3,1
05/01/2013,07:15,9,5,4
05/01/2013,07:30,6,3,3
05/01/2013,07:45,10,5,5
05/01/2013,08:00,10,6,4
05/01/2013,08:15,10,6,4
05/01/2013,08:30,9,6,3
05/01/2013,08:45,14,9,5
05/01/2013,09:00,11,9,2
05/01/2013,09:15,20,10,10
05/01/2013,09:30,13,7,6
05/01/2013,09:45,15,7,8
05/01/2013,10:00,12,8,4
05/01/2013,10:15,20,9,11
05/01/2013,10:30,14,7,7
05/01/2013,10:45,14,8,6
05/01/2013,11:00,10,6,4
05/01/2013,11:15,20,6,14
05/01/2013,11:30,17,7,10
05/01/2013,11:45,29,15,14
05/01/2013,12:00,18,6,12
05/01/2013,12:15,24,7,17
05/01/2013,12:30,27,15,12
05/01/2013,12:45,17,8,9
05/01/2013,13:00,23,12,11
05/01/2013,13:15,28,14,14
05/01/2013,13:30,19,12,7
05/01/2013,13:45,24,9,15
05/01/2013,14:00,30,12,18
05/01/2013,14:15,22,7,15
05/01/2013,14:30,36,16,20
05/01/2013,14:45,17,7,10
05/01/2013,15:00,34,10,24
05/01/2013,15:15,11,8,3
05/01/2013,15:30,24,14,10
05/01/2013,15:45,24,16,8
05/01/2013,16:00,21,6,15
05/01/2013,16:15,22,16,6
05/01/2013,16:30,18,12,6
05/01/2013,16:45,19,9,10
05/01/2013,17:00,8,3,5
05/01/2013,17:15,12,6,6
05/01/2013,17:30,0,0,0
05/01/2013,17:45,1,1,0
05/01/2013,18:00,4,1,3
05/01/2013,18:15,4,1,3
05/01/2013,18:30,2,2,0
05/01/2013,18:45,1,0,1
05/01/2013,19:00,3,1,2
05/01/2013,19:15,1,0,1
05/01/2013,19:30,2,0,2
05/01/2013,19:45,0,0,0
05/01/2013,20:00,1,0,1
05/01/2013,20:15,2,1,1
05/01/2013,20:30,1,1,0
05/01/2013,20:45,0,0,0
05/01/2013,21:00,1,0,1
05/01/2013,21:15,1,1,0
05/01/2013,21:30,0,0,0
05/01/2013,21:45,0,0,0
05/01/2013,22:00,0,0,0
05/01/2013,22:15,0,0,0
05/01/2013,22:30,1,0,1
05/01/2013,22:45,0,0,0
05/01/2013,23:00,0,0,0
05/01/2013,23:15,0,0,0
05/01/2013,23:30,0,0,0
05/01/2013,23:45,1,1,0
06/01/2013,00:00,1,1,0
06/01/2013,00:15,1,0,1
06/01/2013,00:30,1,0,1
06/01/2013,00:45,0,0,0
06/01/2013,01:00,0,0,0
06/01/2013,01:15,2,0,2
06/01/2013,01:30,0,0,0
06/01/2013,01:45,0,0,0
06/01/2013,02:00,0,0,0
06/01/2013,02:15,1,1,0
06/01/2013,02:30,0,0,0
06/01/2013,02:45,0,0,0
06/01/2013,03:00,0,0,0
06/01/2013,03:15,0,0,0
06/01/2013,03:30,0,0,0
06/01/2013,03:45,0,0,0
06/01/2013,04:00,0,0,0
06/01/2013,04:15,0,0,0
06/01/2013,04:30,0,0,0
06/01/2013,04:45,1,0,1
06/01/2013,05:00,0,0,0
06/01/2013,05:15,0,0,0
06/01/2013,05:30,2,0,2
06/01/2013,05:45,2,1,1
06/01/2013,06:00,0,0,0
06/01/2013,06:15,0,0,0
06/01/2013,06:30,1,0,1
06/01/2013,06:45,0,0,0
06/01/2013,07:00,3,2,1
06/01/2013,07:15,1,1,0
06/01/2013,07:30,2,0,2
06/01/2013,07:45,7,0,7
06/01/2013,08:00,5,3,2
06/01/2013,08:15,6,3,3
06/01/2013,08:30,11,5,6
06/01/2013,08:45,7,4,3
06/01/2013,09:00,15,9,6
06/01/2013,09:15,9,2,7
06/01/2013,09:30,14,7,7
06/01/2013,09:45,23,13,10
06/01/2013,10:00,11,8,3
06/01/2013,10:15,15,5,10
06/01/2013,10:30,17,10,7
06/01/2013,10:45,8,3,5
06/01/2013,11:00,16,9,7
06/01/2013,11:15,22,19,3
06/01/2013,11:30,42,26,16
06/01/2013,11:45,26,13,13
06/01/2013,12:00,26,16,10
06/01/2013,12:15,40,24,16
06/01/2013,12:30,32,15,17
06/01/2013,12:45,31,18,13
06/01/2013,13:00,33,14,19
06/01/2013,13:15,30,9,21
06/01/2013,13:30,39,24,15
06/01/2013,13:45,34,22,12
06/01/2013,14:00,32,15,17
06/01/2013,14:15,30,14,16
06/01/2013,14:30,38,17,21
06/01/2013,14:45,24,12,12
06/01/2013,15:00,21,7,14
06/01/2013,15:15,35,13,22
06/01/2013,15:30,35,19,16
06/01/2013,15:45,20,6,14
06/01/2013,16:00,30,13,17
06/01/2013,16:15,20,13,7
06/01/2013,16:30,11,6,5
06/01/2013,16:45,13,7,6
06/01/2013,17:00,4,3,1
06/01/2013,17:15,4,3,1
06/01/2013,17:30,1,0,1
06/01/2013,17:45,2,1,1
06/01/2013,18:00,5,2,3
06/01/2013,18:15,8,2,6
06/01/2013,18:30,2,0,2
06/01/2013,18:45,0,0,0
06/01/2013,19:00,0,0,0
06/01/2013,19:15,0,0,0
06/01/2013,19:30,1,0,1
06/01/2013,19:45,1,1,0
06/01/2013,20:00,2,0,2
06/01/2013,20:15,1,1,0
06/01/2013,20:30,0,0,0
06/01/2013,20:45,0,0,0
06/01/2013,21:00,0,0,0
06/01/2013,21:15,0,0,0
06/01/2013,21:30,1,1,0
06/01/2013,21:45,0,0,0
06/01/2013,22:00,4,1,3
06/01/2013,22:15,0,0,0
06/01/2013,22:30,0,0,0
06/01/2013,22:45,0,0,0
06/01/2013,23:00,3,1,2
06/01/2013,23:15,0,0,0
06/01/2013,23:30,0,0,0
06/01/2013,23:45,1,0,1
07/01/2013,00:00,0,0,0
07/01/2013,00:15,1,1,0
07/01/2013,00:30,1,1,0
07/01/2013,00:45,0,0,0
07/01/2013,01:00,0,0,0
07/01/2013,01:15,0,0,0
07/01/2013,01:30,0,0,0
07/01/2013,01:45,0,0,0
07/01/2013,02:00,0,0,0
07/01/2013,02:15,0,0,0
07/01/2013,02:30,0,0,0
07/01/2013,02:45,0,0,0
07/01/2013,03:00,0,0,0
07/01/2013,03:15,0,0,0
07/01/2013,03:30,0,0,0
07/01/2013,03:45,2,2,0
07/01/2013,04:00,3,2,1
07/01/2013,04:15,0,0,0
07/01/2013,04:30,2,1,1
07/01/2013,04:45,0,0,0
07/01/2013,05:00,3,0,3
07/01/2013,05:15,3,2,1
07/01/2013,05:30,7,3,4
07/01/2013,05:45,14,7,7
07/01/2013,06:00,6,1,5
07/01/2013,06:15,5,3,2
07/01/2013,06:30,16,4,12
07/01/2013,06:45,14,7,7
07/01/2013,07:00,17,3,14
07/01/2013,07:15,7,4,3
07/01/2013,07:30,13,3,10
07/01/2013,07:45,15,9,6
07/01/2013,08:00,27,10,17
07/01/2013,08:15,15,4,11
07/01/2013,08:30,13,4,9
07/01/2013,08:45,15,7,8
07/01/2013,09:00,5,3,2
07/01/2013,09:15,4,2,2
07/01/2013,09:30,4,3,1
07/01/2013,09:45,9,2,7
07/01/2013,10:00,2,0,2
07/01/2013,10:15,7,3,4
07/01/2013,10:30,6,1,5
07/01/2013,10:45,4,0,4
07/01/2013,11:00,4,0,4
07/01/2013,11:15,7,4,3
07/01/2013,11:30,2,2,0
07/01/2013,11:45,6,1,5
07/01/2013,12:00,2,1,1
07/01/2013,12:15,9,4,5
07/01/2013,12:30,5,3,2
07/01/2013,12:45,9,5,4
07/01/2013,13:00,7,2,5
07/01/2013,13:15,4,2,2
07/01/2013,13:30,9,5,4
07/01/2013,13:45,12,6,6
07/01/2013,14:00,15,6,9
07/01/2013,14:15,11,4,7
07/01/2013,14:30,8,2,6
07/01/2013,14:45,20,5,15
07/01/2013,15:00,6,2,4
07/01/2013,15:15,13,9,4
07/01/2013,15:30,14,5,9
07/01/2013,15:45,10,3,7
07/01/2013,16:00,11,2,9
07/01/2013,16:15,12,9,3
07/01/2013,16:30,6,4,2
07/01/2013,16:45,16,11,5
07/01/2013,17:00,20,16,4
07/01/2013,17:15,12,7,5
07/01/2013,17:30,17,11,6
07/01/2013,17:45,14,12,2
07/01/2013,18:00,17,11,6
07/01/2013,18:15,13,9,4
07/01/2013,18:30,19,13,6
07/01/2013,18:45,7,2,5
07/01/2013,19:00,10,9,1
07/01/2013,19:15,8,7,1
07/01/2013,19:30,3,1,2
07/01/2013,19:45,4,3,1
07/01/2013,20:00,4,1,3
07/01/2013,20:15,7,1,6
07/01/2013,20:30,2,1,1
07/01/2013,20:45,0,0,0
07/01/2013,21:00,3,2,1
07/01/2013,21:15,0,0,0
07/01/2013,21:30,0,0,0
07/01/2013,21:45,2,1,1
07/01/2013,22:00,1,1,0
07/01/2013,22:15,2,1,1
07/01/2013,22:30,1,0,1
07/01/2013,22:45,2,1,1
07/01/2013,23:00,3,1,2
07/01/2013,23:15,1,1,0
07/01/2013,23:30,2,1,1
07/01/2013,23:45,0,0,0
08/01/2013,00:00,0,0,0
08/01/2013,00:15,0,0,0
08/01/2013,00:30,0,0,0
08/01/2013,00:45,1,1,0
08/01/2013,01:00,0,0,0
08/01/2013,01:15,1,1,0
08/01/2013,01:30,0,0,0
08/01/2013,01:45,0,0,0
08/01/2013,02:00,0,0,0
08/01/2013,02:15,0,0,0
08/01/2013,02:30,0,0,0
08/01/2013,02:45,0,0,0
08/01/2013,03:00,0,0,0
08/01/2013,03:15,0,0,0
08/01/2013,03:30,0,0,0
08/01/2013,03:45,2,1,1
08/01/2013,04:00,2,2,0
08/01/2013,04:15,0,0,0
08/01/2013,04:30,2,1,1
08/01/2013,04:45,2,0,2
08/01/2013,05:00,1,0,1
08/01/2013,05:15,6,5,1
08/01/2013,05:30,4,3,1
08/01/2013,05:45,10,4,6
08/01/2013,06:00,4,2,2
08/01/2013,06:15,9,6,3
08/01/2013,06:30,9,3,6
08/01/2013,06:45,22,6,16
08/01/2013,07:00,15,3,12
08/01/2013,07:15,19,4,15
08/01/2013,07:30,20,10,10
08/01/2013,07:45,21,9,12
08/01/2013,08:00,18,8,10
08/01/2013,08:15,21,6,15
08/01/2013,08:30,11,2,9
08/01/2013,08:45,21,10,11
08/01/2013,09:00,7,4,3
08/01/2013,09:15,9,5,4
08/01/2013,09:30,8,5,3
08/01/2013,09:45,7,3,4
08/01/2013,10:00,1,0,1
08/01/2013,10:15,6,2,4
08/01/2013,10:30,4,2,2
08/01/2013,10:45,5,2,3
08/01/2013,11:00,4,0,4
08/01/2013,11:15,6,2,4
08/01/2013,11:30,4,1,3
08/01/2013,11:45,6,2,4
08/01/2013,12:00,7,5,2
08/01/2013,12:15,7,3,4
08/01/2013,12:30,5,2,3
08/01/2013,12:45,3,2,1
08/01/2013,13:00,9,3,6
08/01/2013,13:15,5,1,4
08/01/2013,13:30,10,5,5
08/01/2013,13:45,6,0,6
08/01/2013,14:00,14,9,5
08/01/2013,14:15,15,3,12
08/01/2013,14:30,11,4,7
08/01/2013,14:45,14,5,9
08/01/2013,15:00,6,3,3
08/01/2013,15:15,15,10,5
08/01/2013,15:30,9,4,5
08/01/2013,15:45,18,9,9
08/01/2013,16:00,15,7,8
08/01/2013,16:15,12,4,8
08/01/2013,16:30,16,4,12
08/01/2013,16:45,22,12,10
08/01/2013,17:00,18,15,3
08/01/2013,17:15,19,11,8
08/01/2013,17:30,18,7,11
08/01/2013,17:45,21,13,8
08/01/2013,18:00,17,12,5
08/01/2013,18:15,19,10,9
08/01/2013,18:30,13,8,5
08/01/2013,18:45,15,10,5
08/01/2013,19:00,15,8,7
08/01/2013,19:15,4,2,2
08/01/2013,19:30,2,1,1
08/01/2013,19:45,6,4,2
08/01/2013,20:00,3,1,2
08/01/2013,20:15,4,2,2
08/01/2013,20:30,3,2,1
08/01/2013,20:45,3,2,1
08/01/2013,21:00,3,2,1
08/01/2013,21:15,6,4,2
08/01/2013,21:30,2,1,1
08/01/2013,21:45,1,1,0
08/01/2013,22:00,0,0,0
08/01/2013,22:15,1,1,0
08/01/2013,22:30,0,0,0
08/01/2013,22:45,1,1,0
08/01/2013,23:00,0,0,0
08/01/2013,23:15,0,0,0
08/01/2013,23:30,3,0,3
08/01/2013,23:45,0,0,0
09/01/2013,00:00,0,0,0
09/01/2013,00:15,0,0,0
09/01/2013,00:30,0,0,0
09/01/2013,00:45,0,0,0
09/01/2013,01:00,0,0,0
09/01/2013,01:15,1,0,1
09/01/2013,01:30,2,1,1
09/01/2013,01:45,0,0,0
09/01/2013,02:00,0,0,0
09/01/2013,02:15,0,0,0
09/01/2013,02:30,0,0,0
09/01/2013,02:45,0,0,0
09/01/2013,03:00,0,0,0
09/01/2013,03:15,1,1,0
09/01/2013,03:30,0,0,0
09/01/2013,03:45,3,1,2
09/01/2013,04:00,1,0,1
09/01/2013,04:15,0,0,0
09/01/2013,04:30,2,1,1
09/01/2013,04:45,4,3,1
09/01/2013,05:00,3,1,2
09/01/2013,05:15,3,3,0
09/01/2013,05:30,5,1,4
09/01/2013,05:45,8,4,4
09/01/2013,06:00,11,5,6
09/01/2013,06:15,6,4,2
09/01/2013,06:30,8,2,6
09/01/2013,06:45,15,6,9
09/01/2013,07:00,19,5,14
09/01/2013,07:15,17,5,12
09/01/2013,07:30,23,9,14
09/01/2013,07:45,17,8,9
09/01/2013,08:00,27,12,15
09/01/2013,08:15,22,11,11
09/01/2013,08:30,17,9,8
09/01/2013,08:45,16,8,8
09/01/2013,09:00,4,3,1
09/01/2013,09:15,17,7,10
09/01/2013,09:30,8,5,3
09/01/2013,09:45,9,2,7
09/01/2013,10:00,3,0,3
09/01/2013,10:15,7,3,4
09/01/2013,10:30,6,3,3
09/01/2013,10:45,8,1,7
09/01/2013,11:00,7,1,6
09/01/2013,11:15,7,2,5
09/01/2013,11:30,6,1,5
09/01/2013,11:45,15,8,7
09/01/2013,12:00,6,3,3
09/01/2013,12:15,9,7,2
09/01/2013,12:30,7,2,5
09/01/2013,12:45,12,5,7
09/01/2013,13:00,11,2,9
09/01/2013,13:15,9,1,8
09/01/2013,13:30,7,3,4
09/01/2013,13:45,10,5,5
09/01/2013,14:00,14,3,11
09/01/2013,14:15,12,3,9
09/01/2013,14:30,6,2,4
09/01/2013,14:45,7,2,5
09/01/2013,15:00,8,3,5
09/01/2013,15:15,12,5,7
09/01/2013,15:30,9,5,4
09/01/2013,15:45,12,3,9
09/01/2013,16:00,9,4,5
09/01/2013,16:15,10,6,4
09/01/2013,16:30,12,6,6
09/01/2013,16:45,20,9,11
09/01/2013,17:00,15,9,6
09/01/2013,17:15,26,19,7
09/01/2013,17:30,19,12,7
09/01/2013,17:45,17,9,8
09/01/2013,18:00,13,5,8
09/01/2013,18:15,11,7,4
09/01/2013,18:30,14,9,5
09/01/2013,18:45,7,5,2
09/01/2013,19:00,8,5,3
09/01/2013,19:15,4,4,0
09/01/2013,19:30,4,3,1
09/01/2013,19:45,2,2,0
09/01/2013,20:00,4,2,2
09/01/2013,20:15,2,1,1
09/01/2013,20:30,0,0,0
09/01/2013,20:45,1,0,1
09/01/2013,21:00,3,1,2
09/01/2013,21:15,1,0,1
09/01/2013,21:30,0,0,0
09/01/2013,21:45,5,4,1
09/01/2013,22:00,2,2,0
09/01/2013,22:15,0,0,0
09/01/2013,22:30,0,0,0
09/01/2013,22:45,3,2,1
09/01/2013,23:00,1,1,0
09/01/2013,23:15,0,0,0
09/01/2013,23:30,0,0,0
09/01/2013,23:45,1,0,1
10/01/2013,00:00,0,0,0
10/01/2013,00:15,0,0,0
10/01/2013,00:30,0,0,0
10/01/2013,00:45,0,0,0
10/01/2013,01:00,2,1,1
10/01/2013,01:15,1,1,0
10/01/2013,01:30,0,0,0
10/01/2013,01:45,1,1,0
10/01/2013,02:00,1,1,0
10/01/2013,02:15,0,0,0
10/01/2013,02:30,0,0,0
10/01/2013,02:45,0,0,0
10/01/2013,03:00,0,0,0
10/01/2013,03:15,0,0,0
10/01/2013,03:30,0,0,0
10/01/2013,03:45,1,1,0
10/01/2013,04:00,1,0,1
10/01/2013,04:15,1,1,0
10/01/2013,04:30,1,0,1
10/01/2013,04:45,2,1,1
10/01/2013,05:00,1,1,0
10/01/2013,05:15,7,6,1
10/01/2013,05:30,2,0,2
10/01/2013,05:45,9,5,4
10/01/2013,06:00,10,7,3
10/01/2013,06:15,9,6,3
10/01/2013,06:30,8,2,6
10/01/2013,06:45,18,7,11
10/01/2013,07:00,21,8,13
10/01/2013,07:15,16,7,9
10/01/2013,07:30,14,7,7
10/01/2013,07:45,19,5,14
10/01/2013,08:00,17,4,13
10/01/2013,08:15,20,10,10
10/01/2013,08:30,17,6,11
10/01/2013,08:45,12,5,7
10/01/2013,09:00,15,6,9
10/01/2013,09:15,3,1,2
10/01/2013,09:30,18,12,6
10/01/2013,09:45,14,6,8
10/01/2013,10:00,7,5,2
10/01/2013,10:15,8,2,6
10/01/2013,10:30,8,4,4
10/01/2013,10:45,12,7,5
10/01/2013,11:00,11,7,4
10/01/2013,11:15,8,4,4
10/01/2013,11:30,9,4,5
10/01/2013,11:45,8,2,6
10/01/2013,12:00,7,1,6
10/01/2013,12:15,16,12,4
10/01/2013,12:30,27,25,2
10/01/2013,12:45,16,9,7
10/01/2013,13:00,13,6,7
10/01/2013,13:15,11,7,4
10/01/2013,13:30,21,15,6
10/01/2013,13:45,10,4,6
10/01/2013,14:00,20,10,10
10/01/2013,14:15,21,10,11
10/01/2013,14:30,12,7,5
10/01/2013,14:45,17,8,9
10/01/2013,15:00,15,5,10
10/01/2013,15:15,12,7,5
10/01/2013,15:30,16,7,9
10/01/2013,15:45,15,6,9
10/01/2013,16:00,29,14,15
10/01/2013,16:15,15,9,6
10/01/2013,16:30,20,12,8
10/01/2013,16:45,24,17,7
10/01/2013,17:00,24,12,12
10/01/2013,17:15,21,10,11
10/01/2013,17:30,20,14,6
10/01/2013,17:45,19,10,9
10/01/2013,18:00,12,5,7
10/01/2013,18:15,16,10,6
10/01/2013,18:30,15,8,7
10/01/2013,18:45,9,7,2
10/01/2013,19:00,7,4,3
10/01/2013,19:15,7,5,2
10/01/2013,19:30,6,5,1
10/01/2013,19:45,10,6,4
10/01/2013,20:00,2,2,0
10/01/2013,20:15,4,2,2
10/01/2013,20:30,1,1,0
10/01/2013,20:45,2,1,1
10/01/2013,21:00,3,1,2
10/01/2013,21:15,2,0,2
10/01/2013,21:30,2,2,0
10/01/2013,21:45,3,2,1
10/01/2013,22:00,2,0,2
10/01/2013,22:15,1,1,0
10/01/2013,22:30,2,2,0
10/01/2013,22:45,1,1,0
10/01/2013,23:00,0,0,0
10/01/2013,23:15,1,1,0
10/01/2013,23:30,1,1,0
10/01/2013,23:45,0,0,0
11/01/2013,00:00,0,0,0
11/01/2013,00:15,0,0,0
11/01/2013,00:30,1,1,0
11/01/2013,00:45,0,0,0
11/01/2013,01:00,0,0,0
11/01/2013,01:15,0,0,0
11/01/2013,01:30,0,0,0
11/01/2013,01:45,0,0,0
11/01/2013,02:00,0,0,0
11/01/2013,02:15,0,0,0
11/01/2013,02:30,0,0,0
11/01/2013,02:45,0,0,0
11/01/2013,03:00,0,0,0
11/01/2013,03:15,0,0,0
11/01/2013,03:30,0,0,0
11/01/2013,03:45,1,1,0
11/01/2013,04:00,0,0,0
11/01/2013,04:15,1,0,1
11/01/2013,04:30,1,1,0
11/01/2013,04:45,0,0,0
11/01/2013,05:00,2,2,0
11/01/2013,05:15,6,4,2
11/01/2013,05:30,5,1,4
11/01/2013,05:45,13,6,7
11/01/2013,06:00,11,6,5
11/01/2013,06:15,9,7,2
11/01/2013,06:30,5,1,4
11/01/2013,06:45,10,6,4
11/01/2013,07:00,16,5,11
11/01/2013,07:15,23,8,15
11/01/2013,07:30,11,5,6
11/01/2013,07:45,18,7,11
11/01/2013,08:00,20,9,11
11/01/2013,08:15,11,6,5
11/01/2013,08:30,9,5,4
11/01/2013,08:45,13,7,6
11/01/2013,09:00,11,4,7
11/01/2013,09:15,17,10,7
11/01/2013,09:30,7,4,3
11/01/2013,09:45,6,2,4
11/01/2013,10:00,9,5,4
11/01/2013,10:15,7,4,3
11/01/2013,10:30,14,5,9
11/01/2013,10:45,9,3,6
11/01/2013,11:00,7,5,2
11/01/2013,11:15,7,2,5
11/01/2013,11:30,4,1,3
11/01/2013,11:45,4,0,4
11/01/2013,12:00,5,0,5
11/01/2013,12:15,4,2,2
11/01/2013,12:30,3,1,2
11/01/2013,12:45,5,2,3
11/01/2013,13:00,4,1,3
11/01/2013,13:15,6,1,5
11/01/2013,13:30,0,0,0
11/01/2013,13:45,5,1,4
11/01/2013,14:00,9,2,7
11/01/2013,14:15,4,1,3
11/01/2013,14:30,4,1,3
11/01/2013,14:45,7,2,5
11/01/2013,15:00,3,1,2
11/01/2013,15:15,9,3,6
11/01/2013,15:30,9,6,3
11/01/2013,15:45,7,3,4
11/01/2013,16:00,8,2,6
11/01/2013,16:15,7,2,5
11/01/2013,16:30,7,2,5
11/01/2013,16:45,12,7,5
11/01/2013,17:00,14,8,6
11/01/2013,17:15,9,5,4
11/01/2013,17:30,11,5,6
11/01/2013,17:45,11,6,5
11/01/2013,18:00,9,4,5
11/01/2013,18:15,7,6,1
11/01/2013,18:30,3,2,1
11/01/2013,18:45,6,3,3
11/01/2013,19:00,3,3,0
11/01/2013,19:15,3,2,1
11/01/2013,19:30,1,1,0
11/01/2013,19:45,0,0,0
11/01/2013,20:00,0,0,0
11/01/2013,20:15,0,0,0
11/01/2013,20:30,2,1,1
11/01/2013,20:45,1,1,0
11/01/2013,21:00,0,0,0
11/01/2013,21:15,3,2,1
11/01/2013,21:30,2,2,0
11/01/2013,21:45,2,0,2
11/01/2013,22:00,2,2,0
11/01/2013,22:15,1,0,1
11/01/2013,22:30,1,1,0
11/01/2013,22:45,0,0,0
11/01/2013,23:00,0,0,0
11/01/2013,23:15,0,0,0
11/01/2013,23:30,1,1,0
11/01/2013,23:45,1,0,1
12/01/2013,00:00,0,0,0
12/01/2013,00:15,3,3,0
12/01/2013,00:30,0,0,0
12/01/2013,00:45,0,0,0
12/01/2013,01:00,0,0,0
12/01/2013,01:15,1,1,0
12/01/2013,01:30,0,0,0
12/01/2013,01:45,0,0,0
12/01/2013,02:00,0,0,0
12/01/2013,02:15,0,0,0
12/01/2013,02:30,1,1,0
12/01/2013,02:45,0,0,0
12/01/2013,03:00,0,0,0
12/01/2013,03:15,1,1,0
12/01/2013,03:30,0,0,0
12/01/2013,03:45,0,0,0
12/01/2013,04:00,0,0,0
12/01/2013,04:15,0,0,0
12/01/2013,04:30,0,0,0
12/01/2013,04:45,1,1,0
12/01/2013,05:00,2,2,0
12/01/2013,05:15,1,1,0
12/01/2013,05:30,2,2,0
12/01/2013,05:45,1,0,1
12/01/2013,06:00,0,0,0
12/01/2013,06:15,5,3,2
12/01/2013,06:30,2,0,2
12/01/2013,06:45,3,3,0
12/01/2013,07:00,3,1,2
12/01/2013,07:15,1,1,0
12/01/2013,07:30,6,6,0
12/01/2013,07:45,13,8,5
12/01/2013,08:00,9,5,4
12/01/2013,08:15,9,5,4
12/01/2013,08:30,12,11,1
12/01/2013,08:45,19,11,8
12/01/2013,09:00,20,17,3
12/01/2013,09:15,13,5,8
12/01/2013,09:30,22,13,9
12/01/2013,09:45,11,6,5
12/01/2013,10:00,22,11,11
12/01/2013,10:15,21,8,13
12/01/2013,10:30,19,11,8
12/01/2013,10:45,26,11,15
12/01/2013,11:00,24,11,13
12/01/2013,11:15,21,6,15
12/01/2013,11:30,19,6,13
12/01/2013,11:45,36,11,25
12/01/2013,12:00,22,10,12
12/01/2013,12:15,21,9,12
12/01/2013,12:30,24,13,11
12/01/2013,12:45,30,12,18
12/01/2013,13:00,33,10,23
12/01/2013,13:15,44,24,20
12/01/2013,13:30,44,28,16
12/01/2013,13:45,45,23,22
12/01/2013,14:00,36,17,19
12/01/2013,14:15,50,27,23
12/01/2013,14:30,45,21,24
12/01/2013,14:45,48,20,28
12/01/2013,15:00,55,26,29
12/01/2013,15:15,51,28,23
12/01/2013,15:30,34,17,17
12/01/2013,15:45,55,23,32
12/01/2013,16:00,31,20,11
12/01/2013,16:15,30,10,20
12/01/2013,16:30,33,15,18
12/01/2013,16:45,17,10,7
12/01/2013,17:00,14,6,8
12/01/2013,17:15,12,7,5
12/01/2013,17:30,11,7,4
12/01/2013,17:45,2,1,1
12/01/2013,18:00,6,3,3
12/01/2013,18:15,4,2,2
12/01/2013,18:30,4,0,4
12/01/2013,18:45,1,1,0
12/01/2013,19:00,2,2,0
12/01/2013,19:15,1,0,1
12/01/2013,19:30,4,3,1
12/01/2013,19:45,1,0,1
12/01/2013,20:00,1,1,0
12/01/2013,20:15,0,0,0
12/01/2013,20:30,1,1,0
12/01/2013,20:45,0,0,0
12/01/2013,21:00,1,1,0
12/01/2013,21:15,0,0,0
12/01/2013,21:30,0,0,0
12/01/2013,21:45,1,0,1
12/01/2013,22:00,2,0,2
12/01/2013,22:15,1,0,1
12/01/2013,22:30,1,0,1
12/01/2013,22:45,1,1,0
12/01/2013,23:00,0,0,0
12/01/2013,23:15,0,0,0
12/01/2013,23:30,0,0,0
12/01/2013,23:45,1,0,1
13/01/2013,00:00,0,0,0
13/01/2013,00:15,0,0,0
13/01/2013,00:30,2,1,1
13/01/2013,00:45,1,0,1
13/01/2013,01:00,0,0,0
13/01/2013,01:15,3,2,1
13/01/2013,01:30,1,1,0
13/01/2013,01:45,1,1,0
13/01/2013,02:00,0,0,0
13/01/2013,02:15,0,0,0
13/01/2013,02:30,0,0,0
13/01/2013,02:45,0,0,0
13/01/2013,03:00,0,0,0
13/01/2013,03:15,0,0,0
13/01/2013,03:30,0,0,0
13/01/2013,03:45,0,0,0
13/01/2013,04:00,0,0,0
13/01/2013,04:15,1,0,1
13/01/2013,04:30,0,0,0
13/01/2013,04:45,1,0,1
13/01/2013,05:00,0,0,0
13/01/2013,05:15,1,1,0
13/01/2013,05:30,0,0,0
13/01/2013,05:45,1,0,1
13/01/2013,06:00,0,0,0
13/01/2013,06:15,1,1,0
13/01/2013,06:30,2,1,1
13/01/2013,06:45,6,5,1
13/01/2013,07:00,1,0,1
13/01/2013,07:15,5,3,2
13/01/2013,07:30,2,2,0
13/01/2013,07:45,4,2,2
13/01/2013,08:00,6,3,3
13/01/2013,08:15,12,5,7
13/01/2013,08:30,6,4,2
13/01/2013,08:45,5,2,3
13/01/2013,09:00,7,4,3
13/01/2013,09:15,13,6,7
13/01/2013,09:30,22,11,11
13/01/2013,09:45,15,6,9
13/01/2013,10:00,17,11,6
13/01/2013,10:15,22,9,13
13/01/2013,10:30,16,8,8
13/01/2013,10:45,22,12,10
13/01/2013,11:00,32,17,15
13/01/2013,11:15,29,20,9
13/01/2013,11:30,31,17,14
13/01/2013,11:45,35,25,10
13/01/2013,12:00,15,7,8
13/01/2013,12:15,25,9,16
13/01/2013,12:30,15,9,6
13/01/2013,12:45,26,14,12
13/01/2013,13:00,28,10,18
13/01/2013,13:15,22,11,11
13/01/2013,13:30,20,6,14
13/01/2013,13:45,27,12,15
13/01/2013,14:00,28,13,15
13/01/2013,14:15,23,8,15
13/01/2013,14:30,27,12,15
13/01/2013,14:45,35,26,9
13/01/2013,15:00,18,9,9
13/01/2013,15:15,19,7,12
13/01/2013,15:30,37,18,19
13/01/2013,15:45,21,10,11
13/01/2013,16:00,13,9,4
13/01/2013,16:15,13,9,4
13/01/2013,16:30,12,9,3
13/01/2013,16:45,7,4,3
13/01/2013,17:00,8,4,4
13/01/2013,17:15,7,4,3
13/01/2013,17:30,7,4,3
13/01/2013,17:45,1,0,1
13/01/2013,18:00,3,1,2
13/01/2013,18:15,7,4,3
13/01/2013,18:30,0,0,0
13/01/2013,18:45,3,2,1
13/01/2013,19:00,2,1,1
13/01/2013,19:15,0,0,0
13/01/2013,19:30,1,0,1
13/01/2013,19:45,2,0,2
13/01/2013,20:00,3,2,1
13/01/2013,20:15,0,0,0
13/01/2013,20:30,1,0,1
13/01/2013,20:45,1,0,1
13/01/2013,21:00,1,0,1
13/01/2013,21:15,0,0,0
13/01/2013,21:30,1,0,1
13/01/2013,21:45,0,0,0
13/01/2013,22:00,0,0,0
13/01/2013,22:15,0,0,0
13/01/2013,22:30,0,0,0
13/01/2013,22:45,2,0,2
13/01/2013,23:00,0,0,0
13/01/2013,23:15,0,0,0
13/01/2013,23:30,1,1,0
13/01/2013,23:45,0,0,0
14/01/2013,00:00,0,0,0
14/01/2013,00:15,0,0,0
14/01/2013,00:30,0,0,0
14/01/2013,00:45,1,0,1
14/01/2013,01:00,0,0,0
14/01/2013,01:15,0,0,0
14/01/2013,01:30,0,0,0
14/01/2013,01:45,0,0,0
14/01/2013,02:00,0,0,0
14/01/2013,02:15,0,0,0
14/01/2013,02:30,1,0,1
14/01/2013,02:45,0,0,0
14/01/2013,03:00,0,0,0
14/01/2013,03:15,0,0,0
14/01/2013,03:30,2,1,1
14/01/2013,03:45,2,1,1
14/01/2013,04:00,1,1,0
14/01/2013,04:15,0,0,0
14/01/2013,04:30,2,1,1
14/01/2013,04:45,1,1,0
14/01/2013,05:00,0,0,0
14/01/2013,05:15,4,3,1
14/01/2013,05:30,7,3,4
14/01/2013,05:45,10,5,5
14/01/2013,06:00,6,3,3
14/01/2013,06:15,5,3,2
14/01/2013,06:30,7,1,6
14/01/2013,06:45,10,4,6
14/01/2013,07:00,17,7,10
14/01/2013,07:15,14,4,10
14/01/2013,07:30,12,5,7
14/01/2013,07:45,17,7,10
14/01/2013,08:00,13,4,9
14/01/2013,08:15,18,7,11
14/01/2013,08:30,12,6,6
14/01/2013,08:45,15,12,3
14/01/2013,09:00,9,7,2
14/01/2013,09:15,8,5,3
14/01/2013,09:30,2,1,1
14/01/2013,09:45,7,5,2
14/01/2013,10:00,5,2,3
14/01/2013,10:15,6,1,5
14/01/2013,10:30,6,2,4
14/01/2013,10:45,5,2,3
14/01/2013,11:00,8,4,4
14/01/2013,11:15,6,0,6
14/01/2013,11:30,5,0,5
14/01/2013,11:45,8,5,3
14/01/2013,12:00,10,2,8
14/01/2013,12:15,9,4,5
14/01/2013,12:30,11,4,7
14/01/2013,12:45,11,3,8
14/01/2013,13:00,8,3,5
14/01/2013,13:15,7,0,7
14/01/2013,13:30,7,1,6
14/01/2013,13:45,6,2,4
14/01/2013,14:00,9,2,7
14/01/2013,14:15,10,3,7
14/01/2013,14:30,8,3,5
14/01/2013,14:45,7,2,5
14/01/2013,15:00,5,3,2
14/01/2013,15:15,11,4,7
14/01/2013,15:30,10,3,7
14/01/2013,15:45,12,2,10
14/01/2013,16:00,14,8,6
14/01/2013,16:15,15,6,9
14/01/2013,16:30,12,7,5
14/01/2013,16:45,16,10,6
14/01/2013,17:00,10,6,4
14/01/2013,17:15,13,7,6
14/01/2013,17:30,10,4,6
14/01/2013,17:45,14,7,7
14/01/2013,18:00,19,8,11
14/01/2013,18:15,10,4,6
14/01/2013,18:30,5,3,2
14/01/2013,18:45,7,6,1
14/01/2013,19:00,9,4,5
14/01/2013,19:15,3,2,1
14/01/2013,19:30,2,1,1
14/01/2013,19:45,2,1,1
14/01/2013,20:00,5,3,2
14/01/2013,20:15,4,2,2
14/01/2013,20:30,1,1,0
14/01/2013,20:45,2,0,2
14/01/2013,21:00,3,1,2
14/01/2013,21:15,2,1,1
14/01/2013,21:30,1,1,0
14/01/2013,21:45,1,1,0
14/01/2013,22:00,0,0,0
14/01/2013,22:15,1,1,0
14/01/2013,22:30,1,0,1
14/01/2013,22:45,0,0,0
14/01/2013,23:00,0,0,0
14/01/2013,23:15,1,0,1
14/01/2013,23:30,1,1,0
14/01/2013,23:45,0,0,0
15/01/2013,00:00,1,0,1
15/01/2013,00:15,0,0,0
15/01/2013,00:30,1,1,0
15/01/2013,00:45,0,0,0
15/01/2013,01:00,1,1,0
15/01/2013,01:15,0,0,0
15/01/2013,01:30,0,0,0
15/01/2013,01:45,0,0,0
15/01/2013,02:00,0,0,0
15/01/2013,02:15,0,0,0
15/01/2013,02:30,0,0,0
15/01/2013,02:45,0,0,0
15/01/2013,03:00,0,0,0
15/01/2013,03:15,0,0,0
15/01/2013,03:30,1,1,0
15/01/2013,03:45,1,1,0
15/01/2013,04:00,0,0,0
15/01/2013,04:15,1,0,1
15/01/2013,04:30,1,1,0
15/01/2013,04:45,2,2,0
15/01/2013,05:00,1,1,0
15/01/2013,05:15,5,4,1
15/01/2013,05:30,5,2,3
15/01/2013,05:45,7,3,4
15/01/2013,06:00,2,0,2
15/01/2013,06:15,7,5,2
15/01/2013,06:30,12,3,9
15/01/2013,06:45,9,6,3
15/01/2013,07:00,12,4,8
15/01/2013,07:15,9,3,6
15/01/2013,07:30,14,3,11
15/01/2013,07:45,5,0,5
15/01/2013,08:00,7,0,7
15/01/2013,08:15,8,3,5
15/01/2013,08:30,8,5,3
15/01/2013,08:45,6,4,2
15/01/2013,09:00,5,0,5
15/01/2013,09:15,2,2,0
15/01/2013,09:30,9,5,4
15/01/2013,09:45,4,2,2
15/01/2013,10:00,2,1,1
15/01/2013,10:15,1,0,1
15/01/2013,10:30,3,0,3
15/01/2013,10:45,2,1,1
15/01/2013,11:00,3,2,1
15/01/2013,11:15,2,1,1
15/01/2013,11:30,3,0,3
15/01/2013,11:45,3,0,3
15/01/2013,12:00,3,0,3
15/01/2013,12:15,4,2,2
15/01/2013,12:30,2,0,2
15/01/2013,12:45,4,0,4
15/01/2013,13:00,2,0,2
15/01/2013,13:15,3,2,1
15/01/2013,13:30,4,1,3
15/01/2013,13:45,6,4,2
15/01/2013,14:00,3,2,1
15/01/2013,14:15,1,1,0
15/01/2013,14:30,2,1,1
15/01/2013,14:45,7,3,4
15/01/2013,15:00,8,5,3
15/01/2013,15:15,6,4,2
15/01/2013,15:30,3,2,1
15/01/2013,15:45,8,6,2
15/01/2013,16:00,4,3,1
15/01/2013,16:15,6,4,2
15/01/2013,16:30,7,5,2
15/01/2013,16:45,11,10,1
15/01/2013,17:00,8,3,5
15/01/2013,17:15,8,5,3
15/01/2013,17:30,9,5,4
15/01/2013,17:45,12,5,7
15/01/2013,18:00,13,3,10
15/01/2013,18:15,10,7,3
15/01/2013,18:30,5,0,5
15/01/2013,18:45,6,4,2
15/01/2013,19:00,8,2,6
15/01/2013,19:15,5,2,3
15/01/2013,19:30,1,1,0
15/01/2013,19:45,3,3,0
15/01/2013,20:00,2,2,0
15/01/2013,20:15,3,1,2
15/01/2013,20:30,1,0,1
15/01/2013,20:45,1,1,0
15/01/2013,21:00,1,1,0
15/01/2013,21:15,1,0,1
15/01/2013,21:30,0,0,0
15/01/2013,21:45,1,1,0
15/01/2013,22:00,1,1,0
15/01/2013,22:15,1,0,1
15/01/2013,22:30,0,0,0
15/01/2013,22:45,0,0,0
15/01/2013,23:00,0,0,0
15/01/2013,23:15,0,0,0
15/01/2013,23:30,1,0,1
15/01/2013,23:45,0,0,0
16/01/2013,00:00,0,0,0
16/01/2013,00:15,0,0,0
16/01/2013,00:30,0,0,0
16/01/2013,00:45,0,0,0
16/01/2013,01:00,0,0,0
16/01/2013,01:15,0,0,0
16/01/2013,01:30,0,0,0
16/01/2013,01:45,0,0,0
16/01/2013,02:00,1,0,1
16/01/2013,02:15,0,0,0
16/01/2013,02:30,0,0,0
16/01/2013,02:45,0,0,0
16/01/2013,03:00,0,0,0
16/01/2013,03:15,0,0,0
16/01/2013,03:30,1,0,1
16/01/2013,03:45,1,0,1
16/01/2013,04:00,1,1,0
16/01/2013,04:15,1,0,1
16/01/2013,04:30,1,0,1
16/01/2013,04:45,1,1,0
16/01/2013,05:00,1,0,1
16/01/2013,05:15,2,2,0
16/01/2013,05:30,5,2,3
16/01/2013,05:45,6,2,4
16/01/2013,06:00,4,3,1
16/01/2013,06:15,5,3,2
16/01/2013,06:30,4,1,3
16/01/2013,06:45,8,2,6
16/01/2013,07:00,7,1,6
16/01/2013,07:15,11,4,7
16/01/2013,07:30,10,5,5
16/01/2013,07:45,9,5,4
16/01/2013,08:00,15,10,5
16/01/2013,08:15,10,4,6
16/01/2013,08:30,3,1,2
16/01/2013,08:45,8,3,5
16/01/2013,09:00,6,2,4
16/01/2013,09:15,5,3,2
16/01/2013,09:30,2,0,2
16/01/2013,09:45,2,1,1
16/01/2013,10:00,2,2,0
16/01/2013,10:15,2,1,1
16/01/2013,10:30,2,1,1
16/01/2013,10:45,0,0,0
16/01/2013,11:00,5,3,2
16/01/2013,11:15,4,2,2
16/01/2013,11:30,7,2,5
16/01/2013,11:45,5,5,0
16/01/2013,12:00,3,0,3
16/01/2013,12:15,7,1,6
16/01/2013,12:30,3,3,0
16/01/2013,12:45,0,0,0
16/01/2013,13:00,4,2,2
16/01/2013,13:15,4,1,3
16/01/2013,13:30,10,4,6
16/01/2013,13:45,3,0,3
16/01/2013,14:00,4,1,3
16/01/2013,14:15,3,1,2
16/01/2013,14:30,2,0,2
16/01/2013,14:45,2,1,1
16/01/2013,15:00,2,0,2
16/01/2013,15:15,8,3,5
16/01/2013,15:30,11,4,7
16/01/2013,15:45,8,3,5
16/01/2013,16:00,5,2,3
16/01/2013,16:15,8,4,4
16/01/2013,16:30,6,2,4
16/01/2013,16:45,14,6,8
16/01/2013,17:00,9,4,5
16/01/2013,17:15,11,4,7
16/01/2013,17:30,13,8,5
16/01/2013,17:45,10,7,3
16/01/2013,18:00,4,1,3
16/01/2013,18:15,6,3,3
16/01/2013,18:30,8,5,3
16/01/2013,18:45,4,2,2
16/01/2013,19:00,10,5,5
16/01/2013,19:15,6,6,0
16/01/2013,19:30,3,1,2
16/01/2013,19:45,3,3,0
16/01/2013,20:00,5,2,3
16/01/2013,20:15,3,2,1
16/01/2013,20:30,2,0,2
16/01/2013,20:45,3,1,2
16/01/2013,21:00,1,0,1
16/01/2013,21:15,2,1,1
16/01/2013,21:30,2,1,1
16/01/2013,21:45,2,1,1
16/01/2013,22:00,2,2,0
16/01/2013,22:15,0,0,0
16/01/2013,22:30,1,0,1
16/01/2013,22:45,1,1,0
16/01/2013,23:00,1,0,1
16/01/2013,23:15,1,1,0
16/01/2013,23:30,0,0,0
16/01/2013,23:45,1,0,1
17/01/2013,00:00,1,0,1
17/01/2013,00:15,0,0,0
17/01/2013,00:30,0,0,0
17/01/2013,00:45,0,0,0
17/01/2013,01:00,1,1,0
17/01/2013,01:15,0,0,0
17/01/2013,01:30,0,0,0
17/01/2013,01:45,0,0,0
17/01/2013,02:00,0,0,0
17/01/2013,02:15,0,0,0
17/01/2013,02:30,1,0,1
17/01/2013,02:45,0,0,0
17/01/2013,03:00,0,0,0
17/01/2013,03:15,0,0,0
17/01/2013,03:30,0,0,0
17/01/2013,03:45,1,0,1
17/01/2013,04:00,0,0,0
17/01/2013,04:15,0,0,0
17/01/2013,04:30,2,1,1
17/01/2013,04:45,2,1,1
17/01/2013,05:00,1,1,0
17/01/2013,05:15,7,6,1
17/01/2013,05:30,3,1,2
17/01/2013,05:45,12,7,5
17/01/2013,06:00,4,0,4
17/01/2013,06:15,3,3,0
17/01/2013,06:30,7,3,4
17/01/2013,06:45,3,1,2
17/01/2013,07:00,9,2,7
17/01/2013,07:15,10,4,6
17/01/2013,07:30,8,2,6
17/01/2013,07:45,19,10,9
17/01/2013,08:00,12,4,8
17/01/2013,08:15,12,4,8
17/01/2013,08:30,3,2,1
17/01/2013,08:45,10,6,4
17/01/2013,09:00,7,7,0
17/01/2013,09:15,3,1,2
17/01/2013,09:30,7,3,4
17/01/2013,09:45,13,8,5
17/01/2013,10:00,5,3,2
17/01/2013,10:15,2,1,1
17/01/2013,10:30,8,6,2
17/01/2013,10:45,16,4,12
17/01/2013,11:00,3,0,3
17/01/2013,11:15,6,3,3
17/01/2013,11:30,5,2,3
17/01/2013,11:45,4,2,2
17/01/2013,12:00,6,1,5
17/01/2013,12:15,4,2,2
17/01/2013,12:30,1,1,0
17/01/2013,12:45,4,2,2
17/01/2013,13:00,3,0,3
17/01/2013,13:15,6,2,4
17/01/2013,13:30,6,2,4
17/01/2013,13:45,9,4,5
17/01/2013,14:00,6,2,4
17/01/2013,14:15,5,1,4
17/01/2013,14:30,3,0,3
17/01/2013,14:45,5,0,5
17/01/2013,15:00,5,2,3
17/01/2013,15:15,10,6,4
17/01/2013,15:30,11,4,7
17/01/2013,15:45,5,1,4
17/01/2013,16:00,7,3,4
17/01/2013,16:15,11,9,2
17/01/2013,16:30,7,4,3
17/01/2013,16:45,10,5,5
17/01/2013,17:00,10,3,7
17/01/2013,17:15,7,6,1
17/01/2013,17:30,9,5,4
17/01/2013,17:45,5,4,1
17/01/2013,18:00,11,6,5
17/01/2013,18:15,6,0,6
17/01/2013,18:30,4,1,3
17/01/2013,18:45,4,2,2
17/01/2013,19:00,3,2,1
17/01/2013,19:15,0,0,0
17/01/2013,19:30,3,3,0
17/01/2013,19:45,2,2,0
17/01/2013,20:00,3,3,0
17/01/2013,20:15,1,1,0
17/01/2013,20:30,0,0,0
17/01/2013,20:45,1,1,0
17/01/2013,21:00,1,1,0
17/01/2013,21:15,0,0,0
17/01/2013,21:30,1,0,1
17/01/2013,21:45,1,0,1
17/01/2013,22:00,1,0,1
17/01/2013,22:15,2,2,0
17/01/2013,22:30,2,0,2
17/01/2013,22:45,3,3,0
17/01/2013,23:00,0,0,0
17/01/2013,23:15,0,0,0
17/01/2013,23:30,1,1,0
17/01/2013,23:45,2,2,0
18/01/2013,00:00,0,0,0
18/01/2013,00:15,1,0,1
18/01/2013,00:30,0,0,0
18/01/2013,00:45,0,0,0
18/01/2013,01:00,1,0,1
18/01/2013,01:15,0,0,0
18/01/2013,01:30,0,0,0
18/01/2013,01:45,0,0,0
18/01/2013,02:00,0,0,0
18/01/2013,02:15,0,0,0
18/01/2013,02:30,0,0,0
18/01/2013,02:45,0,0,0
18/01/2013,03:00,0,0,0
18/01/2013,03:15,0,0,0
18/01/2013,03:30,0,0,0
18/01/2013,03:45,0,0,0
18/01/2013,04:00,0,0,0
18/01/2013,04:15,1,1,0
18/01/2013,04:30,1,0,1
18/01/2013,04:45,1,1,0
18/01/2013,05:00,2,2,0
18/01/2013,05:15,3,2,1
18/01/2013,05:30,4,3,1
18/01/2013,05:45,7,3,4
18/01/2013,06:00,4,1,3
18/01/2013,06:15,4,2,2
18/01/2013,06:30,8,2,6
18/01/2013,06:45,13,2,11
18/01/2013,07:00,15,4,11
18/01/2013,07:15,13,2,11
18/01/2013,07:30,8,4,4
18/01/2013,07:45,13,4,9
18/01/2013,08:00,15,7,8
18/01/2013,08:15,16,10,6
18/01/2013,08:30,11,6,5
18/01/2013,08:45,12,4,8
18/01/2013,09:00,6,1,5
18/01/2013,09:15,7,2,5
18/01/2013,09:30,10,5,5
18/01/2013,09:45,4,2,2
18/01/2013,10:00,16,11,5
18/01/2013,10:15,12,6,6
18/01/2013,10:30,23,19,4
18/01/2013,10:45,5,3,2
18/01/2013,11:00,12,6,6
18/01/2013,11:15,9,6,3
18/01/2013,11:30,10,3,7
18/01/2013,11:45,8,4,4
18/01/2013,12:00,7,2,5
18/01/2013,12:15,20,11,9
18/01/2013,12:30,8,4,4
18/01/2013,12:45,9,6,3
18/01/2013,13:00,5,3,2
18/01/2013,13:15,5,4,1
18/01/2013,13:30,7,6,1
18/01/2013,13:45,9,3,6
18/01/2013,14:00,6,2,4
18/01/2013,14:15,9,3,6
18/01/2013,14:30,9,5,4
18/01/2013,14:45,5,1,4
18/01/2013,15:00,9,4,5
18/01/2013,15:15,9,3,6
18/01/2013,15:30,8,3,5
18/01/2013,15:45,12,4,8
18/01/2013,16:00,13,6,7
18/01/2013,16:15,10,8,2
18/01/2013,16:30,15,8,7
18/01/2013,16:45,7,2,5
18/01/2013,17:00,14,8,6
18/01/2013,17:15,12,9,3
18/01/2013,17:30,18,12,6
18/01/2013,17:45,5,3,2
18/01/2013,18:00,11,6,5
18/01/2013,18:15,12,5,7
18/01/2013,18:30,9,7,2
18/01/2013,18:45,9,7,2
18/01/2013,19:00,4,3,1
18/01/2013,19:15,4,3,1
18/01/2013,19:30,4,2,2
18/01/2013,19:45,3,2,1
18/01/2013,20:00,4,3,1
18/01/2013,20:15,0,0,0
18/01/2013,20:30,1,1,0
18/01/2013,20:45,1,1,0
18/01/2013,21:00,2,1,1
18/01/2013,21:15,1,0,1
18/01/2013,21:30,2,1,1
18/01/2013,21:45,0,0,0
18/01/2013,22:00,3,3,0
18/01/2013,22:15,0,0,0
18/01/2013,22:30,2,0,2
18/01/2013,22:45,2,1,1
18/01/2013,23:00,3,2,1
18/01/2013,23:15,2,0,2
18/01/2013,23:30,0,0,0
18/01/2013,23:45,1,1,0
19/01/2013,00:00,1,1,0
19/01/2013,00:15,0,0,0
19/01/2013,00:30,1,0,1
19/01/2013,00:45,1,0,1
19/01/2013,01:00,2,0,2
19/01/2013,01:15,0,0,0
19/01/2013,01:30,0,0,0
19/01/2013,01:45,0,0,0
19/01/2013,02:00,1,1,0
19/01/2013,02:15,0,0,0
19/01/2013,02:30,0,0,0
19/01/2013,02:45,0,0,0
19/01/2013,03:00,0,0,0
19/01/2013,03:15,0,0,0
19/01/2013,03:30,0,0,0
19/01/2013,03:45,0,0,0
19/01/2013,04:00,0,0,0
19/01/2013,04:15,0,0,0
19/01/2013,04:30,0,0,0
19/01/2013,04:45,0,0,0
19/01/2013,05:00,1,1,0
19/01/2013,05:15,1,1,0
19/01/2013,05:30,0,0,0
19/01/2013,05:45,1,1,0
19/01/2013,06:00,0,0,0
19/01/2013,06:15,1,1,0
19/01/2013,06:30,5,3,2
19/01/2013,06:45,1,0,1
19/01/2013,07:00,5,3,2
19/01/2013,07:15,7,2,5
19/01/2013,07:30,9,6,3
19/01/2013,07:45,10,7,3
19/01/2013,08:00,10,7,3
19/01/2013,08:15,12,6,6
19/01/2013,08:30,14,11,3
19/01/2013,08:45,10,6,4
19/01/2013,09:00,8,5,3
19/01/2013,09:15,11,5,6
19/01/2013,09:30,12,7,5
19/01/2013,09:45,18,7,11
19/01/2013,10:00,13,7,6
19/01/2013,10:15,9,3,6
19/01/2013,10:30,17,8,9
19/01/2013,10:45,18,9,9
19/01/2013,11:00,18,8,10
19/01/2013,11:15,23,14,9
19/01/2013,11:30,16,12,4
19/01/2013,11:45,19,6,13
19/01/2013,12:00,20,7,13
19/01/2013,12:15,22,5,17
19/01/2013,12:30,24,14,10
19/01/2013,12:45,22,16,6
19/01/2013,13:00,15,9,6
19/01/2013,13:15,32,13,19
19/01/2013,13:30,33,13,20
19/01/2013,13:45,36,14,22
19/01/2013,14:00,28,13,15
19/01/2013,14:15,43,24,19
19/01/2013,14:30,31,14,17
19/01/2013,14:45,24,7,17
19/01/2013,15:00,36,12,24
19/01/2013,15:15,46,26,20
19/01/2013,15:30,37,18,19
19/01/2013,15:45,44,25,19
19/01/2013,16:00,26,16,10
19/01/2013,16:15,14,6,8
19/01/2013,16:30,19,11,8
19/01/2013,16:45,24,9,15
19/01/2013,17:00,14,7,7
19/01/2013,17:15,10,5,5
19/01/2013,17:30,8,0,8
19/01/2013,17:45,5,2,3
19/01/2013,18:00,4,3,1
19/01/2013,18:15,5,2,3
19/01/2013,18:30,7,5,2
19/01/2013,18:45,2,1,1
19/01/2013,19:00,2,1,1
19/01/2013,19:15,0,0,0
19/01/2013,19:30,2,1,1
19/01/2013,19:45,2,1,1
19/01/2013,20:00,0,0,0
19/01/2013,20:15,2,1,1
19/01/2013,20:30,1,1,0
19/01/2013,20:45,1,0,1
19/01/2013,21:00,0,0,0
19/01/2013,21:15,1,0,1
19/01/2013,21:30,0,0,0
19/01/2013,21:45,2,1,1
19/01/2013,22:00,3,2,1
19/01/2013,22:15,1,0,1
19/01/2013,22:30,0,0,0
19/01/2013,22:45,0,0,0
19/01/2013,23:00,0,0,0
19/01/2013,23:15,0,0,0
19/01/2013,23:30,0,0,0
19/01/2013,23:45,1,0,1
20/01/2013,00:00,1,0,1
20/01/2013,00:15,0,0,0
20/01/2013,00:30,0,0,0
20/01/2013,00:45,2,1,1
20/01/2013,01:00,1,0,1
20/01/2013,01:15,0,0,0
20/01/2013,01:30,1,0,1
20/01/2013,01:45,1,1,0
20/01/2013,02:00,1,1,0
20/01/2013,02:15,0,0,0
20/01/2013,02:30,1,1,0
20/01/2013,02:45,0,0,0
20/01/2013,03:00,0,0,0
20/01/2013,03:15,1,0,1
20/01/2013,03:30,1,1,0
20/01/2013,03:45,1,0,1
20/01/2013,04:00,0,0,0
20/01/2013,04:15,0,0,0
20/01/2013,04:30,0,0,0
20/01/2013,04:45,1,0,1
20/01/2013,05:00,0,0,0
20/01/2013,05:15,1,1,0
20/01/2013,05:30,1,0,1
20/01/2013,05:45,2,1,1
20/01/2013,06:00,0,0,0
20/01/2013,06:15,1,1,0
20/01/2013,06:30,1,0,1
20/01/2013,06:45,0,0,0
20/01/2013,07:00,2,1,1
20/01/2013,07:15,6,5,1
20/01/2013,07:30,0,0,0
20/01/2013,07:45,7,2,5
20/01/2013,08:00,5,2,3
20/01/2013,08:15,12,5,7
20/01/2013,08:30,6,3,3
20/01/2013,08:45,12,6,6
20/01/2013,09:00,6,3,3
20/01/2013,09:15,20,5,15
20/01/2013,09:30,10,5,5
20/01/2013,09:45,24,13,11
20/01/2013,10:00,15,7,8
20/01/2013,10:15,15,4,11
20/01/2013,10:30,21,13,8
20/01/2013,10:45,20,9,11
20/01/2013,11:00,21,9,12
20/01/2013,11:15,27,14,13
20/01/2013,11:30,33,15,18
20/01/2013,11:45,53,33,20
20/01/2013,12:00,43,20,23
20/01/2013,12:15,28,17,11
20/01/2013,12:30,41,19,22
20/01/2013,12:45,33,21,12
20/01/2013,13:00,39,18,21
20/01/2013,13:15,30,19,11
20/01/2013,13:30,49,26,23
20/01/2013,13:45,34,11,23
20/01/2013,14:00,40,23,17
20/01/2013,14:15,54,29,25
20/01/2013,14:30,51,21,30
20/01/2013,14:45,36,17,19
20/01/2013,15:00,32,12,20
20/01/2013,15:15,45,20,25
20/01/2013,15:30,55,30,25
20/01/2013,15:45,30,20,10
20/01/2013,16:00,36,20,16
20/01/2013,16:15,27,12,15
20/01/2013,16:30,24,13,11
20/01/2013,16:45,10,2,8
20/01/2013,17:00,9,2,7
20/01/2013,17:15,9,5,4
20/01/2013,17:30,5,3,2
20/01/2013,17:45,4,1,3
20/01/2013,18:00,4,1,3
20/01/2013,18:15,2,1,1
20/01/2013,18:30,3,2,1
20/01/2013,18:45,0,0,0
20/01/2013,19:00,5,2,3
20/01/2013,19:15,2,1,1
20/01/2013,19:30,1,0,1
20/01/2013,19:45,1,0,1
20/01/2013,20:00,1,0,1
20/01/2013,20:15,1,0,1
20/01/2013,20:30,0,0,0
20/01/2013,20:45,1,0,1
20/01/2013,21:00,0,0,0
20/01/2013,21:15,1,0,1
20/01/2013,21:30,1,0,1
20/01/2013,21:45,0,0,0
20/01/2013,22:00,0,0,0
20/01/2013,22:15,3,2,1
20/01/2013,22:30,1,0,1
20/01/2013,22:45,1,0,1
20/01/2013,23:00,1,0,1
20/01/2013,23:15,4,2,2
20/01/2013,23:30,0,0,0
20/01/2013,23:45,1,0,1
21/01/2013,00:00,1,0,1
21/01/2013,00:15,1,1,0
21/01/2013,00:30,1,0,1
21/01/2013,00:45,1,0,1
21/01/2013,01:00,1,1,0
21/01/2013,01:15,1,0,1
21/01/2013,01:30,0,0,0
21/01/2013,01:45,1,0,1
21/01/2013,02:00,0,0,0
21/01/2013,02:15,0,0,0
21/01/2013,02:30,0,0,0
21/01/2013,02:45,0,0,0
21/01/2013,03:00,0,0,0
21/01/2013,03:15,0,0,0
21/01/2013,03:30,1,0,1
21/01/2013,03:45,2,2,0
21/01/2013,04:00,0,0,0
21/01/2013,04:15,0,0,0
21/01/2013,04:30,0,0,0
21/01/2013,04:45,1,0,1
21/01/2013,05:00,2,1,1
21/01/2013,05:15,0,0,0
21/01/2013,05:30,1,1,0
21/01/2013,05:45,7,4,3
21/01/2013,06:00,1,1,0
21/01/2013,06:15,2,1,1
21/01/2013,06:30,2,1,1
21/01/2013,06:45,2,1,1
21/01/2013,07:00,1,1,0
21/01/2013,07:15,4,2,2
21/01/2013,07:30,4,2,2
21/01/2013,07:45,4,3,1
21/01/2013,08:00,13,7,6
21/01/2013,08:15,10,7,3
21/01/2013,08:30,4,4,0
21/01/2013,08:45,14,8,6
21/01/2013,09:00,14,13,1
21/01/2013,09:15,16,5,11
21/01/2013,09:30,14,2,12
21/01/2013,09:45,12,3,9
21/01/2013,10:00,11,6,5
21/01/2013,10:15,14,4,10
21/01/2013,10:30,13,5,8
21/01/2013,10:45,10,3,7
21/01/2013,11:00,9,1,8
21/01/2013,11:15,6,4,2
21/01/2013,11:30,11,3,8
21/01/2013,11:45,15,8,7
21/01/2013,12:00,11,4,7
21/01/2013,12:15,10,5,5
21/01/2013,12:30,10,3,7
21/01/2013,12:45,14,8,6
21/01/2013,13:00,32,11,21
21/01/2013,13:15,19,11,8
21/01/2013,13:30,15,10,5
21/01/2013,13:45,10,7,3
21/01/2013,14:00,15,10,5
21/01/2013,14:15,8,1,7
21/01/2013,14:30,13,7,6
21/01/2013,14:45,13,3,10
21/01/2013,15:00,6,3,3
21/01/2013,15:15,14,4,10
21/01/2013,15:30,13,8,5
21/01/2013,15:45,15,8,7
21/01/2013,16:00,15,7,8
21/01/2013,16:15,17,7,10
21/01/2013,16:30,12,7,5
21/01/2013,16:45,8,2,6
21/01/2013,17:00,4,0,4
21/01/2013,17:15,11,3,8
21/01/2013,17:30,7,6,1
21/01/2013,17:45,4,2,2
21/01/2013,18:00,6,3,3
21/01/2013,18:15,2,2,0
21/01/2013,18:30,4,1,3
21/01/2013,18:45,3,2,1
21/01/2013,19:00,2,2,0
21/01/2013,19:15,2,1,1
21/01/2013,19:30,2,0,2
21/01/2013,19:45,2,1,1
21/01/2013,20:00,1,1,0
21/01/2013,20:15,1,0,1
21/01/2013,20:30,0,0,0
21/01/2013,20:45,0,0,0
21/01/2013,21:00,5,3,2
21/01/2013,21:15,1,1,0
21/01/2013,21:30,1,0,1
21/01/2013,21:45,0,0,0
21/01/2013,22:00,1,0,1
21/01/2013,22:15,1,1,0
21/01/2013,22:30,0,0,0
21/01/2013,22:45,0,0,0
21/01/2013,23:00,1,1,0
21/01/2013,23:15,1,1,0
21/01/2013,23:30,0,0,0
21/01/2013,23:45,0,0,0
22/01/2013,00:00,0,0,0
22/01/2013,00:15,1,1,0
22/01/2013,00:30,1,0,1
22/01/2013,00:45,0,0,0
22/01/2013,01:00,1,1,0
22/01/2013,01:15,0,0,0
22/01/2013,01:30,0,0,0
22/01/2013,01:45,0,0,0
22/01/2013,02:00,0,0,0
22/01/2013,02:15,0,0,0
22/01/2013,02:30,0,0,0
22/01/2013,02:45,0,0,0
22/01/2013,03:00,0,0,0
22/01/2013,03:15,0,0,0
22/01/2013,03:30,2,2,0
22/01/2013,03:45,0,0,0
22/01/2013,04:00,0,0,0
22/01/2013,04:15,0,0,0
22/01/2013,04:30,1,0,1
22/01/2013,04:45,1,0,1
22/01/2013,05:00,1,1,0
22/01/2013,05:15,1,1,0
22/01/2013,05:30,3,2,1
22/01/2013,05:45,7,3,4
22/01/2013,06:00,4,1,3
22/01/2013,06:15,2,2,0
22/01/2013,06:30,6,1,5
22/01/2013,06:45,9,4,5
22/01/2013,07:00,4,0,4
22/01/2013,07:15,9,5,4
22/01/2013,07:30,10,3,7
22/01/2013,07:45,8,5,3
22/01/2013,08:00,12,3,9
22/01/2013,08:15,10,5,5
22/01/2013,08:30,9,5,4
22/01/2013,08:45,6,2,4
22/01/2013,09:00,9,6,3
22/01/2013,09:15,3,2,1
22/01/2013,09:30,3,1,2
22/01/2013,09:45,3,1,2
22/01/2013,10:00,1,0,1
22/01/2013,10:15,1,1,0
22/01/2013,10:30,2,0,2
22/01/2013,10:45,5,3,2
22/01/2013,11:00,0,0,0
22/01/2013,11:15,4,2,2
22/01/2013,11:30,0,0,0
22/01/2013,11:45,2,1,1
22/01/2013,12:00,5,1,4
22/01/2013,12:15,6,2,4
22/01/2013,12:30,4,0,4
22/01/2013,12:45,2,1,1
22/01/2013,13:00,3,2,1
22/01/2013,13:15,3,2,1
22/01/2013,13:30,5,1,4
22/01/2013,13:45,2,0,2
22/01/2013,14:00,1,0,1
22/01/2013,14:15,3,1,2
22/01/2013,14:30,4,1,3
22/01/2013,14:45,5,3,2
22/01/2013,15:00,3,1,2
22/01/2013,15:15,5,2,3
22/01/2013,15:30,5,1,4
22/01/2013,15:45,6,2,4
22/01/2013,16:00,3,1,2
22/01/2013,16:15,1,1,0
22/01/2013,16:30,8,6,2
22/01/2013,16:45,11,7,4
22/01/2013,17:00,10,3,7
22/01/2013,17:15,7,5,2
22/01/2013,17:30,9,7,2
22/01/2013,17:45,6,4,2
22/01/2013,18:00,15,9,6
22/01/2013,18:15,5,4,1
22/01/2013,18:30,6,3,3
22/01/2013,18:45,7,4,3
22/01/2013,19:00,2,0,2
22/01/2013,19:15,3,2,1
22/01/2013,19:30,3,2,1
22/01/2013,19:45,1,1,0
22/01/2013,20:00,2,0,2
22/01/2013,20:15,1,1,0
22/01/2013,20:30,1,0,1
22/01/2013,20:45,0,0,0
22/01/2013,21:00,2,0,2
22/01/2013,21:15,1,1,0
22/01/2013,21:30,0,0,0
22/01/2013,21:45,0,0,0
22/01/2013,22:00,1,1,0
22/01/2013,22:15,0,0,0
22/01/2013,22:30,2,1,1
22/01/2013,22:45,0,0,0
22/01/2013,23:00,0,0,0
22/01/2013,23:15,1,0,1
22/01/2013,23:30,1,1,0
22/01/2013,23:45,0,0,0
23/01/2013,00:00,0,0,0
23/01/2013,00:15,0,0,0
23/01/2013,00:30,0,0,0
23/01/2013,00:45,0,0,0
23/01/2013,01:00,0,0,0
23/01/2013,01:15,1,0,1
23/01/2013,01:30,0,0,0
23/01/2013,01:45,0,0,0
23/01/2013,02:00,0,0,0
23/01/2013,02:15,0,0,0
23/01/2013,02:30,0,0,0
23/01/2013,02:45,3,0,3
23/01/2013,03:00,0,0,0
23/01/2013,03:15,0,0,0
23/01/2013,03:30,1,1,0
23/01/2013,03:45,1,1,0
23/01/2013,04:00,1,0,1
23/01/2013,04:15,2,1,1
23/01/2013,04:30,1,0,1
23/01/2013,04:45,1,1,0
23/01/2013,05:00,2,1,1
23/01/2013,05:15,1,1,0
23/01/2013,05:30,4,1,3
23/01/2013,05:45,6,2,4
23/01/2013,06:00,2,1,1
23/01/2013,06:15,2,1,1
23/01/2013,06:30,5,2,3
23/01/2013,06:45,9,3,6
23/01/2013,07:00,5,2,3
23/01/2013,07:15,7,3,4
23/01/2013,07:30,12,4,8
23/01/2013,07:45,5,3,2
23/01/2013,08:00,16,4,12
23/01/2013,08:15,17,7,10
23/01/2013,08:30,9,4,5
23/01/2013,08:45,4,2,2
23/01/2013,09:00,5,4,1
23/01/2013,09:15,2,1,1
23/01/2013,09:30,3,2,1
23/01/2013,09:45,3,1,2
23/01/2013,10:00,6,5,1
23/01/2013,10:15,3,0,3
23/01/2013,10:30,0,0,0
23/01/2013,10:45,4,2,2
23/01/2013,11:00,8,4,4
23/01/2013,11:15,3,1,2
23/01/2013,11:30,0,0,0
23/01/2013,11:45,1,1,0
23/01/2013,12:00,4,2,2
23/01/2013,12:15,2,1,1
23/01/2013,12:30,4,0,4
23/01/2013,12:45,3,2,1
23/01/2013,13:00,5,2,3
23/01/2013,13:15,5,3,2
23/01/2013,13:30,3,0,3
23/01/2013,13:45,3,0,3
23/01/2013,14:00,3,1,2
23/01/2013,14:15,1,0,1
23/01/2013,14:30,4,1,3
23/01/2013,14:45,5,1,4
23/01/2013,15:00,4,3,1
23/01/2013,15:15,6,2,4
23/01/2013,15:30,7,2,5
23/01/2013,15:45,7,1,6
23/01/2013,16:00,7,4,3
23/01/2013,16:15,6,4,2
23/01/2013,16:30,5,2,3
23/01/2013,16:45,8,4,4
23/01/2013,17:00,9,4,5
23/01/2013,17:15,10,3,7
23/01/2013,17:30,10,8,2
23/01/2013,17:45,9,4,5
23/01/2013,18:00,4,2,2
23/01/2013,18:15,5,3,2
23/01/2013,18:30,8,6,2
23/01/2013,18:45,4,3,1
23/01/2013,19:00,8,3,5
23/01/2013,19:15,0,0,0
23/01/2013,19:30,11,7,4
23/01/2013,19:45,2,1,1
23/01/2013,20:00,5,3,2
23/01/2013,20:15,3,1,2
23/01/2013,20:30,3,2,1
23/01/2013,20:45,1,0,1
23/01/2013,21:00,1,0,1
23/01/2013,21:15,0,0,0
23/01/2013,21:30,0,0,0
23/01/2013,21:45,1,1,0
23/01/2013,22:00,1,1,0
23/01/2013,22:15,1,0,1
23/01/2013,22:30,1,1,0
23/01/2013,22:45,1,1,0
23/01/2013,23:00,0,0,0
23/01/2013,23:15,3,2,1
23/01/2013,23:30,1,0,1
23/01/2013,23:45,0,0,0
24/01/2013,00:00,0,0,0
24/01/2013,00:15,0,0,0
24/01/2013,00:30,0,0,0
24/01/2013,00:45,0,0,0
24/01/2013,01:00,0,0,0
24/01/2013,01:15,0,0,0
24/01/2013,01:30,0,0,0
24/01/2013,01:45,1,1,0
24/01/2013,02:00,1,1,0
24/01/2013,02:15,0,0,0
24/01/2013,02:30,0,0,0
24/01/2013,02:45,0,0,0
24/01/2013,03:00,0,0,0
24/01/2013,03:15,0,0,0
24/01/2013,03:30,0,0,0
24/01/2013,03:45,0,0,0
24/01/2013,04:00,2,2,0
24/01/2013,04:15,1,1,0
24/01/2013,04:30,0,0,0
24/01/2013,04:45,1,0,1
24/01/2013,05:00,1,1,0
24/01/2013,05:15,5,5,0
24/01/2013,05:30,4,2,2
24/01/2013,05:45,4,3,1
24/01/2013,06:00,2,1,1
24/01/2013,06:15,3,1,2
24/01/2013,06:30,3,1,2
24/01/2013,06:45,6,3,3
24/01/2013,07:00,2,2,0
24/01/2013,07:15,4,2,2
24/01/2013,07:30,4,1,3
24/01/2013,07:45,8,3,5
24/01/2013,08:00,6,2,4
24/01/2013,08:15,6,5,1
24/01/2013,08:30,4,3,1
24/01/2013,08:45,2,2,0
24/01/2013,09:00,1,1,0
24/01/2013,09:15,1,1,0
24/01/2013,09:30,4,2,2
24/01/2013,09:45,1,0,1
24/01/2013,10:00,0,0,0
24/01/2013,10:15,4,2,2
24/01/2013,10:30,3,3,0
24/01/2013,10:45,1,0,1
24/01/2013,11:00,2,2,0
24/01/2013,11:15,9,6,3
24/01/2013,11:30,2,0,2
24/01/2013,11:45,5,3,2
24/01/2013,12:00,3,0,3
24/01/2013,12:15,1,1,0
24/01/2013,12:30,4,2,2
24/01/2013,12:45,1,1,0
24/01/2013,13:00,4,1,3
24/01/2013,13:15,8,4,4
24/01/2013,13:30,7,1,6
24/01/2013,13:45,3,1,2
24/01/2013,14:00,2,1,1
24/01/2013,14:15,1,1,0
24/01/2013,14:30,6,2,4
24/01/2013,14:45,3,1,2
24/01/2013,15:00,4,3,1
24/01/2013,15:15,2,1,1
24/01/2013,15:30,4,1,3
24/01/2013,15:45,4,1,3
24/01/2013,16:00,2,1,1
24/01/2013,16:15,4,2,2
24/01/2013,16:30,4,3,1
24/01/2013,16:45,4,3,1
24/01/2013,17:00,5,4,1
24/01/2013,17:15,5,2,3
24/01/2013,17:30,2,2,0
24/01/2013,17:45,1,0,1
24/01/2013,18:00,3,0,3
24/01/2013,18:15,2,1,1
24/01/2013,18:30,5,3,2
24/01/2013,18:45,2,1,1
24/01/2013,19:00,3,1,2
24/01/2013,19:15,2,1,1
24/01/2013,19:30,1,1,0
24/01/2013,19:45,0,0,0
24/01/2013,20:00,0,0,0
24/01/2013,20:15,1,0,1
24/01/2013,20:30,0,0,0
24/01/2013,20:45,0,0,0
24/01/2013,21:00,1,0,1
24/01/2013,21:15,0,0,0
24/01/2013,21:30,0,0,0
24/01/2013,21:45,1,0,1
24/01/2013,22:00,0,0,0
24/01/2013,22:15,0,0,0
24/01/2013,22:30,1,0,1
24/01/2013,22:45,0,0,0
24/01/2013,23:00,0,0,0
24/01/2013,23:15,0,0,0
24/01/2013,23:30,1,1,0
24/01/2013,23:45,2,1,1
25/01/2013,00:00,1,1,0
25/01/2013,00:15,0,0,0
25/01/2013,00:30,0,0,0
25/01/2013,00:45,0,0,0
25/01/2013,01:00,0,0,0
25/01/2013,01:15,0,0,0
25/01/2013,01:30,1,0,1
25/01/2013,01:45,1,1,0
25/01/2013,02:00,0,0,0
25/01/2013,02:15,0,0,0
25/01/2013,02:30,0,0,0
25/01/2013,02:45,0,0,0
25/01/2013,03:00,0,0,0
25/01/2013,03:15,0,0,0
25/01/2013,03:30,0,0,0
25/01/2013,03:45,0,0,0
25/01/2013,04:00,1,1,0
25/01/2013,04:15,0,0,0
25/01/2013,04:30,0,0,0
25/01/2013,04:45,1,0,1
25/01/2013,05:00,3,1,2
25/01/2013,05:15,3,2,1
25/01/2013,05:30,1,0,1
25/01/2013,05:45,5,3,2
25/01/2013,06:00,0,0,0
25/01/2013,06:15,4,4,0
25/01/2013,06:30,3,0,3
25/01/2013,06:45,3,1,2
25/01/2013,07:00,10,6,4
25/01/2013,07:15,6,4,2
25/01/2013,07:30,0,0,0
25/01/2013,07:45,9,4,5
25/01/2013,08:00,7,3,4
25/01/2013,08:15,7,2,5
25/01/2013,08:30,8,5,3
25/01/2013,08:45,9,6,3
25/01/2013,09:00,3,1,2
25/01/2013,09:15,2,1,1
25/01/2013,09:30,1,0,1
25/01/2013,09:45,4,3,1
25/01/2013,10:00,3,1,2
25/01/2013,10:15,2,1,1
25/01/2013,10:30,5,1,4
25/01/2013,10:45,4,2,2
25/01/2013,11:00,4,2,2
25/01/2013,11:15,3,2,1
25/01/2013,11:30,8,1,7
25/01/2013,11:45,3,1,2
25/01/2013,12:00,1,0,1
25/01/2013,12:15,7,2,5
25/01/2013,12:30,1,0,1
25/01/2013,12:45,3,3,0
25/01/2013,13:00,4,2,2
25/01/2013,13:15,4,2,2
25/01/2013,13:30,1,0,1
25/01/2013,13:45,3,1,2
25/01/2013,14:00,3,1,2
25/01/2013,14:15,3,1,2
25/01/2013,14:30,2,0,2
25/01/2013,14:45,5,2,3
25/01/2013,15:00,6,3,3
25/01/2013,15:15,2,0,2
25/01/2013,15:30,3,0,3
25/01/2013,15:45,3,2,1
25/01/2013,16:00,4,2,2
25/01/2013,16:15,5,4,1
25/01/2013,16:30,5,2,3
25/01/2013,16:45,5,2,3
25/01/2013,17:00,4,2,2
25/01/2013,17:15,5,1,4
25/01/2013,17:30,2,1,1
25/01/2013,17:45,5,3,2
25/01/2013,18:00,3,3,0
25/01/2013,18:15,5,2,3
25/01/2013,18:30,1,1,0
25/01/2013,18:45,3,3,0
25/01/2013,19:00,0,0,0
25/01/2013,19:15,1,1,0
25/01/2013,19:30,3,0,3
25/01/2013,19:45,0,0,0
25/01/2013,20:00,0,0,0
25/01/2013,20:15,0,0,0
25/01/2013,20:30,1,0,1
25/01/2013,20:45,1,1,0
25/01/2013,21:00,1,0,1
25/01/2013,21:15,2,2,0
25/01/2013,21:30,0,0,0
25/01/2013,21:45,3,3,0
25/01/2013,22:00,0,0,0
25/01/2013,22:15,1,1,0
25/01/2013,22:30,0,0,0
25/01/2013,22:45,0,0,0
25/01/2013,23:00,1,0,1
25/01/2013,23:15,0,0,0
25/01/2013,23:30,2,0,2
25/01/2013,23:45,0,0,0
26/01/2013,00:00,0,0,0
26/01/2013,00:15,1,0,1
26/01/2013,00:30,0,0,0
26/01/2013,00:45,0,0,0
26/01/2013,01:00,1,1,0
26/01/2013,01:15,0,0,0
26/01/2013,01:30,1,0,1
26/01/2013,01:45,1,1,0
26/01/2013,02:00,0,0,0
26/01/2013,02:15,0,0,0
26/01/2013,02:30,0,0,0
26/01/2013,02:45,0,0,0
26/01/2013,03:00,0,0,0
26/01/2013,03:15,0,0,0
26/01/2013,03:30,0,0,0
26/01/2013,03:45,0,0,0
26/01/2013,04:00,0,0,0
26/01/2013,04:15,0,0,0
26/01/2013,04:30,0,0,0
26/01/2013,04:45,0,0,0
26/01/2013,05:00,0,0,0
26/01/2013,05:15,2,2,0
26/01/2013,05:30,0,0,0
26/01/2013,05:45,0,0,0
26/01/2013,06:00,0,0,0
26/01/2013,06:15,3,3,0
26/01/2013,06:30,0,0,0
26/01/2013,06:45,0,0,0
26/01/2013,07:00,5,4,1
26/01/2013,07:15,3,2,1
26/01/2013,07:30,6,5,1
26/01/2013,07:45,5,4,1
26/01/2013,08:00,2,2,0
26/01/2013,08:15,4,4,0
26/01/2013,08:30,3,2,1
26/01/2013,08:45,10,9,1
26/01/2013,09:00,5,3,2
26/01/2013,09:15,1,1,0
26/01/2013,09:30,8,6,2
26/01/2013,09:45,6,5,1
26/01/2013,10:00,4,1,3
26/01/2013,10:15,5,1,4
26/01/2013,10:30,13,4,9
26/01/2013,10:45,3,2,1
26/01/2013,11:00,7,3,4
26/01/2013,11:15,6,2,4
26/01/2013,11:30,10,4,6
26/01/2013,11:45,1,0,1
26/01/2013,12:00,8,3,5
26/01/2013,12:15,12,4,8
26/01/2013,12:30,7,3,4
26/01/2013,12:45,7,3,4
26/01/2013,13:00,7,5,2
26/01/2013,13:15,4,2,2
26/01/2013,13:30,10,5,5
26/01/2013,13:45,6,2,4
26/01/2013,14:00,8,2,6
26/01/2013,14:15,10,6,4
26/01/2013,14:30,4,2,2
26/01/2013,14:45,12,4,8
26/01/2013,15:00,7,2,5
26/01/2013,15:15,7,2,5
26/01/2013,15:30,6,2,4
26/01/2013,15:45,13,7,6
26/01/2013,16:00,7,2,5
26/01/2013,16:15,17,9,8
26/01/2013,16:30,9,3,6
26/01/2013,16:45,9,2,7
26/01/2013,17:00,4,1,3
26/01/2013,17:15,3,2,1
26/01/2013,17:30,3,1,2
26/01/2013,17:45,2,1,1
26/01/2013,18:00,3,0,3
26/01/2013,18:15,2,0,2
26/01/2013,18:30,1,0,1
26/01/2013,18:45,1,1,0
26/01/2013,19:00,0,0,0
26/01/2013,19:15,0,0,0
26/01/2013,19:30,1,0,1
26/01/2013,19:45,1,1,0
26/01/2013,20:00,0,0,0
26/01/2013,20:15,0,0,0
26/01/2013,20:30,1,1,0
26/01/2013,20:45,2,1,1
26/01/2013,21:00,1,1,0
26/01/2013,21:15,1,0,1
26/01/2013,21:30,0,0,0
26/01/2013,21:45,2,1,1
26/01/2013,22:00,1,0,1
26/01/2013,22:15,0,0,0
26/01/2013,22:30,0,0,0
26/01/2013,22:45,2,1,1
26/01/2013,23:00,1,0,1
26/01/2013,23:15,0,0,0
26/01/2013,23:30,0,0,0
26/01/2013,23:45,1,1,0
27/01/2013,00:00,0,0,0
27/01/2013,00:15,0,0,0
27/01/2013,00:30,1,0,1
27/01/2013,00:45,1,1,0
27/01/2013,01:00,0,0,0
27/01/2013,01:15,0,0,0
27/01/2013,01:30,0,0,0
27/01/2013,01:45,0,0,0
27/01/2013,02:00,0,0,0
27/01/2013,02:15,0,0,0
27/01/2013,02:30,0,0,0
27/01/2013,02:45,0,0,0
27/01/2013,03:00,0,0,0
27/01/2013,03:15,0,0,0
27/01/2013,03:30,0,0,0
27/01/2013,03:45,0,0,0
27/01/2013,04:00,0,0,0
27/01/2013,04:15,0,0,0
27/01/2013,04:30,0,0,0
27/01/2013,04:45,0,0,0
27/01/2013,05:00,1,0,1
27/01/2013,05:15,2,1,1
27/01/2013,05:30,0,0,0
27/01/2013,05:45,2,0,2
27/01/2013,06:00,0,0,0
27/01/2013,06:15,1,1,0
27/01/2013,06:30,2,0,2
27/01/2013,06:45,1,1,0
27/01/2013,07:00,3,2,1
27/01/2013,07:15,1,1,0
27/01/2013,07:30,6,2,4
27/01/2013,07:45,2,1,1
27/01/2013,08:00,1,0,1
27/01/2013,08:15,7,6,1
27/01/2013,08:30,4,2,2
27/01/2013,08:45,7,6,1
27/01/2013,09:00,9,5,4
27/01/2013,09:15,6,5,1
27/01/2013,09:30,10,3,7
27/01/2013,09:45,11,7,4
27/01/2013,10:00,7,4,3
27/01/2013,10:15,20,10,10
27/01/2013,10:30,13,8,5
27/01/2013,10:45,18,12,6
27/01/2013,11:00,18,10,8
27/01/2013,11:15,15,9,6
27/01/2013,11:30,12,5,7
27/01/2013,11:45,12,10,2
27/01/2013,12:00,19,10,9
27/01/2013,12:15,21,12,9
27/01/2013,12:30,10,7,3
27/01/2013,12:45,20,8,12
27/01/2013,13:00,12,6,6
27/01/2013,13:15,15,7,8
27/01/2013,13:30,19,10,9
27/01/2013,13:45,27,17,10
27/01/2013,14:00,23,12,11
27/01/2013,14:15,22,5,17
27/01/2013,14:30,20,5,15
27/01/2013,14:45,14,6,8
27/01/2013,15:00,9,5,4
27/01/2013,15:15,11,4,7
27/01/2013,15:30,16,7,9
27/01/2013,15:45,15,7,8
27/01/2013,16:00,14,5,9
27/01/2013,16:15,27,15,12
27/01/2013,16:30,12,4,8
27/01/2013,16:45,12,6,6
27/01/2013,17:00,10,6,4
27/01/2013,17:15,7,2,5
27/01/2013,17:30,9,4,5
27/01/2013,17:45,9,7,2
27/01/2013,18:00,4,3,1
27/01/2013,18:15,1,0,1
27/01/2013,18:30,2,1,1
27/01/2013,18:45,0,0,0
27/01/2013,19:00,1,0,1
27/01/2013,19:15,1,1,0
27/01/2013,19:30,2,0,2
27/01/2013,19:45,1,0,1
27/01/2013,20:00,0,0,0
27/01/2013,20:15,3,2,1
27/01/2013,20:30,1,0,1
27/01/2013,20:45,1,0,1
27/01/2013,21:00,0,0,0
27/01/2013,21:15,2,0,2
27/01/2013,21:30,1,0,1
27/01/2013,21:45,1,1,0
27/01/2013,22:00,1,1,0
27/01/2013,22:15,0,0,0
27/01/2013,22:30,2,1,1
27/01/2013,22:45,1,0,1
27/01/2013,23:00,0,0,0
27/01/2013,23:15,0,0,0
27/01/2013,23:30,0,0,0
27/01/2013,23:45,0,0,0
28/01/2013,00:00,0,0,0
28/01/2013,00:15,1,1,0
28/01/2013,00:30,0,0,0
28/01/2013,00:45,0,0,0
28/01/2013,01:00,1,0,1
28/01/2013,01:15,0,0,0
28/01/2013,01:30,0,0,0
28/01/2013,01:45,0,0,0
28/01/2013,02:00,0,0,0
28/01/2013,02:15,0,0,0
28/01/2013,02:30,0,0,0
28/01/2013,02:45,0,0,0
28/01/2013,03:00,0,0,0
28/01/2013,03:15,0,0,0
28/01/2013,03:30,2,1,1
28/01/2013,03:45,1,1,0
28/01/2013,04:00,1,1,0
28/01/2013,04:15,0,0,0
28/01/2013,04:30,1,1,0
28/01/2013,04:45,1,0,1
28/01/2013,05:00,1,1,0
28/01/2013,05:15,5,4,1
28/01/2013,05:30,2,0,2
28/01/2013,05:45,4,3,1
28/01/2013,06:00,2,0,2
28/01/2013,06:15,3,2,1
28/01/2013,06:30,4,1,3
28/01/2013,06:45,5,4,1
28/01/2013,07:00,2,0,2
28/01/2013,07:15,2,1,1
28/01/2013,07:30,4,3,1
28/01/2013,07:45,7,4,3
28/01/2013,08:00,6,4,2
28/01/2013,08:15,4,2,2
28/01/2013,08:30,1,1,0
28/01/2013,08:45,6,2,4
28/01/2013,09:00,2,1,1
28/01/2013,09:15,3,1,2
28/01/2013,09:30,1,0,1
28/01/2013,09:45,1,0,1
28/01/2013,10:00,4,3,1
28/01/2013,10:15,3,0,3
28/01/2013,10:30,2,0,2
28/01/2013,10:45,2,1,1
28/01/2013,11:00,3,2,1
28/01/2013,11:15,5,1,4
28/01/2013,11:30,2,1,1
28/01/2013,11:45,4,0,4
28/01/2013,12:00,3,1,2
28/01/2013,12:15,4,2,2
28/01/2013,12:30,3,1,2
28/01/2013,12:45,6,3,3
28/01/2013,13:00,1,0,1
28/01/2013,13:15,3,1,2
28/01/2013,13:30,4,0,4
28/01/2013,13:45,1,0,1
28/01/2013,14:00,1,0,1
28/01/2013,14:15,2,1,1
28/01/2013,14:30,7,1,6
28/01/2013,14:45,6,1,5
28/01/2013,15:00,3,2,1
28/01/2013,15:15,5,1,4
28/01/2013,15:30,5,4,1
28/01/2013,15:45,5,2,3
28/01/2013,16:00,11,2,9
28/01/2013,16:15,11,8,3
28/01/2013,16:30,6,1,5
28/01/2013,16:45,9,4,5
28/01/2013,17:00,8,4,4
28/01/2013,17:15,3,1,2
28/01/2013,17:30,6,3,3
28/01/2013,17:45,4,3,1
28/01/2013,18:00,3,1,2
28/01/2013,18:15,6,2,4
28/01/2013,18:30,0,0,0
28/01/2013,18:45,3,2,1
28/01/2013,19:00,6,2,4
28/01/2013,19:15,2,2,0
28/01/2013,19:30,3,2,1
28/01/2013,19:45,2,1,1
28/01/2013,20:00,0,0,0
28/01/2013,20:15,2,2,0
28/01/2013,20:30,2,1,1
28/01/2013,20:45,3,1,2
28/01/2013,21:00,1,0,1
28/01/2013,21:15,0,0,0
28/01/2013,21:30,0,0,0
28/01/2013,21:45,0,0,0
28/01/2013,22:00,4,1,3
28/01/2013,22:15,2,2,0
28/01/2013,22:30,1,1,0
28/01/2013,22:45,1,1,0
28/01/2013,23:00,2,0,2
28/01/2013,23:15,1,1,0
28/01/2013,23:30,0,0,0
28/01/2013,23:45,2,1,1
29/01/2013,00:00,0,0,0
29/01/2013,00:15,0,0,0
29/01/2013,00:30,1,0,1
29/01/2013,00:45,0,0,0
29/01/2013,01:00,1,1,0
29/01/2013,01:15,1,0,1
29/01/2013,01:30,0,0,0
29/01/2013,01:45,1,1,0
29/01/2013,02:00,2,0,2
29/01/2013,02:15,0,0,0
29/01/2013,02:30,0,0,0
29/01/2013,02:45,1,1,0
29/01/2013,03:00,0,0,0
29/01/2013,03:15,1,1,0
29/01/2013,03:30,0,0,0
29/01/2013,03:45,1,1,0
29/01/2013,04:00,2,2,0
29/01/2013,04:15,1,0,1
29/01/2013,04:30,2,2,0
29/01/2013,04:45,5,2,3
29/01/2013,05:00,0,0,0
29/01/2013,05:15,4,3,1
29/01/2013,05:30,5,2,3
29/01/2013,05:45,4,2,2
29/01/2013,06:00,6,1,5
29/01/2013,06:15,18,9,9
29/01/2013,06:30,10,3,7
29/01/2013,06:45,13,4,9
29/01/2013,07:00,23,9,14
29/01/2013,07:15,16,7,9
29/01/2013,07:30,20,6,14
29/01/2013,07:45,20,7,13
29/01/2013,08:00,27,12,15
29/01/2013,08:15,17,6,11
29/01/2013,08:30,15,6,9
29/01/2013,08:45,19,7,12
29/01/2013,09:00,14,8,6
29/01/2013,09:15,7,2,5
29/01/2013,09:30,11,6,5
29/01/2013,09:45,2,2,0
29/01/2013,10:00,7,4,3
29/01/2013,10:15,6,3,3
29/01/2013,10:30,13,8,5
29/01/2013,10:45,12,4,8
29/01/2013,11:00,10,6,4
29/01/2013,11:15,17,14,3
29/01/2013,11:30,12,7,5
29/01/2013,11:45,4,3,1
29/01/2013,12:00,21,15,6
29/01/2013,12:15,26,21,5
29/01/2013,12:30,15,6,9
29/01/2013,12:45,17,10,7
29/01/2013,13:00,18,10,8
29/01/2013,13:15,14,6,8
29/01/2013,13:30,18,9,9
29/01/2013,13:45,18,8,10
29/01/2013,14:00,26,13,13
29/01/2013,14:15,13,5,8
29/01/2013,14:30,44,28,16
29/01/2013,14:45,23,12,11
29/01/2013,15:00,11,5,6
29/01/2013,15:15,24,11,13
29/01/2013,15:30,25,9,16
29/01/2013,15:45,16,6,10
29/01/2013,16:00,28,17,11
29/01/2013,16:15,35,19,16
29/01/2013,16:30,33,19,14
29/01/2013,16:45,36,18,18
29/01/2013,17:00,50,31,19
29/01/2013,17:15,51,24,27
29/01/2013,17:30,33,18,15
29/01/2013,17:45,35,21,14
29/01/2013,18:00,34,22,12
29/01/2013,18:15,21,14,7
29/01/2013,18:30,15,11,4
29/01/2013,18:45,15,8,7
29/01/2013,19:00,15,9,6
29/01/2013,19:15,15,8,7
29/01/2013,19:30,5,0,5
29/01/2013,19:45,7,4,3
29/01/2013,20:00,3,2,1
29/01/2013,20:15,4,2,2
29/01/2013,20:30,5,3,2
29/01/2013,20:45,3,1,2
29/01/2013,21:00,2,1,1
29/01/2013,21:15,1,1,0
29/01/2013,21:30,2,1,1
29/01/2013,21:45,6,3,3
29/01/2013,22:00,1,1,0
29/01/2013,22:15,1,1,0
29/01/2013,22:30,1,0,1
29/01/2013,22:45,0,0,0
29/01/2013,23:00,1,0,1
29/01/2013,23:15,0,0,0
29/01/2013,23:30,0,0,0
29/01/2013,23:45,4,2,2
30/01/2013,00:00,1,0,1
30/01/2013,00:15,0,0,0
30/01/2013,00:30,0,0,0
30/01/2013,00:45,0,0,0
30/01/2013,01:00,1,0,1
30/01/2013,01:15,1,0,1
30/01/2013,01:30,0,0,0
30/01/2013,01:45,0,0,0
30/01/2013,02:00,0,0,0
30/01/2013,02:15,0,0,0
30/01/2013,02:30,1,0,1
30/01/2013,02:45,1,0,1
30/01/2013,03:00,2,2,0
30/01/2013,03:15,0,0,0
30/01/2013,03:30,0,0,0
30/01/2013,03:45,3,2,1
30/01/2013,04:00,1,1,0
30/01/2013,04:15,2,2,0
30/01/2013,04:30,0,0,0
30/01/2013,04:45,0,0,0
30/01/2013,05:00,2,1,1
30/01/2013,05:15,5,3,2
30/01/2013,05:30,6,3,3
30/01/2013,05:45,8,5,3
30/01/2013,06:00,12,2,10
30/01/2013,06:15,11,7,4
30/01/2013,06:30,12,3,9
30/01/2013,06:45,14,6,8
30/01/2013,07:00,23,7,16
30/01/2013,07:15,18,5,13
30/01/2013,07:30,16,7,9
30/01/2013,07:45,18,9,9
30/01/2013,08:00,25,13,12
30/01/2013,08:15,19,8,11
30/01/2013,08:30,11,7,4
30/01/2013,08:45,23,8,15
30/01/2013,09:00,8,5,3
30/01/2013,09:15,9,7,2
30/01/2013,09:30,6,4,2
30/01/2013,09:45,6,2,4
30/01/2013,10:00,14,5,9
30/01/2013,10:15,11,2,9
30/01/2013,10:30,7,4,3
30/01/2013,10:45,9,5,4
30/01/2013,11:00,7,2,5
30/01/2013,11:15,6,3,3
30/01/2013,11:30,2,0,2
30/01/2013,11:45,7,3,4
30/01/2013,12:00,10,2,8
30/01/2013,12:15,11,3,8
30/01/2013,12:30,14,4,10
30/01/2013,12:45,4,2,2
30/01/2013,13:00,12,6,6
30/01/2013,13:15,12,3,9
30/01/2013,13:30,7,3,4
30/01/2013,13:45,12,6,6
30/01/2013,14:00,11,5,6
30/01/2013,14:15,9,1,8
30/01/2013,14:30,8,5,3
30/01/2013,14:45,7,4,3
30/01/2013,15:00,15,5,10
30/01/2013,15:15,10,5,5
30/01/2013,15:30,12,5,7
30/01/2013,15:45,7,1,6
30/01/2013,16:00,12,6,6
30/01/2013,16:15,16,7,9
30/01/2013,16:30,16,6,10
30/01/2013,16:45,16,9,7
30/01/2013,17:00,28,16,12
30/01/2013,17:15,14,11,3
30/01/2013,17:30,11,9,2
30/01/2013,17:45,14,8,6
30/01/2013,18:00,26,14,12
30/01/2013,18:15,12,5,7
30/01/2013,18:30,6,3,3
30/01/2013,18:45,7,3,4
30/01/2013,19:00,10,8,2
30/01/2013,19:15,7,3,4
30/01/2013,19:30,3,2,1
30/01/2013,19:45,5,3,2
30/01/2013,20:00,2,0,2
30/01/2013,20:15,2,1,1
30/01/2013,20:30,0,0,0
30/01/2013,20:45,1,0,1
30/01/2013,21:00,0,0,0
30/01/2013,21:15,1,0,1
30/01/2013,21:30,0,0,0
30/01/2013,21:45,1,1,0
30/01/2013,22:00,0,0,0
30/01/2013,22:15,0,0,0
30/01/2013,22:30,1,1,0
30/01/2013,22:45,2,0,2
30/01/2013,23:00,1,0,1
30/01/2013,23:15,2,0,2
30/01/2013,23:30,0,0,0
30/01/2013,23:45,1,1,0
31/01/2013,00:00,1,1,0
31/01/2013,00:15,0,0,0
31/01/2013,00:30,0,0,0
31/01/2013,00:45,1,0,1
31/01/2013,01:00,1,1,0
31/01/2013,01:15,0,0,0
31/01/2013,01:30,0,0,0
31/01/2013,01:45,2,0,2
31/01/2013,02:00,0,0,0
31/01/2013,02:15,0,0,0
31/01/2013,02:30,0,0,0
31/01/2013,02:45,0,0,0
31/01/2013,03:00,0,0,0
31/01/2013,03:15,0,0,0
31/01/2013,03:30,0,0,0
31/01/2013,03:45,0,0,0
31/01/2013,04:00,3,3,0
31/01/2013,04:15,0,0,0
31/01/2013,04:30,1,0,1
31/01/2013,04:45,1,1,0
31/01/2013,05:00,3,3,0
31/01/2013,05:15,3,2,1
31/01/2013,05:30,3,0,3
31/01/2013,05:45,5,3,2
31/01/2013,06:00,2,2,0
31/01/2013,06:15,6,4,2
31/01/2013,06:30,5,3,2
31/01/2013,06:45,10,3,7
31/01/2013,07:00,12,9,3
31/01/2013,07:15,21,10,11
31/01/2013,07:30,12,8,4
31/01/2013,07:45,14,5,9
31/01/2013,08:00,16,9,7
31/01/2013,08:15,17,6,11
31/01/2013,08:30,9,3,6
31/01/2013,08:45,4,3,1
31/01/2013,09:00,4,2,2
31/01/2013,09:15,6,3,3
31/01/2013,09:30,2,0,2
31/01/2013,09:45,6,4,2
31/01/2013,10:00,4,1,3
31/01/2013,10:15,3,1,2
31/01/2013,10:30,8,4,4
31/01/2013,10:45,5,3,2
31/01/2013,11:00,6,3,3
31/01/2013,11:15,2,0,2
31/01/2013,11:30,8,3,5
31/01/2013,11:45,2,1,1
31/01/2013,12:00,4,1,3
31/01/2013,12:15,9,2,7
31/01/2013,12:30,6,2,4
31/01/2013,12:45,6,3,3
31/01/2013,13:00,2,0,2
31/01/2013,13:15,4,3,1
31/01/2013,13:30,3,1,2
31/01/2013,13:45,5,0,5
31/01/2013,14:00,5,1,4
31/01/2013,14:15,8,3,5
31/01/2013,14:30,11,3,8
31/01/2013,14:45,5,0,5
31/01/2013,15:00,9,3,6
31/01/2013,15:15,6,2,4
31/01/2013,15:30,8,4,4
31/01/2013,15:45,5,3,2
31/01/2013,16:00,5,3,2
31/01/2013,16:15,6,2,4
31/01/2013,16:30,6,4,2
31/01/2013,16:45,11,5,6
31/01/2013,17:00,12,4,8
31/01/2013,17:15,11,8,3
31/01/2013,17:30,10,5,5
31/01/2013,17:45,14,9,5
31/01/2013,18:00,8,7,1
31/01/2013,18:15,16,11,5
31/01/2013,18:30,5,3,2
31/01/2013,18:45,8,5,3
31/01/2013,19:00,4,2,2
31/01/2013,19:15,6,3,3
31/01/2013,19:30,3,2,1
31/01/2013,19:45,0,0,0
31/01/2013,20:00,4,3,1
31/01/2013,20:15,2,1,1
31/01/2013,20:30,2,1,1
31/01/2013,20:45,2,2,0
31/01/2013,21:00,1,1,0
31/01/2013,21:15,0,0,0
31/01/2013,21:30,2,1,1
31/01/2013,21:45,1,0,1
31/01/2013,22:00,0,0,0
31/01/2013,22:15,2,2,0
31/01/2013,22:30,2,0,2
31/01/2013,22:45,0,0,0
31/01/2013,23:00,0,0,0
31/01/2013,23:15,0,0,0
31/01/2013,23:30,0,0,0
31/01/2013,23:45,1,0,1
01/02/2013,00:00,0,0,0
01/02/2013,00:15,0,0,0
01/02/2013,00:30,1,0,1
01/02/2013,00:45,1,0,1
01/02/2013,01:00,0,0,0
01/02/2013,01:15,0,0,0
01/02/2013,01:30,0,0,0
01/02/2013,01:45,0,0,0
01/02/2013,02:00,0,0,0
01/02/2013,02:15,1,1,0
01/02/2013,02:30,0,0,0
01/02/2013,02:45,0,0,0
01/02/2013,03:00,0,0,0
01/02/2013,03:15,0,0,0
01/02/2013,03:30,0,0,0
01/02/2013,03:45,1,1,0
01/02/2013,04:00,2,1,1
01/02/2013,04:15,1,0,1
01/02/2013,04:30,0,0,0
01/02/2013,04:45,0,0,0
01/02/2013,05:00,2,1,1
01/02/2013,05:15,2,2,0
01/02/2013,05:30,1,0,1
01/02/2013,05:45,1,1,0
01/02/2013,06:00,5,2,3
01/02/2013,06:15,4,3,1
01/02/2013,06:30,4,0,4
01/02/2013,06:45,6,3,3
01/02/2013,07:00,4,1,3
01/02/2013,07:15,14,8,6
01/02/2013,07:30,11,5,6
01/02/2013,07:45,14,5,9
01/02/2013,08:00,9,3,6
01/02/2013,08:15,4,1,3
01/02/2013,08:30,7,3,4
01/02/2013,08:45,8,6,2
01/02/2013,09:00,2,0,2
01/02/2013,09:15,4,2,2
01/02/2013,09:30,4,4,0
01/02/2013,09:45,7,4,3
01/02/2013,10:00,5,2,3
01/02/2013,10:15,2,1,1
01/02/2013,10:30,3,2,1
01/02/2013,10:45,2,2,0
01/02/2013,11:00,6,1,5
01/02/2013,11:15,4,1,3
01/02/2013,11:30,3,0,3
01/02/2013,11:45,4,3,1
01/02/2013,12:00,4,0,4
01/02/2013,12:15,6,1,5
01/02/2013,12:30,4,1,3
01/02/2013,12:45,4,2,2
01/02/2013,13:00,7,3,4
01/02/2013,13:15,3,1,2
01/02/2013,13:30,1,1,0
01/02/2013,13:45,1,0,1
01/02/2013,14:00,3,1,2
01/02/2013,14:15,1,0,1
01/02/2013,14:30,2,0,2
01/02/2013,14:45,5,2,3
01/02/2013,15:00,4,0,4
01/02/2013,15:15,3,0,3
01/02/2013,15:30,5,2,3
01/02/2013,15:45,4,1,3
01/02/2013,16:00,4,2,2
01/02/2013,16:15,3,1,2
01/02/2013,16:30,3,0,3
01/02/2013,16:45,8,2,6
01/02/2013,17:00,5,1,4
01/02/2013,17:15,6,3,3
01/02/2013,17:30,5,2,3
01/02/2013,17:45,7,4,3
01/02/2013,18:00,1,0,1
01/02/2013,18:15,7,3,4
01/02/2013,18:30,3,2,1
01/02/2013,18:45,6,6,0
01/02/2013,19:00,7,4,3
01/02/2013,19:15,3,2,1
01/02/2013,19:30,4,2,2
01/02/2013,19:45,1,0,1
01/02/2013,20:00,2,0,2
01/02/2013,20:15,0,0,0
01/02/2013,20:30,2,0,2
01/02/2013,20:45,0,0,0
01/02/2013,21:00,2,1,1
01/02/2013,21:15,0,0,0
01/02/2013,21:30,0,0,0
01/02/2013,21:45,1,1,0
01/02/2013,22:00,1,1,0
01/02/2013,22:15,0,0,0
01/02/2013,22:30,0,0,0
01/02/2013,22:45,0,0,0
01/02/2013,23:00,2,1,1
01/02/2013,23:15,0,0,0
01/02/2013,23:30,1,0,1
01/02/2013,23:45,0,0,0
02/02/2013,00:00,0,0,0
02/02/2013,00:15,2,2,0
02/02/2013,00:30,1,1,0
02/02/2013,00:45,0,0,0
02/02/2013,01:00,0,0,0
02/02/2013,01:15,0,0,0
02/02/2013,01:30,1,0,1
02/02/2013,01:45,1,0,1
02/02/2013,02:00,1,0,1
02/02/2013,02:15,0,0,0
02/02/2013,02:30,0,0,0
02/02/2013,02:45,0,0,0
02/02/2013,03:00,0,0,0
02/02/2013,03:15,0,0,0
02/02/2013,03:30,0,0,0
02/02/2013,03:45,1,1,0
02/02/2013,04:00,0,0,0
02/02/2013,04:15,0,0,0
02/02/2013,04:30,0,0,0
02/02/2013,04:45,0,0,0
02/02/2013,05:00,0,0,0
02/02/2013,05:15,1,1,0
02/02/2013,05:30,1,1,0
02/02/2013,05:45,0,0,0
02/02/2013,06:00,2,0,2
02/02/2013,06:15,3,1,2
02/02/2013,06:30,2,1,1
02/02/2013,06:45,2,2,0
02/02/2013,07:00,2,1,1
02/02/2013,07:15,5,5,0
02/02/2013,07:30,10,9,1
02/02/2013,07:45,8,6,2
02/02/2013,08:00,4,4,0
02/02/2013,08:15,5,2,3
02/02/2013,08:30,8,3,5
02/02/2013,08:45,12,10,2
02/02/2013,09:00,21,15,6
02/02/2013,09:15,9,5,4
02/02/2013,09:30,9,3,6
02/02/2013,09:45,13,11,2
02/02/2013,10:00,15,4,11
02/02/2013,10:15,7,4,3
02/02/2013,10:30,8,2,6
02/02/2013,10:45,10,4,6
02/02/2013,11:00,4,0,4
02/02/2013,11:15,11,6,5
02/02/2013,11:30,6,3,3
02/02/2013,11:45,6,4,2
02/02/2013,12:00,14,5,9
02/02/2013,12:15,12,4,8
02/02/2013,12:30,7,1,6
02/02/2013,12:45,7,2,5
02/02/2013,13:00,13,4,9
02/02/2013,13:15,5,3,2
02/02/2013,13:30,5,2,3
02/02/2013,13:45,6,3,3
02/02/2013,14:00,9,3,6
02/02/2013,14:15,9,3,6
02/02/2013,14:30,4,0,4
02/02/2013,14:45,11,6,5
02/02/2013,15:00,16,5,11
02/02/2013,15:15,6,4,2
02/02/2013,15:30,10,6,4
02/02/2013,15:45,10,6,4
02/02/2013,16:00,4,3,1
02/02/2013,16:15,6,2,4
02/02/2013,16:30,2,1,1
02/02/2013,16:45,9,5,4
02/02/2013,17:00,9,2,7
02/02/2013,17:15,5,3,2
02/02/2013,17:30,6,1,5
02/02/2013,17:45,2,1,1
02/02/2013,18:00,1,0,1
02/02/2013,18:15,0,0,0
02/02/2013,18:30,0,0,0
02/02/2013,18:45,0,0,0
02/02/2013,19:00,1,0,1
02/02/2013,19:15,1,0,1
02/02/2013,19:30,0,0,0
02/02/2013,19:45,0,0,0
02/02/2013,20:00,0,0,0
02/02/2013,20:15,1,0,1
02/02/2013,20:30,0,0,0
02/02/2013,20:45,0,0,0
02/02/2013,21:00,0,0,0
02/02/2013,21:15,0,0,0
02/02/2013,21:30,0,0,0
02/02/2013,21:45,0,0,0
02/02/2013,22:00,0,0,0
02/02/2013,22:15,1,1,0
02/02/2013,22:30,1,1,0
02/02/2013,22:45,0,0,0
02/02/2013,23:00,0,0,0
02/02/2013,23:15,0,0,0
02/02/2013,23:30,1,0,1
02/02/2013,23:45,0,0,0
03/02/2013,00:00,0,0,0
03/02/2013,00:15,1,0,1
03/02/2013,00:30,1,1,0
03/02/2013,00:45,0,0,0
03/02/2013,01:00,0,0,0
03/02/2013,01:15,0,0,0
03/02/2013,01:30,0,0,0
03/02/2013,01:45,0,0,0
03/02/2013,02:00,0,0,0
03/02/2013,02:15,0,0,0
03/02/2013,02:30,0,0,0
03/02/2013,02:45,0,0,0
03/02/2013,03:00,0,0,0
03/02/2013,03:15,0,0,0
03/02/2013,03:30,0,0,0
03/02/2013,03:45,0,0,0
03/02/2013,04:00,0,0,0
03/02/2013,04:15,0,0,0
03/02/2013,04:30,0,0,0
03/02/2013,04:45,0,0,0
03/02/2013,05:00,0,0,0
03/02/2013,05:15,2,1,1
03/02/2013,05:30,1,0,1
03/02/2013,05:45,0,0,0
03/02/2013,06:00,0,0,0
03/02/2013,06:15,1,0,1
03/02/2013,06:30,0,0,0
03/02/2013,06:45,0,0,0
03/02/2013,07:00,0,0,0
03/02/2013,07:15,0,0,0
03/02/2013,07:30,1,0,1
03/02/2013,07:45,4,2,2
03/02/2013,08:00,0,0,0
03/02/2013,08:15,5,2,3
03/02/2013,08:30,5,4,1
03/02/2013,08:45,4,3,1
03/02/2013,09:00,5,3,2
03/02/2013,09:15,6,4,2
03/02/2013,09:30,4,2,2
03/02/2013,09:45,4,3,1
03/02/2013,10:00,7,5,2
03/02/2013,10:15,6,2,4
03/02/2013,10:30,6,4,2
03/02/2013,10:45,6,2,4
03/02/2013,11:00,4,3,1
03/02/2013,11:15,10,5,5
03/02/2013,11:30,13,7,6
03/02/2013,11:45,4,1,3
03/02/2013,12:00,8,1,7
03/02/2013,12:15,14,2,12
03/02/2013,12:30,8,4,4
03/02/2013,12:45,8,3,5
03/02/2013,13:00,12,6,6
03/02/2013,13:15,11,6,5
03/02/2013,13:30,8,3,5
03/02/2013,13:45,8,6,2
03/02/2013,14:00,6,5,1
03/02/2013,14:15,8,2,6
03/02/2013,14:30,8,5,3
03/02/2013,14:45,9,2,7
03/02/2013,15:00,11,9,2
03/02/2013,15:15,6,2,4
03/02/2013,15:30,10,4,6
03/02/2013,15:45,5,2,3
03/02/2013,16:00,6,2,4
03/02/2013,16:15,5,3,2
03/02/2013,16:30,2,1,1
03/02/2013,16:45,5,4,1
03/02/2013,17:00,10,3,7
03/02/2013,17:15,10,6,4
03/02/2013,17:30,6,5,1
03/02/2013,17:45,2,1,1
03/02/2013,18:00,5,3,2
03/02/2013,18:15,2,1,1
03/02/2013,18:30,2,1,1
03/02/2013,18:45,2,1,1
03/02/2013,19:00,0,0,0
03/02/2013,19:15,0,0,0
03/02/2013,19:30,1,0,1
03/02/2013,19:45,0,0,0
03/02/2013,20:00,2,0,2
03/02/2013,20:15,1,0,1
03/02/2013,20:30,0,0,0
03/02/2013,20:45,2,1,1
03/02/2013,21:00,0,0,0
03/02/2013,21:15,0,0,0
03/02/2013,21:30,0,0,0
03/02/2013,21:45,1,0,1
03/02/2013,22:00,1,1,0
03/02/2013,22:15,0,0,0
03/02/2013,22:30,1,1,0
03/02/2013,22:45,0,0,0
03/02/2013,23:00,2,1,1
03/02/2013,23:15,1,0,1
03/02/2013,23:30,1,0,1
03/02/2013,23:45,0,0,0
04/02/2013,00:00,0,0,0
04/02/2013,00:15,1,0,1
04/02/2013,00:30,0,0,0
04/02/2013,00:45,0,0,0
04/02/2013,01:00,0,0,0
04/02/2013,01:15,0,0,0
04/02/2013,01:30,0,0,0
04/02/2013,01:45,0,0,0
04/02/2013,02:00,0,0,0
04/02/2013,02:15,0,0,0
04/02/2013,02:30,0,0,0
04/02/2013,02:45,0,0,0
04/02/2013,03:00,0,0,0
04/02/2013,03:15,0,0,0
04/02/2013,03:30,1,1,0
04/02/2013,03:45,1,1,0
04/02/2013,04:00,0,0,0
04/02/2013,04:15,0,0,0
04/02/2013,04:30,0,0,0
04/02/2013,04:45,2,1,1
04/02/2013,05:00,0,0,0
04/02/2013,05:15,6,5,1
04/02/2013,05:30,3,0,3
04/02/2013,05:45,3,3,0
04/02/2013,06:00,4,2,2
04/02/2013,06:15,8,8,0
04/02/2013,06:30,13,4,9
04/02/2013,06:45,6,2,4
04/02/2013,07:00,9,3,6
04/02/2013,07:15,13,4,9
04/02/2013,07:30,11,5,6
04/02/2013,07:45,13,8,5
04/02/2013,08:00,19,6,13
04/02/2013,08:15,10,5,5
04/02/2013,08:30,12,5,7
04/02/2013,08:45,10,5,5
04/02/2013,09:00,5,4,1
04/02/2013,09:15,8,3,5
04/02/2013,09:30,6,2,4
04/02/2013,09:45,8,3,5
04/02/2013,10:00,2,2,0
04/02/2013,10:15,7,5,2
04/02/2013,10:30,4,3,1
04/02/2013,10:45,8,2,6
04/02/2013,11:00,8,5,3
04/02/2013,11:15,0,0,0
04/02/2013,11:30,1,0,1
04/02/2013,11:45,3,3,0
04/02/2013,12:00,5,4,1
04/02/2013,12:15,8,2,6
04/02/2013,12:30,4,2,2
04/02/2013,12:45,10,0,10
04/02/2013,13:00,4,1,3
04/02/2013,13:15,4,3,1
04/02/2013,13:30,2,0,2
04/02/2013,13:45,5,0,5
04/02/2013,14:00,5,1,4
04/02/2013,14:15,4,3,1
04/02/2013,14:30,1,0,1
04/02/2013,14:45,8,3,5
04/02/2013,15:00,12,7,5
04/02/2013,15:15,5,0,5
04/02/2013,15:30,5,1,4
04/02/2013,15:45,7,2,5
04/02/2013,16:00,13,6,7
04/02/2013,16:15,11,6,5
04/02/2013,16:30,12,6,6
04/02/2013,16:45,9,4,5
04/02/2013,17:00,17,4,13
04/02/2013,17:15,13,8,5
04/02/2013,17:30,9,6,3
04/02/2013,17:45,15,9,6
04/02/2013,18:00,8,6,2
04/02/2013,18:15,5,3,2
04/02/2013,18:30,2,2,0
04/02/2013,18:45,10,2,8
04/02/2013,19:00,8,5,3
04/02/2013,19:15,9,3,6
04/02/2013,19:30,3,1,2
04/02/2013,19:45,2,1,1
04/02/2013,20:00,1,1,0
04/02/2013,20:15,0,0,0
04/02/2013,20:30,1,0,1
04/02/2013,20:45,2,0,2
04/02/2013,21:00,0,0,0
04/02/2013,21:15,5,4,1
04/02/2013,21:30,0,0,0
04/02/2013,21:45,0,0,0
04/02/2013,22:00,3,2,1
04/02/2013,22:15,1,0,1
04/02/2013,22:30,3,2,1
04/02/2013,22:45,1,1,0
04/02/2013,23:00,1,0,1
04/02/2013,23:15,1,0,1
04/02/2013,23:30,0,0,0
04/02/2013,23:45,1,0,1
05/02/2013,00:00,0,0,0
05/02/2013,00:15,0,0,0
05/02/2013,00:30,0,0,0
05/02/2013,00:45,0,0,0
05/02/2013,01:00,1,1,0
05/02/2013,01:15,0,0,0
05/02/2013,01:30,0,0,0
05/02/2013,01:45,1,1,0
05/02/2013,02:00,0,0,0
05/02/2013,02:15,0,0,0
05/02/2013,02:30,0,0,0
05/02/2013,02:45,0,0,0
05/02/2013,03:00,0,0,0
05/02/2013,03:15,0,0,0
05/02/2013,03:30,1,1,0
05/02/2013,03:45,2,2,0
05/02/2013,04:00,3,2,1
05/02/2013,04:15,0,0,0
05/02/2013,04:30,1,1,0
05/02/2013,04:45,2,0,2
05/02/2013,05:00,1,1,0
05/02/2013,05:15,3,2,1
05/02/2013,05:30,2,1,1
05/02/2013,05:45,9,6,3
05/02/2013,06:00,4,1,3
05/02/2013,06:15,8,5,3
05/02/2013,06:30,15,4,11
05/02/2013,06:45,10,5,5
05/02/2013,07:00,15,3,12
05/02/2013,07:15,17,6,11
05/02/2013,07:30,14,7,7
05/02/2013,07:45,17,5,12
05/02/2013,08:00,17,6,11
05/02/2013,08:15,13,6,7
05/02/2013,08:30,10,3,7
05/02/2013,08:45,11,5,6
05/02/2013,09:00,16,9,7
05/02/2013,09:15,4,1,3
05/02/2013,09:30,4,2,2
05/02/2013,09:45,5,4,1
05/02/2013,10:00,9,3,6
05/02/2013,10:15,5,2,3
05/02/2013,10:30,2,1,1
05/02/2013,10:45,2,1,1
05/02/2013,11:00,3,1,2
05/02/2013,11:15,1,1,0
05/02/2013,11:30,3,1,2
05/02/2013,11:45,2,1,1
05/02/2013,12:00,5,4,1
05/02/2013,12:15,5,2,3
05/02/2013,12:30,6,4,2
05/02/2013,12:45,5,2,3
05/02/2013,13:00,6,2,4
05/02/2013,13:15,6,4,2
05/02/2013,13:30,6,2,4
05/02/2013,13:45,4,1,3
05/02/2013,14:00,10,5,5
05/02/2013,14:15,7,4,3
05/02/2013,14:30,7,2,5
05/02/2013,14:45,10,4,6
05/02/2013,15:00,7,6,1
05/02/2013,15:15,8,0,8
05/02/2013,15:30,4,1,3
05/02/2013,15:45,10,4,6
05/02/2013,16:00,7,4,3
05/02/2013,16:15,13,7,6
05/02/2013,16:30,14,8,6
05/02/2013,16:45,12,9,3
05/02/2013,17:00,13,7,6
05/02/2013,17:15,10,6,4
05/02/2013,17:30,13,9,4
05/02/2013,17:45,15,13,2
05/02/2013,18:00,13,6,7
05/02/2013,18:15,19,13,6
05/02/2013,18:30,13,7,6
05/02/2013,18:45,14,7,7
05/02/2013,19:00,7,6,1
05/02/2013,19:15,6,2,4
05/02/2013,19:30,10,7,3
05/02/2013,19:45,3,3,0
05/02/2013,20:00,4,3,1
05/02/2013,20:15,1,1,0
05/02/2013,20:30,3,2,1
05/02/2013,20:45,1,0,1
05/02/2013,21:00,3,1,2
05/02/2013,21:15,2,2,0
05/02/2013,21:30,1,0,1
05/02/2013,21:45,4,1,3
05/02/2013,22:00,1,1,0
05/02/2013,22:15,0,0,0
05/02/2013,22:30,0,0,0
05/02/2013,22:45,0,0,0
05/02/2013,23:00,0,0,0
05/02/2013,23:15,2,0,2
05/02/2013,23:30,1,1,0
05/02/2013,23:45,0,0,0
06/02/2013,00:00,0,0,0
06/02/2013,00:15,0,0,0
06/02/2013,00:30,0,0,0
06/02/2013,00:45,0,0,0
06/02/2013,01:00,0,0,0
06/02/2013,01:15,0,0,0
06/02/2013,01:30,0,0,0
06/02/2013,01:45,0,0,0
06/02/2013,02:00,0,0,0
06/02/2013,02:15,0,0,0
06/02/2013,02:30,0,0,0
06/02/2013,02:45,1,0,1
06/02/2013,03:00,0,0,0
06/02/2013,03:15,0,0,0
06/02/2013,03:30,1,1,0
06/02/2013,03:45,0,0,0
06/02/2013,04:00,2,1,1
06/02/2013,04:15,2,1,1
06/02/2013,04:30,0,0,0
06/02/2013,04:45,0,0,0
06/02/2013,05:00,1,1,0
06/02/2013,05:15,4,3,1
06/02/2013,05:30,6,0,6
06/02/2013,05:45,10,7,3
06/02/2013,06:00,7,2,5
06/02/2013,06:15,8,3,5
06/02/2013,06:30,12,8,4
06/02/2013,06:45,38,28,10
06/02/2013,07:00,39,25,14
06/02/2013,07:15,10,4,6
06/02/2013,07:30,17,7,10
06/02/2013,07:45,21,7,14
06/02/2013,08:00,16,7,9
06/02/2013,08:15,19,8,11
06/02/2013,08:30,10,4,6
06/02/2013,08:45,12,6,6
06/02/2013,09:00,5,2,3
06/02/2013,09:15,6,4,2
06/02/2013,09:30,7,6,1
06/02/2013,09:45,2,1,1
06/02/2013,10:00,8,3,5
06/02/2013,10:15,5,2,3
06/02/2013,10:30,2,2,0
06/02/2013,10:45,4,1,3
06/02/2013,11:00,4,1,3
06/02/2013,11:15,2,1,1
06/02/2013,11:30,8,6,2
06/02/2013,11:45,11,5,6
06/02/2013,12:00,11,2,9
06/02/2013,12:15,11,4,7
06/02/2013,12:30,15,6,9
06/02/2013,12:45,9,6,3
06/02/2013,13:00,9,4,5
06/02/2013,13:15,4,3,1
06/02/2013,13:30,13,6,7
06/02/2013,13:45,8,2,6
06/02/2013,14:00,5,5,0
06/02/2013,14:15,7,2,5
06/02/2013,14:30,6,2,4
06/02/2013,14:45,10,7,3
06/02/2013,15:00,10,3,7
06/02/2013,15:15,7,2,5
06/02/2013,15:30,8,5,3
06/02/2013,15:45,12,7,5
06/02/2013,16:00,17,7,10
06/02/2013,16:15,11,3,8
06/02/2013,16:30,15,8,7
06/02/2013,16:45,26,13,13
06/02/2013,17:00,16,11,5
06/02/2013,17:15,24,9,15
06/02/2013,17:30,18,9,9
06/02/2013,17:45,19,10,9
06/02/2013,18:00,12,5,7
06/02/2013,18:15,17,10,7
06/02/2013,18:30,9,6,3
06/02/2013,18:45,8,4,4
06/02/2013,19:00,9,6,3
06/02/2013,19:15,4,3,1
06/02/2013,19:30,7,3,4
06/02/2013,19:45,8,4,4
06/02/2013,20:00,4,3,1
06/02/2013,20:15,3,2,1
06/02/2013,20:30,6,5,1
06/02/2013,20:45,0,0,0
06/02/2013,21:00,7,5,2
06/02/2013,21:15,3,1,2
06/02/2013,21:30,1,0,1
06/02/2013,21:45,1,0,1
06/02/2013,22:00,0,0,0
06/02/2013,22:15,1,1,0
06/02/2013,22:30,0,0,0
06/02/2013,22:45,0,0,0
06/02/2013,23:00,1,0,1
06/02/2013,23:15,1,0,1
06/02/2013,23:30,1,1,0
06/02/2013,23:45,0,0,0
07/02/2013,00:00,0,0,0
07/02/2013,00:15,0,0,0
07/02/2013,00:30,0,0,0
07/02/2013,00:45,0,0,0
07/02/2013,01:00,0,0,0
07/02/2013,01:15,0,0,0
07/02/2013,01:30,1,1,0
07/02/2013,01:45,0,0,0
07/02/2013,02:00,0,0,0
07/02/2013,02:15,0,0,0
07/02/2013,02:30,0,0,0
07/02/2013,02:45,0,0,0
07/02/2013,03:00,0,0,0
07/02/2013,03:15,0,0,0
07/02/2013,03:30,0,0,0
07/02/2013,03:45,1,1,0
07/02/2013,04:00,2,1,1
07/02/2013,04:15,1,1,0
07/02/2013,04:30,0,0,0
07/02/2013,04:45,1,1,0
07/02/2013,05:00,0,0,0
07/02/2013,05:15,3,3,0
07/02/2013,05:30,3,1,2
07/02/2013,05:45,9,5,4
07/02/2013,06:00,5,5,0
07/02/2013,06:15,7,4,3
07/02/2013,06:30,12,2,10
07/02/2013,06:45,8,1,7
07/02/2013,07:00,14,4,10
07/02/2013,07:15,12,4,8
07/02/2013,07:30,15,4,11
07/02/2013,07:45,24,6,18
07/02/2013,08:00,16,5,11
07/02/2013,08:15,14,7,7
07/02/2013,08:30,13,4,9
07/02/2013,08:45,12,4,8
07/02/2013,09:00,6,4,2
07/02/2013,09:15,8,6,2
07/02/2013,09:30,7,4,3
07/02/2013,09:45,3,1,2
07/02/2013,10:00,6,4,2
07/02/2013,10:15,5,3,2
07/02/2013,10:30,2,1,1
07/02/2013,10:45,3,1,2
07/02/2013,11:00,7,4,3
07/02/2013,11:15,3,2,1
07/02/2013,11:30,6,4,2
07/02/2013,11:45,7,2,5
07/02/2013,12:00,4,1,3
07/02/2013,12:15,7,4,3
07/02/2013,12:30,5,1,4
07/02/2013,12:45,4,3,1
07/02/2013,13:00,10,3,7
07/02/2013,13:15,7,2,5
07/02/2013,13:30,7,2,5
07/02/2013,13:45,6,1,5
07/02/2013,14:00,4,1,3
07/02/2013,14:15,8,5,3
07/02/2013,14:30,4,1,3
07/02/2013,14:45,7,4,3
07/02/2013,15:00,5,3,2
07/02/2013,15:15,6,0,6
07/02/2013,15:30,8,3,5
07/02/2013,15:45,7,3,4
07/02/2013,16:00,5,3,2
07/02/2013,16:15,3,2,1
07/02/2013,16:30,14,7,7
07/02/2013,16:45,17,8,9
07/02/2013,17:00,18,9,9
07/02/2013,17:15,19,14,5
07/02/2013,17:30,17,10,7
07/02/2013,17:45,16,9,7
07/02/2013,18:00,15,12,3
07/02/2013,18:15,16,9,7
07/02/2013,18:30,6,5,1
07/02/2013,18:45,8,2,6
07/02/2013,19:00,9,6,3
07/02/2013,19:15,7,3,4
07/02/2013,19:30,7,5,2
07/02/2013,19:45,4,3,1
07/02/2013,20:00,3,3,0
07/02/2013,20:15,1,1,0
07/02/2013,20:30,2,1,1
07/02/2013,20:45,0,0,0
07/02/2013,21:00,7,5,2
07/02/2013,21:15,2,0,2
07/02/2013,21:30,1,0,1
07/02/2013,21:45,2,2,0
07/02/2013,22:00,2,2,0
07/02/2013,22:15,1,0,1
07/02/2013,22:30,0,0,0
07/02/2013,22:45,0,0,0
07/02/2013,23:00,1,0,1
07/02/2013,23:15,0,0,0
07/02/2013,23:30,1,1,0
07/02/2013,23:45,0,0,0
08/02/2013,00:00,0,0,0
08/02/2013,00:15,0,0,0
08/02/2013,00:30,0,0,0
08/02/2013,00:45,0,0,0
08/02/2013,01:00,0,0,0
08/02/2013,01:15,0,0,0
08/02/2013,01:30,0,0,0
08/02/2013,01:45,0,0,0
08/02/2013,02:00,0,0,0
08/02/2013,02:15,0,0,0
08/02/2013,02:30,0,0,0
08/02/2013,02:45,0,0,0
08/02/2013,03:00,0,0,0
08/02/2013,03:15,0,0,0
08/02/2013,03:30,0,0,0
08/02/2013,03:45,1,1,0
08/02/2013,04:00,1,1,0
08/02/2013,04:15,1,1,0
08/02/2013,04:30,1,1,0
08/02/2013,04:45,1,0,1
08/02/2013,05:00,0,0,0
08/02/2013,05:15,4,2,2
08/02/2013,05:30,1,0,1
08/02/2013,05:45,9,7,2
08/02/2013,06:00,2,1,1
08/02/2013,06:15,5,5,0
08/02/2013,06:30,4,1,3
08/02/2013,06:45,9,4,5
08/02/2013,07:00,5,2,3
08/02/2013,07:15,5,2,3
08/02/2013,07:30,7,4,3
08/02/2013,07:45,10,4,6
08/02/2013,08:00,5,2,3
08/02/2013,08:15,5,3,2
08/02/2013,08:30,7,2,5
08/02/2013,08:45,5,4,1
08/02/2013,09:00,6,3,3
08/02/2013,09:15,7,4,3
08/02/2013,09:30,2,1,1
08/02/2013,09:45,2,2,0
08/02/2013,10:00,3,1,2
08/02/2013,10:15,2,0,2
08/02/2013,10:30,1,1,0
08/02/2013,10:45,5,1,4
08/02/2013,11:00,4,2,2
08/02/2013,11:15,3,0,3
08/02/2013,11:30,9,3,6
08/02/2013,11:45,6,2,4
08/02/2013,12:00,1,0,1
08/02/2013,12:15,5,2,3
08/02/2013,12:30,2,0,2
08/02/2013,12:45,3,3,0
08/02/2013,13:00,5,1,4
08/02/2013,13:15,2,2,0
08/02/2013,13:30,6,1,5
08/02/2013,13:45,7,1,6
08/02/2013,14:00,7,2,5
08/02/2013,14:15,2,2,0
08/02/2013,14:30,1,1,0
08/02/2013,14:45,7,1,6
08/02/2013,15:00,10,5,5
08/02/2013,15:15,5,0,5
08/02/2013,15:30,4,0,4
08/02/2013,15:45,11,3,8
08/02/2013,16:00,8,3,5
08/02/2013,16:15,6,2,4
08/02/2013,16:30,2,2,0
08/02/2013,16:45,11,5,6
08/02/2013,17:00,15,7,8
08/02/2013,17:15,12,5,7
08/02/2013,17:30,9,8,1
08/02/2013,17:45,7,2,5
08/02/2013,18:00,9,4,5
08/02/2013,18:15,4,3,1
08/02/2013,18:30,3,3,0
08/02/2013,18:45,5,3,2
08/02/2013,19:00,3,1,2
08/02/2013,19:15,4,1,3
08/02/2013,19:30,4,1,3
08/02/2013,19:45,2,1,1
08/02/2013,20:00,2,1,1
08/02/2013,20:15,2,2,0
08/02/2013,20:30,1,1,0
08/02/2013,20:45,0,0,0
08/02/2013,21:00,1,1,0
08/02/2013,21:15,0,0,0
08/02/2013,21:30,1,1,0
08/02/2013,21:45,3,3,0
08/02/2013,22:00,0,0,0
08/02/2013,22:15,1,0,1
08/02/2013,22:30,0,0,0
08/02/2013,22:45,2,1,1
08/02/2013,23:00,0,0,0
08/02/2013,23:15,0,0,0
08/02/2013,23:30,0,0,0
08/02/2013,23:45,0,0,0
09/02/2013,00:00,2,1,1
09/02/2013,00:15,0,0,0
09/02/2013,00:30,2,1,1
09/02/2013,00:45,1,0,1
09/02/2013,01:00,0,0,0
09/02/2013,01:15,0,0,0
09/02/2013,01:30,0,0,0
09/02/2013,01:45,0,0,0
09/02/2013,02:00,0,0,0
09/02/2013,02:15,0,0,0
09/02/2013,02:30,0,0,0
09/02/2013,02:45,0,0,0
09/02/2013,03:00,0,0,0
09/02/2013,03:15,0,0,0
09/02/2013,03:30,0,0,0
09/02/2013,03:45,0,0,0
09/02/2013,04:00,0,0,0
09/02/2013,04:15,0,0,0
09/02/2013,04:30,0,0,0
09/02/2013,04:45,0,0,0
09/02/2013,05:00,0,0,0
09/02/2013,05:15,1,1,0
09/02/2013,05:30,0,0,0
09/02/2013,05:45,0,0,0
09/02/2013,06:00,0,0,0
09/02/2013,06:15,0,0,0
09/02/2013,06:30,4,3,1
09/02/2013,06:45,0,0,0
09/02/2013,07:00,3,3,0
09/02/2013,07:15,3,3,0
09/02/2013,07:30,4,4,0
09/02/2013,07:45,5,5,0
09/02/2013,08:00,3,1,2
09/02/2013,08:15,6,3,3
09/02/2013,08:30,11,7,4
09/02/2013,08:45,6,3,3
09/02/2013,09:00,8,6,2
09/02/2013,09:15,9,5,4
09/02/2013,09:30,12,7,5
09/02/2013,09:45,8,6,2
09/02/2013,10:00,9,5,4
09/02/2013,10:15,7,3,4
09/02/2013,10:30,5,2,3
09/02/2013,10:45,4,3,1
09/02/2013,11:00,12,9,3
09/02/2013,11:15,11,5,6
09/02/2013,11:30,16,9,7
09/02/2013,11:45,16,7,9
09/02/2013,12:00,9,0,9
09/02/2013,12:15,22,13,9
09/02/2013,12:30,21,11,10
09/02/2013,12:45,12,5,7
09/02/2013,13:00,6,3,3
09/02/2013,13:15,18,10,8
09/02/2013,13:30,10,3,7
09/02/2013,13:45,12,8,4
09/02/2013,14:00,11,8,3
09/02/2013,14:15,7,2,5
09/02/2013,14:30,17,11,6
09/02/2013,14:45,20,8,12
09/02/2013,15:00,15,5,10
09/02/2013,15:15,10,6,4
09/02/2013,15:30,18,12,6
09/02/2013,15:45,21,11,10
09/02/2013,16:00,13,4,9
09/02/2013,16:15,13,6,7
09/02/2013,16:30,7,3,4
09/02/2013,16:45,15,9,6
09/02/2013,17:00,8,4,4
09/02/2013,17:15,13,6,7
09/02/2013,17:30,8,4,4
09/02/2013,17:45,7,6,1
09/02/2013,18:00,6,3,3
09/02/2013,18:15,5,0,5
09/02/2013,18:30,2,0,2
09/02/2013,18:45,0,0,0
09/02/2013,19:00,0,0,0
09/02/2013,19:15,3,2,1
09/02/2013,19:30,2,2,0
09/02/2013,19:45,3,0,3
09/02/2013,20:00,2,2,0
09/02/2013,20:15,0,0,0
09/02/2013,20:30,0,0,0
09/02/2013,20:45,0,0,0
09/02/2013,21:00,1,0,1
09/02/2013,21:15,0,0,0
09/02/2013,21:30,0,0,0
09/02/2013,21:45,1,1,0
09/02/2013,22:00,0,0,0
09/02/2013,22:15,1,0,1
09/02/2013,22:30,1,0,1
09/02/2013,22:45,2,2,0
09/02/2013,23:00,0,0,0
09/02/2013,23:15,0,0,0
09/02/2013,23:30,0,0,0
09/02/2013,23:45,0,0,0
10/02/2013,00:00,1,0,1
10/02/2013,00:15,1,0,1
10/02/2013,00:30,1,0,1
10/02/2013,00:45,0,0,0
10/02/2013,01:00,2,1,1
10/02/2013,01:15,0,0,0
10/02/2013,01:30,0,0,0
10/02/2013,01:45,1,0,1
10/02/2013,02:00,0,0,0
10/02/2013,02:15,0,0,0
10/02/2013,02:30,0,0,0
10/02/2013,02:45,0,0,0
10/02/2013,03:00,0,0,0
10/02/2013,03:15,1,1,0
10/02/2013,03:30,0,0,0
10/02/2013,03:45,1,0,1
10/02/2013,04:00,0,0,0
10/02/2013,04:15,1,0,1
10/02/2013,04:30,0,0,0
10/02/2013,04:45,1,0,1
10/02/2013,05:00,0,0,0
10/02/2013,05:15,1,1,0
10/02/2013,05:30,1,0,1
10/02/2013,05:45,3,2,1
10/02/2013,06:00,1,0,1
10/02/2013,06:15,0,0,0
10/02/2013,06:30,1,0,1
10/02/2013,06:45,4,2,2
10/02/2013,07:00,0,0,0
10/02/2013,07:15,0,0,0
10/02/2013,07:30,3,2,1
10/02/2013,07:45,4,2,2
10/02/2013,08:00,11,8,3
10/02/2013,08:15,7,1,6
10/02/2013,08:30,10,4,6
10/02/2013,08:45,1,1,0
10/02/2013,09:00,13,4,9
10/02/2013,09:15,17,7,10
10/02/2013,09:30,4,2,2
10/02/2013,09:45,18,12,6
10/02/2013,10:00,15,12,3
10/02/2013,10:15,20,14,6
10/02/2013,10:30,17,11,6
10/02/2013,10:45,18,14,4
10/02/2013,11:00,20,8,12
10/02/2013,11:15,20,10,10
10/02/2013,11:30,13,7,6
10/02/2013,11:45,19,13,6
10/02/2013,12:00,25,14,11
10/02/2013,12:15,29,18,11
10/02/2013,12:30,27,17,10
10/02/2013,12:45,32,15,17
10/02/2013,13:00,27,12,15
10/02/2013,13:15,25,16,9
10/02/2013,13:30,26,11,15
10/02/2013,13:45,21,10,11
10/02/2013,14:00,25,18,7
10/02/2013,14:15,22,11,11
10/02/2013,14:30,23,10,13
10/02/2013,14:45,25,9,16
10/02/2013,15:00,20,12,8
10/02/2013,15:15,29,18,11
10/02/2013,15:30,27,11,16
10/02/2013,15:45,18,5,13
10/02/2013,16:00,21,12,9
10/02/2013,16:15,27,9,18
10/02/2013,16:30,11,7,4
10/02/2013,16:45,19,13,6
10/02/2013,17:00,19,9,10
10/02/2013,17:15,17,11,6
10/02/2013,17:30,4,1,3
10/02/2013,17:45,7,5,2
10/02/2013,18:00,9,7,2
10/02/2013,18:15,8,5,3
10/02/2013,18:30,2,0,2
10/02/2013,18:45,1,0,1
10/02/2013,19:00,3,0,3
10/02/2013,19:15,4,2,2
10/02/2013,19:30,2,2,0
10/02/2013,19:45,1,1,0
10/02/2013,20:00,0,0,0
10/02/2013,20:15,2,1,1
10/02/2013,20:30,1,0,1
10/02/2013,20:45,1,1,0
10/02/2013,21:00,2,1,1
10/02/2013,21:15,1,0,1
10/02/2013,21:30,0,0,0
10/02/2013,21:45,0,0,0
10/02/2013,22:00,0,0,0
10/02/2013,22:15,1,1,0
10/02/2013,22:30,1,1,0
10/02/2013,22:45,1,0,1
10/02/2013,23:00,2,0,2
10/02/2013,23:15,0,0,0
10/02/2013,23:30,0,0,0
10/02/2013,23:45,1,0,1
11/02/2013,00:00,0,0,0
11/02/2013,00:15,0,0,0
11/02/2013,00:30,2,1,1
11/02/2013,00:45,0,0,0
11/02/2013,01:00,0,0,0
11/02/2013,01:15,0,0,0
11/02/2013,01:30,0,0,0
11/02/2013,01:45,0,0,0
11/02/2013,02:00,0,0,0
11/02/2013,02:15,0,0,0
11/02/2013,02:30,0,0,0
11/02/2013,02:45,1,1,0
11/02/2013,03:00,0,0,0
11/02/2013,03:15,0,0,0
11/02/2013,03:30,0,0,0
11/02/2013,03:45,3,3,0
11/02/2013,04:00,0,0,0
11/02/2013,04:15,1,1,0
11/02/2013,04:30,1,0,1
11/02/2013,04:45,0,0,0
11/02/2013,05:00,0,0,0
11/02/2013,05:15,4,3,1
11/02/2013,05:30,4,1,3
11/02/2013,05:45,3,2,1
11/02/2013,06:00,3,2,1
11/02/2013,06:15,1,0,1
11/02/2013,06:30,7,3,4
11/02/2013,06:45,7,3,4
11/02/2013,07:00,10,0,10
11/02/2013,07:15,11,3,8
11/02/2013,07:30,9,3,6
11/02/2013,07:45,11,5,6
11/02/2013,08:00,15,4,11
11/02/2013,08:15,8,5,3
11/02/2013,08:30,7,4,3
11/02/2013,08:45,8,4,4
11/02/2013,09:00,6,4,2
11/02/2013,09:15,6,2,4
11/02/2013,09:30,6,5,1
11/02/2013,09:45,12,3,9
11/02/2013,10:00,2,1,1
11/02/2013,10:15,7,5,2
11/02/2013,10:30,7,2,5
11/02/2013,10:45,5,3,2
11/02/2013,11:00,3,1,2
11/02/2013,11:15,3,2,1
11/02/2013,11:30,5,2,3
11/02/2013,11:45,6,1,5
11/02/2013,12:00,8,2,6
11/02/2013,12:15,4,1,3
11/02/2013,12:30,0,0,0
11/02/2013,12:45,6,3,3
11/02/2013,13:00,5,3,2
11/02/2013,13:15,5,3,2
11/02/2013,13:30,3,1,2
11/02/2013,13:45,4,1,3
11/02/2013,14:00,5,3,2
11/02/2013,14:15,3,1,2
11/02/2013,14:30,5,2,3
11/02/2013,14:45,8,3,5
11/02/2013,15:00,4,2,2
11/02/2013,15:15,7,3,4
11/02/2013,15:30,7,3,4
11/02/2013,15:45,7,3,4
11/02/2013,16:00,7,4,3
11/02/2013,16:15,14,4,10
11/02/2013,16:30,12,7,5
11/02/2013,16:45,18,10,8
11/02/2013,17:00,22,11,11
11/02/2013,17:15,13,6,7
11/02/2013,17:30,17,9,8
11/02/2013,17:45,15,7,8
11/02/2013,18:00,12,5,7
11/02/2013,18:15,10,5,5
11/02/2013,18:30,8,4,4
11/02/2013,18:45,15,5,10
11/02/2013,19:00,10,5,5
11/02/2013,19:15,3,0,3
11/02/2013,19:30,3,1,2
11/02/2013,19:45,5,3,2
11/02/2013,20:00,4,2,2
11/02/2013,20:15,3,2,1
11/02/2013,20:30,2,1,1
11/02/2013,20:45,2,2,0
11/02/2013,21:00,1,1,0
11/02/2013,21:15,3,1,2
11/02/2013,21:30,2,0,2
11/02/2013,21:45,4,2,2
11/02/2013,22:00,0,0,0
11/02/2013,22:15,1,1,0
11/02/2013,22:30,1,1,0
11/02/2013,22:45,0,0,0
11/02/2013,23:00,3,1,2
11/02/2013,23:15,0,0,0
11/02/2013,23:30,0,0,0
11/02/2013,23:45,0,0,0
12/02/2013,00:00,1,1,0
12/02/2013,00:15,1,1,0
12/02/2013,00:30,0,0,0
12/02/2013,00:45,0,0,0
12/02/2013,01:00,0,0,0
12/02/2013,01:15,0,0,0
12/02/2013,01:30,1,1,0
12/02/2013,01:45,0,0,0
12/02/2013,02:00,1,0,1
12/02/2013,02:15,0,0,0
12/02/2013,02:30,0,0,0
12/02/2013,02:45,0,0,0
12/02/2013,03:00,0,0,0
12/02/2013,03:15,0,0,0
12/02/2013,03:30,2,2,0
12/02/2013,03:45,0,0,0
12/02/2013,04:00,1,1,0
12/02/2013,04:15,0,0,0
12/02/2013,04:30,0,0,0
12/02/2013,04:45,1,0,1
12/02/2013,05:00,1,1,0
12/02/2013,05:15,3,3,0
12/02/2013,05:30,6,1,5
12/02/2013,05:45,8,4,4
12/02/2013,06:00,8,3,5
12/02/2013,06:15,11,6,5
12/02/2013,06:30,16,7,9
12/02/2013,06:45,15,4,11
12/02/2013,07:00,17,3,14
12/02/2013,07:15,15,7,8
12/02/2013,07:30,27,9,18
12/02/2013,07:45,18,5,13
12/02/2013,08:00,17,7,10
12/02/2013,08:15,21,7,14
12/02/2013,08:30,14,7,7
12/02/2013,08:45,11,8,3
12/02/2013,09:00,10,6,4
12/02/2013,09:15,12,5,7
12/02/2013,09:30,12,5,7
12/02/2013,09:45,17,11,6
12/02/2013,10:00,6,5,1
12/02/2013,10:15,9,3,6
12/02/2013,10:30,15,9,6
12/02/2013,10:45,9,6,3
12/02/2013,11:00,10,5,5
12/02/2013,11:15,9,1,8
12/02/2013,11:30,11,2,9
12/02/2013,11:45,19,9,10
12/02/2013,12:00,12,7,5
12/02/2013,12:15,7,5,2
12/02/2013,12:30,16,8,8
12/02/2013,12:45,9,4,5
12/02/2013,13:00,19,11,8
12/02/2013,13:15,15,12,3
12/02/2013,13:30,10,5,5
12/02/2013,13:45,16,5,11
12/02/2013,14:00,15,3,12
12/02/2013,14:15,14,6,8
12/02/2013,14:30,14,8,6
12/02/2013,14:45,24,9,15
12/02/2013,15:00,18,7,11
12/02/2013,15:15,11,6,5
12/02/2013,15:30,18,7,11
12/02/2013,15:45,20,8,12
12/02/2013,16:00,25,14,11
12/02/2013,16:15,36,18,18
12/02/2013,16:30,24,11,13
12/02/2013,16:45,29,15,14
12/02/2013,17:00,29,16,13
12/02/2013,17:15,26,14,12
12/02/2013,17:30,45,25,20
12/02/2013,17:45,30,13,17
12/02/2013,18:00,39,25,14
12/02/2013,18:15,15,12,3
12/02/2013,18:30,18,12,6
12/02/2013,18:45,14,9,5
12/02/2013,19:00,11,7,4
12/02/2013,19:15,2,1,1
12/02/2013,19:30,2,1,1
12/02/2013,19:45,7,5,2
12/02/2013,20:00,1,0,1
12/02/2013,20:15,4,3,1
12/02/2013,20:30,2,2,0
12/02/2013,20:45,3,2,1
12/02/2013,21:00,2,0,2
12/02/2013,21:15,4,2,2
12/02/2013,21:30,0,0,0
12/02/2013,21:45,1,0,1
12/02/2013,22:00,1,1,0
12/02/2013,22:15,0,0,0
12/02/2013,22:30,0,0,0
12/02/2013,22:45,0,0,0
12/02/2013,23:00,1,0,1
12/02/2013,23:15,1,0,1
12/02/2013,23:30,2,2,0
12/02/2013,23:45,1,1,0
13/02/2013,00:00,0,0,0
13/02/2013,00:15,0,0,0
13/02/2013,00:30,1,0,1
13/02/2013,00:45,0,0,0
13/02/2013,01:00,0,0,0
13/02/2013,01:15,0,0,0
13/02/2013,01:30,0,0,0
13/02/2013,01:45,0,0,0
13/02/2013,02:00,0,0,0
13/02/2013,02:15,0,0,0
13/02/2013,02:30,0,0,0
13/02/2013,02:45,0,0,0
13/02/2013,03:00,0,0,0
13/02/2013,03:15,0,0,0
13/02/2013,03:30,2,2,0
13/02/2013,03:45,1,0,1
13/02/2013,04:00,1,1,0
13/02/2013,04:15,0,0,0
13/02/2013,04:30,0,0,0
13/02/2013,04:45,2,2,0
13/02/2013,05:00,0,0,0
13/02/2013,05:15,1,1,0
13/02/2013,05:30,2,0,2
13/02/2013,05:45,9,4,5
13/02/2013,06:00,6,5,1
13/02/2013,06:15,4,3,1
13/02/2013,06:30,12,7,5
13/02/2013,06:45,12,6,6
13/02/2013,07:00,17,7,10
13/02/2013,07:15,14,7,7
13/02/2013,07:30,16,11,5
13/02/2013,07:45,16,5,11
13/02/2013,08:00,11,5,6
13/02/2013,08:15,7,4,3
13/02/2013,08:30,3,2,1
13/02/2013,08:45,7,4,3
13/02/2013,09:00,7,4,3
13/02/2013,09:15,3,2,1
13/02/2013,09:30,6,3,3
13/02/2013,09:45,4,1,3
13/02/2013,10:00,4,4,0
13/02/2013,10:15,13,7,6
13/02/2013,10:30,6,2,4
13/02/2013,10:45,3,2,1
13/02/2013,11:00,7,3,4
13/02/2013,11:15,3,0,3
13/02/2013,11:30,5,2,3
13/02/2013,11:45,5,2,3
13/02/2013,12:00,12,6,6
13/02/2013,12:15,10,2,8
13/02/2013,12:30,5,3,2
13/02/2013,12:45,3,2,1
13/02/2013,13:00,5,2,3
13/02/2013,13:15,8,6,2
13/02/2013,13:30,3,1,2
13/02/2013,13:45,8,2,6
13/02/2013,14:00,5,2,3
13/02/2013,14:15,11,4,7
13/02/2013,14:30,4,0,4
13/02/2013,14:45,6,2,4
13/02/2013,15:00,4,1,3
13/02/2013,15:15,4,3,1
13/02/2013,15:30,5,1,4
13/02/2013,15:45,7,4,3
13/02/2013,16:00,7,4,3
13/02/2013,16:15,6,4,2
13/02/2013,16:30,7,5,2
13/02/2013,16:45,10,6,4
13/02/2013,17:00,10,5,5
13/02/2013,17:15,8,5,3
13/02/2013,17:30,10,9,1
13/02/2013,17:45,8,4,4
13/02/2013,18:00,6,3,3
13/02/2013,18:15,2,1,1
13/02/2013,18:30,4,2,2
13/02/2013,18:45,1,0,1
13/02/2013,19:00,8,5,3
13/02/2013,19:15,4,2,2
13/02/2013,19:30,2,2,0
13/02/2013,19:45,3,2,1
13/02/2013,20:00,2,1,1
13/02/2013,20:15,1,0,1
13/02/2013,20:30,0,0,0
13/02/2013,20:45,1,1,0
13/02/2013,21:00,1,1,0
13/02/2013,21:15,2,1,1
13/02/2013,21:30,2,1,1
13/02/2013,21:45,0,0,0
13/02/2013,22:00,0,0,0
13/02/2013,22:15,1,1,0
13/02/2013,22:30,0,0,0
13/02/2013,22:45,0,0,0
13/02/2013,23:00,0,0,0
13/02/2013,23:15,1,1,0
13/02/2013,23:30,1,1,0
13/02/2013,23:45,1,0,1
14/02/2013,00:00,0,0,0
14/02/2013,00:15,0,0,0
14/02/2013,00:30,0,0,0
14/02/2013,00:45,0,0,0
14/02/2013,01:00,0,0,0
14/02/2013,01:15,0,0,0
14/02/2013,01:30,0,0,0
14/02/2013,01:45,0,0,0
14/02/2013,02:00,0,0,0
14/02/2013,02:15,1,1,0
14/02/2013,02:30,0,0,0
14/02/2013,02:45,0,0,0
14/02/2013,03:00,0,0,0
14/02/2013,03:15,0,0,0
14/02/2013,03:30,0,0,0
14/02/2013,03:45,1,1,0
14/02/2013,04:00,0,0,0
14/02/2013,04:15,1,1,0
14/02/2013,04:30,0,0,0
14/02/2013,04:45,0,0,0
14/02/2013,05:00,1,1,0
14/02/2013,05:15,5,5,0
14/02/2013,05:30,2,0,2
14/02/2013,05:45,6,3,3
14/02/2013,06:00,4,2,2
14/02/2013,06:15,6,2,4
14/02/2013,06:30,9,2,7
14/02/2013,06:45,17,6,11
14/02/2013,07:00,14,3,11
14/02/2013,07:15,15,3,12
14/02/2013,07:30,11,3,8
14/02/2013,07:45,12,3,9
14/02/2013,08:00,12,6,6
14/02/2013,08:15,12,1,11
14/02/2013,08:30,15,4,11
14/02/2013,08:45,13,9,4
14/02/2013,09:00,8,3,5
14/02/2013,09:15,1,0,1
14/02/2013,09:30,5,4,1
14/02/2013,09:45,12,9,3
14/02/2013,10:00,7,4,3
14/02/2013,10:15,7,4,3
14/02/2013,10:30,5,4,1
14/02/2013,10:45,8,3,5
14/02/2013,11:00,14,10,4
14/02/2013,11:15,14,10,4
14/02/2013,11:30,5,2,3
14/02/2013,11:45,6,4,2
14/02/2013,12:00,8,6,2
14/02/2013,12:15,10,7,3
14/02/2013,12:30,8,5,3
14/02/2013,12:45,11,3,8
14/02/2013,13:00,11,10,1
14/02/2013,13:15,15,12,3
14/02/2013,13:30,18,12,6
14/02/2013,13:45,7,5,2
14/02/2013,14:00,11,5,6
14/02/2013,14:15,14,7,7
14/02/2013,14:30,11,3,8
14/02/2013,14:45,11,5,6
14/02/2013,15:00,13,8,5
14/02/2013,15:15,6,3,3
14/02/2013,15:30,12,6,6
14/02/2013,15:45,10,5,5
14/02/2013,16:00,23,12,11
14/02/2013,16:15,22,11,11
14/02/2013,16:30,18,11,7
14/02/2013,16:45,24,15,9
14/02/2013,17:00,18,9,9
14/02/2013,17:15,20,7,13
14/02/2013,17:30,25,12,13
14/02/2013,17:45,11,6,5
14/02/2013,18:00,31,22,9
14/02/2013,18:15,12,6,6
14/02/2013,18:30,11,9,2
14/02/2013,18:45,12,8,4
14/02/2013,19:00,9,5,4
14/02/2013,19:15,7,4,3
14/02/2013,19:30,6,6,0
14/02/2013,19:45,5,4,1
14/02/2013,20:00,2,2,0
14/02/2013,20:15,0,0,0
14/02/2013,20:30,2,2,0
14/02/2013,20:45,2,0,2
14/02/2013,21:00,4,2,2
14/02/2013,21:15,0,0,0
14/02/2013,21:30,0,0,0
14/02/2013,21:45,1,1,0
14/02/2013,22:00,0,0,0
14/02/2013,22:15,3,1,2
14/02/2013,22:30,0,0,0
14/02/2013,22:45,0,0,0
14/02/2013,23:00,0,0,0
14/02/2013,23:15,2,0,2
14/02/2013,23:30,1,1,0
14/02/2013,23:45,1,1,0
15/02/2013,00:00,0,0,0
15/02/2013,00:15,0,0,0
15/02/2013,00:30,0,0,0
15/02/2013,00:45,0,0,0
15/02/2013,01:00,0,0,0
15/02/2013,01:15,0,0,0
15/02/2013,01:30,0,0,0
15/02/2013,01:45,0,0,0
15/02/2013,02:00,0,0,0
15/02/2013,02:15,1,0,1
15/02/2013,02:30,0,0,0
15/02/2013,02:45,0,0,0
15/02/2013,03:00,0,0,0
15/02/2013,03:15,0,0,0
15/02/2013,03:30,0,0,0
15/02/2013,03:45,0,0,0
15/02/2013,04:00,1,1,0
15/02/2013,04:15,0,0,0
15/02/2013,04:30,3,2,1
15/02/2013,04:45,2,0,2
15/02/2013,05:00,0,0,0
15/02/2013,05:15,3,2,1
15/02/2013,05:30,3,0,3
15/02/2013,05:45,10,9,1
15/02/2013,06:00,6,2,4
15/02/2013,06:15,8,3,5
15/02/2013,06:30,13,3,10
15/02/2013,06:45,17,9,8
15/02/2013,07:00,12,4,8
15/02/2013,07:15,15,5,10
15/02/2013,07:30,15,6,9
15/02/2013,07:45,13,3,10
15/02/2013,08:00,19,7,12
15/02/2013,08:15,13,6,7
15/02/2013,08:30,10,4,6
15/02/2013,08:45,15,7,8
15/02/2013,09:00,11,6,5
15/02/2013,09:15,7,3,4
15/02/2013,09:30,10,6,4
15/02/2013,09:45,7,5,2
15/02/2013,10:00,11,7,4
15/02/2013,10:15,21,16,5
15/02/2013,10:30,52,41,11
15/02/2013,10:45,41,40,1
15/02/2013,11:00,29,24,5
15/02/2013,11:15,30,21,9
15/02/2013,11:30,30,27,3
15/02/2013,11:45,32,26,6
15/02/2013,12:00,13,9,4
15/02/2013,12:15,41,27,14
15/02/2013,12:30,21,13,8
15/02/2013,12:45,17,9,8
15/02/2013,13:00,16,8,8
15/02/2013,13:15,18,11,7
15/02/2013,13:30,28,15,13
15/02/2013,13:45,37,22,15
15/02/2013,14:00,18,15,3
15/02/2013,14:15,23,10,13
15/02/2013,14:30,15,7,8
15/02/2013,14:45,22,11,11
15/02/2013,15:00,21,11,10
15/02/2013,15:15,23,11,12
15/02/2013,15:30,31,16,15
15/02/2013,15:45,21,11,10
15/02/2013,16:00,26,15,11
15/02/2013,16:15,27,14,13
15/02/2013,16:30,30,10,20
15/02/2013,16:45,31,19,12
15/02/2013,17:00,32,14,18
15/02/2013,17:15,32,16,16
15/02/2013,17:30,21,12,9
15/02/2013,17:45,19,11,8
15/02/2013,18:00,12,5,7
15/02/2013,18:15,3,2,1
15/02/2013,18:30,10,6,4
15/02/2013,18:45,5,2,3
15/02/2013,19:00,8,5,3
15/02/2013,19:15,3,1,2
15/02/2013,19:30,5,5,0
15/02/2013,19:45,3,1,2
15/02/2013,20:00,0,0,0
15/02/2013,20:15,2,2,0
15/02/2013,20:30,1,1,0
15/02/2013,20:45,0,0,0
15/02/2013,21:00,0,0,0
15/02/2013,21:15,1,0,1
15/02/2013,21:30,3,2,1
15/02/2013,21:45,1,1,0
15/02/2013,22:00,3,3,0
15/02/2013,22:15,1,1,0
15/02/2013,22:30,0,0,0
15/02/2013,22:45,0,0,0
15/02/2013,23:00,1,0,1
15/02/2013,23:15,0,0,0
15/02/2013,23:30,0,0,0
15/02/2013,23:45,0,0,0
16/02/2013,00:00,0,0,0
16/02/2013,00:15,2,0,2
16/02/2013,00:30,0,0,0
16/02/2013,00:45,1,0,1
16/02/2013,01:00,1,1,0
16/02/2013,01:15,0,0,0
16/02/2013,01:30,1,1,0
16/02/2013,01:45,0,0,0
16/02/2013,02:00,0,0,0
16/02/2013,02:15,0,0,0
16/02/2013,02:30,0,0,0
16/02/2013,02:45,0,0,0
16/02/2013,03:00,0,0,0
16/02/2013,03:15,0,0,0
16/02/2013,03:30,0,0,0
16/02/2013,03:45,0,0,0
16/02/2013,04:00,0,0,0
16/02/2013,04:15,0,0,0
16/02/2013,04:30,2,2,0
16/02/2013,04:45,0,0,0
16/02/2013,05:00,0,0,0
16/02/2013,05:15,1,1,0
16/02/2013,05:30,1,1,0
16/02/2013,05:45,0,0,0
16/02/2013,06:00,1,1,0
16/02/2013,06:15,3,1,2
16/02/2013,06:30,1,0,1
16/02/2013,06:45,4,3,1
16/02/2013,07:00,2,1,1
16/02/2013,07:15,7,6,1
16/02/2013,07:30,6,3,3
16/02/2013,07:45,5,4,1
16/02/2013,08:00,6,2,4
16/02/2013,08:15,17,10,7
16/02/2013,08:30,8,5,3
16/02/2013,08:45,15,7,8
16/02/2013,09:00,8,4,4
16/02/2013,09:15,12,8,4
16/02/2013,09:30,11,4,7
16/02/2013,09:45,11,10,1
16/02/2013,10:00,14,8,6
16/02/2013,10:15,13,6,7
16/02/2013,10:30,8,4,4
16/02/2013,10:45,14,6,8
16/02/2013,11:00,8,2,6
16/02/2013,11:15,10,4,6
16/02/2013,11:30,9,5,4
16/02/2013,11:45,12,7,5
16/02/2013,12:00,16,7,9
16/02/2013,12:15,18,8,10
16/02/2013,12:30,17,6,11
16/02/2013,12:45,14,10,4
16/02/2013,13:00,6,4,2
16/02/2013,13:15,15,10,5
16/02/2013,13:30,14,7,7
16/02/2013,13:45,18,9,9
16/02/2013,14:00,9,1,8
16/02/2013,14:15,12,2,10
16/02/2013,14:30,5,1,4
16/02/2013,14:45,7,3,4
16/02/2013,15:00,11,7,4
16/02/2013,15:15,7,4,3
16/02/2013,15:30,17,9,8
16/02/2013,15:45,9,3,6
16/02/2013,16:00,3,1,2
16/02/2013,16:15,8,1,7
16/02/2013,16:30,6,3,3
16/02/2013,16:45,11,6,5
16/02/2013,17:00,10,5,5
16/02/2013,17:15,6,3,3
16/02/2013,17:30,4,2,2
16/02/2013,17:45,3,0,3
16/02/2013,18:00,4,2,2
16/02/2013,18:15,1,1,0
16/02/2013,18:30,2,0,2
16/02/2013,18:45,0,0,0
16/02/2013,19:00,4,2,2
16/02/2013,19:15,1,1,0
16/02/2013,19:30,0,0,0
16/02/2013,19:45,1,1,0
16/02/2013,20:00,0,0,0
16/02/2013,20:15,1,1,0
16/02/2013,20:30,0,0,0
16/02/2013,20:45,0,0,0
16/02/2013,21:00,0,0,0
16/02/2013,21:15,0,0,0
16/02/2013,21:30,3,1,2
16/02/2013,21:45,0,0,0
16/02/2013,22:00,0,0,0
16/02/2013,22:15,0,0,0
16/02/2013,22:30,0,0,0
16/02/2013,22:45,0,0,0
16/02/2013,23:00,0,0,0
16/02/2013,23:15,2,0,2
16/02/2013,23:30,0,0,0
16/02/2013,23:45,0,0,0
17/02/2013,00:00,0,0,0
17/02/2013,00:15,1,1,0
17/02/2013,00:30,0,0,0
17/02/2013,00:45,1,1,0
17/02/2013,01:00,1,0,1
17/02/2013,01:15,0,0,0
17/02/2013,01:30,0,0,0
17/02/2013,01:45,1,0,1
17/02/2013,02:00,0,0,0
17/02/2013,02:15,0,0,0
17/02/2013,02:30,0,0,0
17/02/2013,02:45,0,0,0
17/02/2013,03:00,0,0,0
17/02/2013,03:15,1,0,1
17/02/2013,03:30,0,0,0
17/02/2013,03:45,0,0,0
17/02/2013,04:00,0,0,0
17/02/2013,04:15,0,0,0
17/02/2013,04:30,0,0,0
17/02/2013,04:45,2,0,2
17/02/2013,05:00,1,0,1
17/02/2013,05:15,0,0,0
17/02/2013,05:30,0,0,0
17/02/2013,05:45,0,0,0
17/02/2013,06:00,0,0,0
17/02/2013,06:15,0,0,0
17/02/2013,06:30,1,1,0
17/02/2013,06:45,3,1,2
17/02/2013,07:00,2,2,0
17/02/2013,07:15,1,0,1
17/02/2013,07:30,7,4,3
17/02/2013,07:45,4,1,3
17/02/2013,08:00,2,2,0
17/02/2013,08:15,11,5,6
17/02/2013,08:30,2,1,1
17/02/2013,08:45,8,4,4
17/02/2013,09:00,5,2,3
17/02/2013,09:15,4,2,2
17/02/2013,09:30,14,8,6
17/02/2013,09:45,9,3,6
17/02/2013,10:00,5,0,5
17/02/2013,10:15,8,7,1
17/02/2013,10:30,12,5,7
17/02/2013,10:45,8,3,5
17/02/2013,11:00,9,5,4
17/02/2013,11:15,4,3,1
17/02/2013,11:30,9,5,4
17/02/2013,11:45,7,4,3
17/02/2013,12:00,3,3,0
17/02/2013,12:15,10,2,8
17/02/2013,12:30,5,2,3
17/02/2013,12:45,5,3,2
17/02/2013,13:00,9,6,3
17/02/2013,13:15,13,11,2
17/02/2013,13:30,6,2,4
17/02/2013,13:45,4,3,1
17/02/2013,14:00,9,7,2
17/02/2013,14:15,9,5,4
17/02/2013,14:30,4,0,4
17/02/2013,14:45,9,4,5
17/02/2013,15:00,5,3,2
17/02/2013,15:15,8,3,5
17/02/2013,15:30,4,2,2
17/02/2013,15:45,7,3,4
17/02/2013,16:00,2,2,0
17/02/2013,16:15,4,2,2
17/02/2013,16:30,4,1,3
17/02/2013,16:45,4,2,2
17/02/2013,17:00,2,1,1
17/02/2013,17:15,3,2,1
17/02/2013,17:30,5,1,4
17/02/2013,17:45,2,1,1
17/02/2013,18:00,2,0,2
17/02/2013,18:15,3,2,1
17/02/2013,18:30,0,0,0
17/02/2013,18:45,1,1,0
17/02/2013,19:00,1,1,0
17/02/2013,19:15,1,0,1
17/02/2013,19:30,1,1,0
17/02/2013,19:45,2,1,1
17/02/2013,20:00,1,1,0
17/02/2013,20:15,1,0,1
17/02/2013,20:30,2,0,2
17/02/2013,20:45,2,1,1
17/02/2013,21:00,0,0,0
17/02/2013,21:15,0,0,0
17/02/2013,21:30,0,0,0
17/02/2013,21:45,0,0,0
17/02/2013,22:00,1,0,1
17/02/2013,22:15,0,0,0
17/02/2013,22:30,0,0,0
17/02/2013,22:45,1,1,0
17/02/2013,23:00,0,0,0
17/02/2013,23:15,0,0,0
17/02/2013,23:30,0,0,0
17/02/2013,23:45,0,0,0
18/02/2013,00:00,1,0,1
18/02/2013,00:15,1,0,1
18/02/2013,00:30,1,0,1
18/02/2013,00:45,0,0,0
18/02/2013,01:00,0,0,0
18/02/2013,01:15,0,0,0
18/02/2013,01:30,0,0,0
18/02/2013,01:45,0,0,0
18/02/2013,02:00,0,0,0
18/02/2013,02:15,0,0,0
18/02/2013,02:30,0,0,0
18/02/2013,02:45,0,0,0
18/02/2013,03:00,0,0,0
18/02/2013,03:15,0,0,0
18/02/2013,03:30,0,0,0
18/02/2013,03:45,2,2,0
18/02/2013,04:00,1,1,0
18/02/2013,04:15,0,0,0
18/02/2013,04:30,3,2,1
18/02/2013,04:45,0,0,0
18/02/2013,05:00,0,0,0
18/02/2013,05:15,1,1,0
18/02/2013,05:30,0,0,0
18/02/2013,05:45,3,2,1
18/02/2013,06:00,1,0,1
18/02/2013,06:15,1,1,0
18/02/2013,06:30,7,5,2
18/02/2013,06:45,3,2,1
18/02/2013,07:00,0,0,0
18/02/2013,07:15,5,3,2
18/02/2013,07:30,6,4,2
18/02/2013,07:45,6,4,2
18/02/2013,08:00,5,3,2
18/02/2013,08:15,6,3,3
18/02/2013,08:30,11,9,2
18/02/2013,08:45,6,3,3
18/02/2013,09:00,10,9,1
18/02/2013,09:15,14,5,9
18/02/2013,09:30,10,6,4
18/02/2013,09:45,6,5,1
18/02/2013,10:00,13,7,6
18/02/2013,10:15,10,4,6
18/02/2013,10:30,17,8,9
18/02/2013,10:45,8,5,3
18/02/2013,11:00,12,8,4
18/02/2013,11:15,16,5,11
18/02/2013,11:30,12,8,4
18/02/2013,11:45,15,11,4
18/02/2013,12:00,12,4,8
18/02/2013,12:15,8,5,3
18/02/2013,12:30,17,10,7
18/02/2013,12:45,10,9,1
18/02/2013,13:00,14,8,6
18/02/2013,13:15,12,10,2
18/02/2013,13:30,13,6,7
18/02/2013,13:45,5,4,1
18/02/2013,14:00,8,3,5
18/02/2013,14:15,18,9,9
18/02/2013,14:30,13,6,7
18/02/2013,14:45,20,7,13
18/02/2013,15:00,20,11,9
18/02/2013,15:15,17,11,6
18/02/2013,15:30,15,6,9
18/02/2013,15:45,20,10,10
18/02/2013,16:00,12,7,5
18/02/2013,16:15,27,13,14
18/02/2013,16:30,23,8,15
18/02/2013,16:45,21,11,10
18/02/2013,17:00,18,5,13
18/02/2013,17:15,13,6,7
18/02/2013,17:30,18,5,13
18/02/2013,17:45,18,5,13
18/02/2013,18:00,6,3,3
18/02/2013,18:15,5,2,3
18/02/2013,18:30,1,1,0
18/02/2013,18:45,2,1,1
18/02/2013,19:00,3,3,0
18/02/2013,19:15,3,2,1
18/02/2013,19:30,3,2,1
18/02/2013,19:45,1,0,1
18/02/2013,20:00,1,1,0
18/02/2013,20:15,2,1,1
18/02/2013,20:30,0,0,0
18/02/2013,20:45,0,0,0
18/02/2013,21:00,0,0,0
18/02/2013,21:15,1,0,1
18/02/2013,21:30,1,0,1
18/02/2013,21:45,1,1,0
18/02/2013,22:00,0,0,0
18/02/2013,22:15,1,0,1
18/02/2013,22:30,1,1,0
18/02/2013,22:45,2,2,0
18/02/2013,23:00,0,0,0
18/02/2013,23:15,0,0,0
18/02/2013,23:30,0,0,0
18/02/2013,23:45,0,0,0
19/02/2013,00:00,0,0,0
19/02/2013,00:15,0,0,0
19/02/2013,00:30,0,0,0
19/02/2013,00:45,0,0,0
19/02/2013,01:00,0,0,0
19/02/2013,01:15,0,0,0
19/02/2013,01:30,0,0,0
19/02/2013,01:45,1,1,0
19/02/2013,02:00,0,0,0
19/02/2013,02:15,1,1,0
19/02/2013,02:30,0,0,0
19/02/2013,02:45,0,0,0
19/02/2013,03:00,0,0,0
19/02/2013,03:15,0,0,0
19/02/2013,03:30,2,2,0
19/02/2013,03:45,2,2,0
19/02/2013,04:00,0,0,0
19/02/2013,04:15,1,0,1
19/02/2013,04:30,2,0,2
19/02/2013,04:45,2,2,0
19/02/2013,05:00,0,0,0
19/02/2013,05:15,5,4,1
19/02/2013,05:30,2,0,2
19/02/2013,05:45,8,4,4
19/02/2013,06:00,3,1,2
19/02/2013,06:15,5,2,3
19/02/2013,06:30,19,9,10
19/02/2013,06:45,10,3,7
19/02/2013,07:00,16,5,11
19/02/2013,07:15,15,6,9
19/02/2013,07:30,19,9,10
19/02/2013,07:45,15,7,8
19/02/2013,08:00,12,5,7
19/02/2013,08:15,17,5,12
19/02/2013,08:30,6,2,4
19/02/2013,08:45,4,3,1
19/02/2013,09:00,3,0,3
19/02/2013,09:15,7,2,5
19/02/2013,09:30,4,2,2
19/02/2013,09:45,7,2,5
19/02/2013,10:00,5,5,0
19/02/2013,10:15,8,4,4
19/02/2013,10:30,2,1,1
19/02/2013,10:45,2,1,1
19/02/2013,11:00,1,0,1
19/02/2013,11:15,3,2,1
19/02/2013,11:30,3,0,3
19/02/2013,11:45,3,0,3
19/02/2013,12:00,3,0,3
19/02/2013,12:15,5,1,4
19/02/2013,12:30,2,0,2
19/02/2013,12:45,1,1,0
19/02/2013,13:00,3,2,1
19/02/2013,13:15,6,0,6
19/02/2013,13:30,1,0,1
19/02/2013,13:45,2,1,1
19/02/2013,14:00,5,2,3
19/02/2013,14:15,5,3,2
19/02/2013,14:30,2,1,1
19/02/2013,14:45,4,1,3
19/02/2013,15:00,2,0,2
19/02/2013,15:15,3,2,1
19/02/2013,15:30,2,0,2
19/02/2013,15:45,3,2,1
19/02/2013,16:00,7,3,4
19/02/2013,16:15,7,4,3
19/02/2013,16:30,7,6,1
19/02/2013,16:45,12,8,4
19/02/2013,17:00,12,8,4
19/02/2013,17:15,7,2,5
19/02/2013,17:30,15,5,10
19/02/2013,17:45,9,6,3
19/02/2013,18:00,11,7,4
19/02/2013,18:15,14,7,7
19/02/2013,18:30,10,7,3
19/02/2013,18:45,12,5,7
19/02/2013,19:00,5,4,1
19/02/2013,19:15,2,1,1
19/02/2013,19:30,2,0,2
19/02/2013,19:45,3,3,0
19/02/2013,20:00,5,2,3
19/02/2013,20:15,1,1,0
19/02/2013,20:30,3,2,1
19/02/2013,20:45,0,0,0
19/02/2013,21:00,3,1,2
19/02/2013,21:15,1,0,1
19/02/2013,21:30,0,0,0
19/02/2013,21:45,0,0,0
19/02/2013,22:00,0,0,0
19/02/2013,22:15,1,0,1
19/02/2013,22:30,0,0,0
19/02/2013,22:45,1,1,0
19/02/2013,23:00,2,1,1
19/02/2013,23:15,1,0,1
19/02/2013,23:30,1,1,0
19/02/2013,23:45,0,0,0
20/02/2013,00:00,1,1,0
20/02/2013,00:15,0,0,0
20/02/2013,00:30,0,0,0
20/02/2013,00:45,0,0,0
20/02/2013,01:00,0,0,0
20/02/2013,01:15,0,0,0
20/02/2013,01:30,0,0,0
20/02/2013,01:45,0,0,0
20/02/2013,02:00,0,0,0
20/02/2013,02:15,0,0,0
20/02/2013,02:30,0,0,0
20/02/2013,02:45,0,0,0
20/02/2013,03:00,0,0,0
20/02/2013,03:15,0,0,0
20/02/2013,03:30,0,0,0
20/02/2013,03:45,3,2,1
20/02/2013,04:00,2,2,0
20/02/2013,04:15,0,0,0
20/02/2013,04:30,0,0,0
20/02/2013,04:45,1,1,0
20/02/2013,05:00,2,1,1
20/02/2013,05:15,2,2,0
20/02/2013,05:30,4,1,3
20/02/2013,05:45,7,5,2
20/02/2013,06:00,6,3,3
20/02/2013,06:15,4,1,3
20/02/2013,06:30,12,4,8
20/02/2013,06:45,8,5,3
20/02/2013,07:00,18,6,12
20/02/2013,07:15,25,8,17
20/02/2013,07:30,7,3,4
20/02/2013,07:45,19,3,16
20/02/2013,08:00,15,5,10
20/02/2013,08:15,8,5,3
20/02/2013,08:30,11,4,7
20/02/2013,08:45,10,5,5
20/02/2013,09:00,4,3,1
20/02/2013,09:15,4,1,3
20/02/2013,09:30,7,4,3
20/02/2013,09:45,3,3,0
20/02/2013,10:00,1,1,0
20/02/2013,10:15,3,1,2
20/02/2013,10:30,3,2,1
20/02/2013,10:45,6,2,4
20/02/2013,11:00,2,2,0
20/02/2013,11:15,5,3,2
20/02/2013,11:30,4,2,2
20/02/2013,11:45,3,0,3
20/02/2013,12:00,5,1,4
20/02/2013,12:15,9,3,6
20/02/2013,12:30,8,0,8
20/02/2013,12:45,2,0,2
20/02/2013,13:00,5,2,3
20/02/2013,13:15,5,1,4
20/02/2013,13:30,3,3,0
20/02/2013,13:45,3,1,2
20/02/2013,14:00,8,4,4
20/02/2013,14:15,3,0,3
20/02/2013,14:30,8,2,6
20/02/2013,14:45,6,3,3
20/02/2013,15:00,4,1,3
20/02/2013,15:15,9,2,7
20/02/2013,15:30,3,1,2
20/02/2013,15:45,6,4,2
20/02/2013,16:00,7,1,6
20/02/2013,16:15,9,5,4
20/02/2013,16:30,11,8,3
20/02/2013,16:45,14,6,8
20/02/2013,17:00,9,4,5
20/02/2013,17:15,9,4,5
20/02/2013,17:30,18,6,12
20/02/2013,17:45,16,8,8
20/02/2013,18:00,17,8,9
20/02/2013,18:15,5,4,1
20/02/2013,18:30,9,5,4
20/02/2013,18:45,14,8,6
20/02/2013,19:00,5,3,2
20/02/2013,19:15,7,4,3
20/02/2013,19:30,4,0,4
20/02/2013,19:45,1,1,0
20/02/2013,20:00,1,1,0
20/02/2013,20:15,2,0,2
20/02/2013,20:30,2,1,1
20/02/2013,20:45,2,2,0
20/02/2013,21:00,0,0,0
20/02/2013,21:15,1,0,1
20/02/2013,21:30,1,1,0
20/02/2013,21:45,1,1,0
20/02/2013,22:00,0,0,0
20/02/2013,22:15,0,0,0
20/02/2013,22:30,1,0,1
20/02/2013,22:45,1,0,1
20/02/2013,23:00,1,0,1
20/02/2013,23:15,0,0,0
20/02/2013,23:30,1,1,0
20/02/2013,23:45,0,0,0
21/02/2013,00:00,1,0,1
21/02/2013,00:15,0,0,0
21/02/2013,00:30,1,0,1
21/02/2013,00:45,0,0,0
21/02/2013,01:00,0,0,0
21/02/2013,01:15,0,0,0
21/02/2013,01:30,0,0,0
21/02/2013,01:45,0,0,0
21/02/2013,02:00,0,0,0
21/02/2013,02:15,1,1,0
21/02/2013,02:30,0,0,0
21/02/2013,02:45,0,0,0
21/02/2013,03:00,0,0,0
21/02/2013,03:15,0,0,0
21/02/2013,03:30,1,1,0
21/02/2013,03:45,1,1,0
21/02/2013,04:00,0,0,0
21/02/2013,04:15,0,0,0
21/02/2013,04:30,2,1,1
21/02/2013,04:45,0,0,0
21/02/2013,05:00,0,0,0
21/02/2013,05:15,4,4,0
21/02/2013,05:30,5,2,3
21/02/2013,05:45,6,3,3
21/02/2013,06:00,4,2,2
21/02/2013,06:15,4,3,1
21/02/2013,06:30,8,1,7
21/02/2013,06:45,12,3,9
21/02/2013,07:00,21,5,16
21/02/2013,07:15,26,13,13
21/02/2013,07:30,18,9,9
21/02/2013,07:45,8,2,6
21/02/2013,08:00,8,3,5
21/02/2013,08:15,12,8,4
21/02/2013,08:30,8,4,4
21/02/2013,08:45,8,6,2
21/02/2013,09:00,3,3,0
21/02/2013,09:15,9,4,5
21/02/2013,09:30,3,1,2
21/02/2013,09:45,5,5,0
21/02/2013,10:00,1,0,1
21/02/2013,10:15,4,3,1
21/02/2013,10:30,2,0,2
21/02/2013,10:45,8,4,4
21/02/2013,11:00,7,2,5
21/02/2013,11:15,2,2,0
21/02/2013,11:30,8,3,5
21/02/2013,11:45,6,2,4
21/02/2013,12:00,10,0,10
21/02/2013,12:15,6,4,2
21/02/2013,12:30,4,1,3
21/02/2013,12:45,3,1,2
21/02/2013,13:00,4,1,3
21/02/2013,13:15,9,5,4
21/02/2013,13:30,5,2,3
21/02/2013,13:45,7,2,5
21/02/2013,14:00,5,2,3
21/02/2013,14:15,5,4,1
21/02/2013,14:30,8,2,6
21/02/2013,14:45,5,0,5
21/02/2013,15:00,3,0,3
21/02/2013,15:15,2,0,2
21/02/2013,15:30,13,9,4
21/02/2013,15:45,6,3,3
21/02/2013,16:00,6,0,6
21/02/2013,16:15,16,9,7
21/02/2013,16:30,5,2,3
21/02/2013,16:45,13,10,3
21/02/2013,17:00,13,6,7
21/02/2013,17:15,9,4,5
21/02/2013,17:30,17,11,6
21/02/2013,17:45,16,13,3
21/02/2013,18:00,12,5,7
21/02/2013,18:15,7,4,3
21/02/2013,18:30,7,5,2
21/02/2013,18:45,10,4,6
21/02/2013,19:00,5,4,1
21/02/2013,19:15,5,2,3
21/02/2013,19:30,4,2,2
21/02/2013,19:45,7,7,0
21/02/2013,20:00,2,2,0
21/02/2013,20:15,3,2,1
21/02/2013,20:30,1,1,0
21/02/2013,20:45,0,0,0
21/02/2013,21:00,1,1,0
21/02/2013,21:15,1,0,1
21/02/2013,21:30,2,2,0
21/02/2013,21:45,1,0,1
21/02/2013,22:00,0,0,0
21/02/2013,22:15,0,0,0
21/02/2013,22:30,2,2,0
21/02/2013,22:45,1,0,1
21/02/2013,23:00,0,0,0
21/02/2013,23:15,1,1,0
21/02/2013,23:30,1,1,0
21/02/2013,23:45,0,0,0
22/02/2013,00:00,1,1,0
22/02/2013,00:15,0,0,0
22/02/2013,00:30,3,1,2
22/02/2013,00:45,0,0,0
22/02/2013,01:00,0,0,0
22/02/2013,01:15,0,0,0
22/02/2013,01:30,0,0,0
22/02/2013,01:45,0,0,0
22/02/2013,02:00,0,0,0
22/02/2013,02:15,0,0,0
22/02/2013,02:30,0,0,0
22/02/2013,02:45,0,0,0
22/02/2013,03:00,0,0,0
22/02/2013,03:15,0,0,0
22/02/2013,03:30,0,0,0
22/02/2013,03:45,0,0,0
22/02/2013,04:00,1,1,0
22/02/2013,04:15,2,2,0
22/02/2013,04:30,1,0,1
22/02/2013,04:45,0,0,0
22/02/2013,05:00,1,1,0
22/02/2013,05:15,2,2,0
22/02/2013,05:30,7,3,4
22/02/2013,05:45,5,4,1
22/02/2013,06:00,4,3,1
22/02/2013,06:15,2,0,2
22/02/2013,06:30,9,5,4
22/02/2013,06:45,10,3,7
22/02/2013,07:00,7,4,3
22/02/2013,07:15,21,12,9
22/02/2013,07:30,10,6,4
22/02/2013,07:45,7,3,4
22/02/2013,08:00,13,5,8
22/02/2013,08:15,6,0,6
22/02/2013,08:30,12,5,7
22/02/2013,08:45,7,7,0
22/02/2013,09:00,7,4,3
22/02/2013,09:15,3,2,1
22/02/2013,09:30,10,7,3
22/02/2013,09:45,5,4,1
22/02/2013,10:00,3,2,1
22/02/2013,10:15,2,1,1
22/02/2013,10:30,3,0,3
22/02/2013,10:45,3,1,2
22/02/2013,11:00,9,3,6
22/02/2013,11:15,1,0,1
22/02/2013,11:30,6,2,4
22/02/2013,11:45,0,0,0
22/02/2013,12:00,6,1,5
22/02/2013,12:15,3,0,3
22/02/2013,12:30,3,1,2
22/02/2013,12:45,5,1,4
22/02/2013,13:00,3,0,3
22/02/2013,13:15,4,3,1
22/02/2013,13:30,3,0,3
22/02/2013,13:45,5,2,3
22/02/2013,14:00,3,1,2
22/02/2013,14:15,2,1,1
22/02/2013,14:30,3,2,1
22/02/2013,14:45,5,1,4
22/02/2013,15:00,2,0,2
22/02/2013,15:15,0,0,0
22/02/2013,15:30,3,0,3
22/02/2013,15:45,5,3,2
22/02/2013,16:00,10,7,3
22/02/2013,16:15,7,3,4
22/02/2013,16:30,8,4,4
22/02/2013,16:45,5,2,3
22/02/2013,17:00,7,1,6
22/02/2013,17:15,8,5,3
22/02/2013,17:30,5,2,3
22/02/2013,17:45,13,6,7
22/02/2013,18:00,11,7,4
22/02/2013,18:15,7,4,3
22/02/2013,18:30,1,0,1
22/02/2013,18:45,5,2,3
22/02/2013,19:00,1,1,0
22/02/2013,19:15,4,2,2
22/02/2013,19:30,2,2,0
22/02/2013,19:45,1,0,1
22/02/2013,20:00,2,1,1
22/02/2013,20:15,1,0,1
22/02/2013,20:30,1,0,1
22/02/2013,20:45,2,2,0
22/02/2013,21:00,1,0,1
22/02/2013,21:15,1,0,1
22/02/2013,21:30,2,0,2
22/02/2013,21:45,1,1,0
22/02/2013,22:00,0,0,0
22/02/2013,22:15,0,0,0
22/02/2013,22:30,0,0,0
22/02/2013,22:45,0,0,0
22/02/2013,23:00,1,0,1
22/02/2013,23:15,0,0,0
22/02/2013,23:30,0,0,0
22/02/2013,23:45,1,1,0
23/02/2013,00:00,1,0,1
23/02/2013,00:15,0,0,0
23/02/2013,00:30,0,0,0
23/02/2013,00:45,1,0,1
23/02/2013,01:00,0,0,0
23/02/2013,01:15,0,0,0
23/02/2013,01:30,1,1,0
23/02/2013,01:45,2,1,1
23/02/2013,02:00,0,0,0
23/02/2013,02:15,0,0,0
23/02/2013,02:30,0,0,0
23/02/2013,02:45,0,0,0
23/02/2013,03:00,1,1,0
23/02/2013,03:15,0,0,0
23/02/2013,03:30,0,0,0
23/02/2013,03:45,0,0,0
23/02/2013,04:00,0,0,0
23/02/2013,04:15,0,0,0
23/02/2013,04:30,0,0,0
23/02/2013,04:45,0,0,0
23/02/2013,05:00,0,0,0
23/02/2013,05:15,1,1,0
23/02/2013,05:30,0,0,0
23/02/2013,05:45,0,0,0
23/02/2013,06:00,1,1,0
23/02/2013,06:15,0,0,0
23/02/2013,06:30,4,2,2
23/02/2013,06:45,2,2,0
23/02/2013,07:00,9,7,2
23/02/2013,07:15,7,4,3
23/02/2013,07:30,4,3,1
23/02/2013,07:45,5,4,1
23/02/2013,08:00,6,5,1
23/02/2013,08:15,6,6,0
23/02/2013,08:30,5,3,2
23/02/2013,08:45,3,3,0
23/02/2013,09:00,10,4,6
23/02/2013,09:15,7,3,4
23/02/2013,09:30,7,4,3
23/02/2013,09:45,8,4,4
23/02/2013,10:00,4,1,3
23/02/2013,10:15,6,1,5
23/02/2013,10:30,7,5,2
23/02/2013,10:45,4,2,2
23/02/2013,11:00,7,3,4
23/02/2013,11:15,8,2,6
23/02/2013,11:30,5,3,2
23/02/2013,11:45,1,0,1
23/02/2013,12:00,3,2,1
23/02/2013,12:15,10,4,6
23/02/2013,12:30,4,2,2
23/02/2013,12:45,1,0,1
23/02/2013,13:00,4,1,3
23/02/2013,13:15,4,2,2
23/02/2013,13:30,5,2,3
23/02/2013,13:45,6,3,3
23/02/2013,14:00,1,0,1
23/02/2013,14:15,3,0,3
23/02/2013,14:30,6,3,3
23/02/2013,14:45,6,1,5
23/02/2013,15:00,12,9,3
23/02/2013,15:15,6,2,4
23/02/2013,15:30,5,3,2
23/02/2013,15:45,5,1,4
23/02/2013,16:00,17,8,9
23/02/2013,16:15,11,6,5
23/02/2013,16:30,14,4,10
23/02/2013,16:45,11,5,6
23/02/2013,17:00,15,6,9
23/02/2013,17:15,6,2,4
23/02/2013,17:30,2,0,2
23/02/2013,17:45,4,2,2
23/02/2013,18:00,2,1,1
23/02/2013,18:15,4,1,3
23/02/2013,18:30,2,1,1
23/02/2013,18:45,2,2,0
23/02/2013,19:00,1,1,0
23/02/2013,19:15,0,0,0
23/02/2013,19:30,1,0,1
23/02/2013,19:45,0,0,0
23/02/2013,20:00,2,1,1
23/02/2013,20:15,2,0,2
23/02/2013,20:30,1,0,1
23/02/2013,20:45,0,0,0
23/02/2013,21:00,1,0,1
23/02/2013,21:15,2,2,0
23/02/2013,21:30,1,0,1
23/02/2013,21:45,1,1,0
23/02/2013,22:00,1,0,1
23/02/2013,22:15,3,2,1
23/02/2013,22:30,3,1,2
23/02/2013,22:45,0,0,0
23/02/2013,23:00,0,0,0
23/02/2013,23:15,0,0,0
23/02/2013,23:30,0,0,0
23/02/2013,23:45,0,0,0
24/02/2013,00:00,0,0,0
24/02/2013,00:15,2,0,2
24/02/2013,00:30,0,0,0
24/02/2013,00:45,0,0,0
24/02/2013,01:00,2,1,1
24/02/2013,01:15,0,0,0
24/02/2013,01:30,0,0,0
24/02/2013,01:45,2,1,1
24/02/2013,02:00,0,0,0
24/02/2013,02:15,0,0,0
24/02/2013,02:30,0,0,0
24/02/2013,02:45,0,0,0
24/02/2013,03:00,0,0,0
24/02/2013,03:15,0,0,0
24/02/2013,03:30,0,0,0
24/02/2013,03:45,0,0,0
24/02/2013,04:00,1,1,0
24/02/2013,04:15,0,0,0
24/02/2013,04:30,1,0,1
24/02/2013,04:45,2,1,1
24/02/2013,05:00,0,0,0
24/02/2013,05:15,0,0,0
24/02/2013,05:30,1,1,0
24/02/2013,05:45,1,0,1
24/02/2013,06:00,0,0,0
24/02/2013,06:15,0,0,0
24/02/2013,06:30,1,0,1
24/02/2013,06:45,1,1,0
24/02/2013,07:00,7,6,1
24/02/2013,07:15,6,3,3
24/02/2013,07:30,8,3,5
24/02/2013,07:45,7,4,3
24/02/2013,08:00,5,1,4
24/02/2013,08:15,8,4,4
24/02/2013,08:30,12,9,3
24/02/2013,08:45,9,7,2
24/02/2013,09:00,14,8,6
24/02/2013,09:15,8,4,4
24/02/2013,09:30,23,11,12
24/02/2013,09:45,25,19,6
24/02/2013,10:00,25,14,11
24/02/2013,10:15,29,18,11
24/02/2013,10:30,20,13,7
24/02/2013,10:45,24,20,4
24/02/2013,11:00,38,22,16
24/02/2013,11:15,27,10,17
24/02/2013,11:30,29,12,17
24/02/2013,11:45,35,22,13
24/02/2013,12:00,48,26,22
24/02/2013,12:15,33,15,18
24/02/2013,12:30,34,11,23
24/02/2013,12:45,34,15,19
24/02/2013,13:00,44,19,25
24/02/2013,13:15,30,11,19
24/02/2013,13:30,35,17,18
24/02/2013,13:45,34,25,9
24/02/2013,14:00,33,12,21
24/02/2013,14:15,51,14,37
24/02/2013,14:30,37,22,15
24/02/2013,14:45,45,22,23
24/02/2013,15:00,44,16,28
24/02/2013,15:15,51,13,38
24/02/2013,15:30,31,15,16
24/02/2013,15:45,51,30,21
24/02/2013,16:00,44,20,24
24/02/2013,16:15,34,19,15
24/02/2013,16:30,45,30,15
24/02/2013,16:45,27,12,15
24/02/2013,17:00,16,6,10
24/02/2013,17:15,30,17,13
24/02/2013,17:30,16,7,9
24/02/2013,17:45,8,6,2
24/02/2013,18:00,8,3,5
24/02/2013,18:15,5,4,1
24/02/2013,18:30,4,3,1
24/02/2013,18:45,7,3,4
24/02/2013,19:00,3,1,2
24/02/2013,19:15,0,0,0
24/02/2013,19:30,1,1,0
24/02/2013,19:45,0,0,0
24/02/2013,20:00,2,0,2
24/02/2013,20:15,0,0,0
24/02/2013,20:30,1,1,0
24/02/2013,20:45,2,1,1
24/02/2013,21:00,2,1,1
24/02/2013,21:15,1,0,1
24/02/2013,21:30,1,1,0
24/02/2013,21:45,0,0,0
24/02/2013,22:00,1,1,0
24/02/2013,22:15,0,0,0
24/02/2013,22:30,0,0,0
24/02/2013,22:45,1,0,1
24/02/2013,23:00,1,0,1
24/02/2013,23:15,0,0,0
24/02/2013,23:30,0,0,0
24/02/2013,23:45,0,0,0
25/02/2013,00:00,0,0,0
25/02/2013,00:15,0,0,0
25/02/2013,00:30,1,0,1
25/02/2013,00:45,1,1,0
25/02/2013,01:00,0,0,0
25/02/2013,01:15,0,0,0
25/02/2013,01:30,0,0,0
25/02/2013,01:45,1,1,0
25/02/2013,02:00,0,0,0
25/02/2013,02:15,1,0,1
25/02/2013,02:30,0,0,0
25/02/2013,02:45,,,
25/02/2013,03:00,,,
25/02/2013,03:15,,,
25/02/2013,03:30,,,
25/02/2013,03:45,,,
25/02/2013,04:00,,,
25/02/2013,04:15,,,
25/02/2013,04:30,,,
25/02/2013,04:45,,,
25/02/2013,05:00,,,
25/02/2013,05:15,,,
25/02/2013,05:30,,,
25/02/2013,05:45,,,
25/02/2013,06:00,,,
25/02/2013,06:15,,,
25/02/2013,06:30,,,
25/02/2013,06:45,,,
25/02/2013,07:00,,,
25/02/2013,07:15,,,
25/02/2013,07:30,,,
25/02/2013,07:45,,,
25/02/2013,08:00,,,
25/02/2013,08:15,,,
25/02/2013,08:30,,,
25/02/2013,08:45,,,
25/02/2013,09:00,,,
25/02/2013,09:15,,,
25/02/2013,09:30,,,
25/02/2013,09:45,,,
25/02/2013,10:00,,,
25/02/2013,10:15,,,
25/02/2013,10:30,,,
25/02/2013,10:45,,,
25/02/2013,11:00,,,
25/02/2013,11:15,,,
25/02/2013,11:30,,,
25/02/2013,11:45,,,
25/02/2013,12:00,,,
25/02/2013,12:15,,,
25/02/2013,12:30,,,
25/02/2013,12:45,,,
25/02/2013,13:00,,,
25/02/2013,13:15,,,
25/02/2013,13:30,,,
25/02/2013,13:45,,,
25/02/2013,14:00,,,
25/02/2013,14:15,,,
25/02/2013,14:30,,,
25/02/2013,14:45,,,
25/02/2013,15:00,,,
25/02/2013,15:15,,,
25/02/2013,15:30,,,
25/02/2013,15:45,,,
25/02/2013,16:00,,,
25/02/2013,16:15,,,
25/02/2013,16:30,,,
25/02/2013,16:45,,,
25/02/2013,17:00,,,
25/02/2013,17:15,,,
25/02/2013,17:30,,,
25/02/2013,17:45,,,
25/02/2013,18:00,,,
25/02/2013,18:15,,,
25/02/2013,18:30,,,
25/02/2013,18:45,,,
25/02/2013,19:00,,,
25/02/2013,19:15,,,
25/02/2013,19:30,,,
25/02/2013,19:45,,,
25/02/2013,20:00,,,
25/02/2013,20:15,,,
25/02/2013,20:30,,,
25/02/2013,20:45,,,
25/02/2013,21:00,,,
25/02/2013,21:15,,,
25/02/2013,21:30,,,
25/02/2013,21:45,,,
25/02/2013,22:00,,,
25/02/2013,22:15,,,
25/02/2013,22:30,,,
25/02/2013,22:45,,,
25/02/2013,23:00,,,
25/02/2013,23:15,,,
25/02/2013,23:30,,,
25/02/2013,23:45,,,
26/02/2013,00:00,,,
26/02/2013,00:15,,,
26/02/2013,00:30,,,
26/02/2013,00:45,,,
26/02/2013,01:00,,,
26/02/2013,01:15,,,
26/02/2013,01:30,,,
26/02/2013,01:45,,,
26/02/2013,02:00,,,
26/02/2013,02:15,,,
26/02/2013,02:30,,,
26/02/2013,02:45,2,1,1
26/02/2013,03:00,0,0,0
26/02/2013,03:15,0,0,0
26/02/2013,03:30,1,1,0
26/02/2013,03:45,1,1,0
26/02/2013,04:00,1,1,0
26/02/2013,04:15,1,1,0
26/02/2013,04:30,2,0,2
26/02/2013,04:45,0,0,0
26/02/2013,05:00,2,2,0
26/02/2013,05:15,5,4,1
26/02/2013,05:30,4,1,3
26/02/2013,05:45,9,5,4
26/02/2013,06:00,5,2,3
26/02/2013,06:15,5,3,2
26/02/2013,06:30,8,4,4
26/02/2013,06:45,8,5,3
26/02/2013,07:00,9,2,7
26/02/2013,07:15,16,9,7
26/02/2013,07:30,17,6,11
26/02/2013,07:45,20,8,12
26/02/2013,08:00,5,2,3
26/02/2013,08:15,9,7,2
26/02/2013,08:30,3,2,1
26/02/2013,08:45,9,4,5
26/02/2013,09:00,7,2,5
26/02/2013,09:15,11,6,5
26/02/2013,09:30,5,3,2
26/02/2013,09:45,3,2,1
26/02/2013,10:00,5,3,2
26/02/2013,10:15,10,6,4
26/02/2013,10:30,5,3,2
26/02/2013,10:45,8,2,6
26/02/2013,11:00,4,3,1
26/02/2013,11:15,11,4,7
26/02/2013,11:30,3,1,2
26/02/2013,11:45,1,1,0
26/02/2013,12:00,6,3,3
26/02/2013,12:15,3,2,1
26/02/2013,12:30,4,0,4
26/02/2013,12:45,1,1,0
26/02/2013,13:00,4,1,3
26/02/2013,13:15,4,2,2
26/02/2013,13:30,5,1,4
26/02/2013,13:45,1,0,1
26/02/2013,14:00,3,1,2
26/02/2013,14:15,2,1,1
26/02/2013,14:30,3,2,1
26/02/2013,14:45,3,1,2
26/02/2013,15:00,5,2,3
26/02/2013,15:15,3,1,2
26/02/2013,15:30,4,4,0
26/02/2013,15:45,5,4,1
26/02/2013,16:00,0,0,0
26/02/2013,16:15,6,5,1
26/02/2013,16:30,3,3,0
26/02/2013,16:45,6,6,0
26/02/2013,17:00,3,3,0
26/02/2013,17:15,4,2,2
26/02/2013,17:30,6,5,1
26/02/2013,17:45,9,8,1
26/02/2013,18:00,8,7,1
26/02/2013,18:15,4,3,1
26/02/2013,18:30,1,1,0
26/02/2013,18:45,2,1,1
26/02/2013,19:00,2,1,1
26/02/2013,19:15,3,2,1
26/02/2013,19:30,1,1,0
26/02/2013,19:45,1,1,0
26/02/2013,20:00,2,2,0
26/02/2013,20:15,0,0,0
26/02/2013,20:30,1,0,1
26/02/2013,20:45,1,0,1
26/02/2013,21:00,0,0,0
26/02/2013,21:15,0,0,0
26/02/2013,21:30,1,1,0
26/02/2013,21:45,0,0,0
26/02/2013,22:00,1,1,0
26/02/2013,22:15,0,0,0
26/02/2013,22:30,0,0,0
26/02/2013,22:45,0,0,0
26/02/2013,23:00,0,0,0
26/02/2013,23:15,0,0,0
26/02/2013,23:30,2,2,0
26/02/2013,23:45,0,0,0
27/02/2013,00:00,0,0,0
27/02/2013,00:15,0,0,0
27/02/2013,00:30,1,0,1
27/02/2013,00:45,0,0,0
27/02/2013,01:00,0,0,0
27/02/2013,01:15,0,0,0
27/02/2013,01:30,0,0,0
27/02/2013,01:45,0,0,0
27/02/2013,02:00,0,0,0
27/02/2013,02:15,0,0,0
27/02/2013,02:30,0,0,0
27/02/2013,02:45,2,1,1
27/02/2013,03:00,0,0,0
27/02/2013,03:15,1,1,0
27/02/2013,03:30,1,0,1
27/02/2013,03:45,1,1,0
27/02/2013,04:00,2,1,1
27/02/2013,04:15,0,0,0
27/02/2013,04:30,1,1,0
27/02/2013,04:45,2,2,0
27/02/2013,05:00,2,1,1
27/02/2013,05:15,5,3,2
27/02/2013,05:30,3,1,2
27/02/2013,05:45,5,4,1
27/02/2013,06:00,3,1,2
27/02/2013,06:15,5,2,3
27/02/2013,06:30,12,7,5
27/02/2013,06:45,16,4,12
27/02/2013,07:00,23,5,18
27/02/2013,07:15,19,6,13
27/02/2013,07:30,23,10,13
27/02/2013,07:45,27,9,18
27/02/2013,08:00,13,6,7
27/02/2013,08:15,15,3,12
27/02/2013,08:30,10,4,6
27/02/2013,08:45,9,3,6
27/02/2013,09:00,12,5,7
27/02/2013,09:15,10,4,6
27/02/2013,09:30,4,3,1
27/02/2013,09:45,8,4,4
27/02/2013,10:00,9,4,5
27/02/2013,10:15,8,4,4
27/02/2013,10:30,8,5,3
27/02/2013,10:45,5,2,3
27/02/2013,11:00,6,2,4
27/02/2013,11:15,9,6,3
27/02/2013,11:30,13,8,5
27/02/2013,11:45,17,9,8
27/02/2013,12:00,18,9,9
27/02/2013,12:15,11,4,7
27/02/2013,12:30,9,3,6
27/02/2013,12:45,10,2,8
27/02/2013,13:00,3,2,1
27/02/2013,13:15,12,6,6
27/02/2013,13:30,14,6,8
27/02/2013,13:45,11,4,7
27/02/2013,14:00,16,10,6
27/02/2013,14:15,11,4,7
27/02/2013,14:30,20,8,12
27/02/2013,14:45,10,4,6
27/02/2013,15:00,13,7,6
27/02/2013,15:15,11,7,4
27/02/2013,15:30,17,11,6
27/02/2013,15:45,10,4,6
27/02/2013,16:00,20,8,12
27/02/2013,16:15,23,10,13
27/02/2013,16:30,30,15,15
27/02/2013,16:45,27,14,13
27/02/2013,17:00,25,13,12
27/02/2013,17:15,27,19,8
27/02/2013,17:30,31,16,15
27/02/2013,17:45,29,16,13
27/02/2013,18:00,30,13,17
27/02/2013,18:15,40,24,16
27/02/2013,18:30,10,8,2
27/02/2013,18:45,21,12,9
27/02/2013,19:00,7,4,3
27/02/2013,19:15,6,5,1
27/02/2013,19:30,4,2,2
27/02/2013,19:45,3,3,0
27/02/2013,20:00,2,1,1
27/02/2013,20:15,5,3,2
27/02/2013,20:30,4,2,2
27/02/2013,20:45,3,0,3
27/02/2013,21:00,3,0,3
27/02/2013,21:15,2,1,1
27/02/2013,21:30,0,0,0
27/02/2013,21:45,4,2,2
27/02/2013,22:00,1,0,1
27/02/2013,22:15,1,0,1
27/02/2013,22:30,0,0,0
27/02/2013,22:45,2,1,1
27/02/2013,23:00,1,1,0
27/02/2013,23:15,2,0,2
27/02/2013,23:30,0,0,0
27/02/2013,23:45,1,1,0
28/02/2013,00:00,0,0,0
28/02/2013,00:15,0,0,0
28/02/2013,00:30,0,0,0
28/02/2013,00:45,0,0,0
28/02/2013,01:00,2,2,0
28/02/2013,01:15,0,0,0
28/02/2013,01:30,0,0,0
28/02/2013,01:45,0,0,0
28/02/2013,02:00,1,1,0
28/02/2013,02:15,1,0,1
28/02/2013,02:30,0,0,0
28/02/2013,02:45,2,1,1
28/02/2013,03:00,0,0,0
28/02/2013,03:15,0,0,0
28/02/2013,03:30,1,1,0
28/02/2013,03:45,1,1,0
28/02/2013,04:00,1,1,0
28/02/2013,04:15,0,0,0
28/02/2013,04:30,0,0,0
28/02/2013,04:45,0,0,0
28/02/2013,05:00,0,0,0
28/02/2013,05:15,1,1,0
28/02/2013,05:30,2,0,2
28/02/2013,05:45,10,7,3
28/02/2013,06:00,3,2,1
28/02/2013,06:15,14,7,7
28/02/2013,06:30,9,6,3
28/02/2013,06:45,15,7,8
28/02/2013,07:00,13,5,8
28/02/2013,07:15,20,9,11
28/02/2013,07:30,12,5,7
28/02/2013,07:45,22,8,14
28/02/2013,08:00,18,5,13
28/02/2013,08:15,9,5,4
28/02/2013,08:30,13,4,9
28/02/2013,08:45,20,12,8
28/02/2013,09:00,13,6,7
28/02/2013,09:15,7,6,1
28/02/2013,09:30,6,3,3
28/02/2013,09:45,5,4,1
28/02/2013,10:00,4,1,3
28/02/2013,10:15,6,1,5
28/02/2013,10:30,8,3,5
28/02/2013,10:45,3,1,2
28/02/2013,11:00,5,2,3
28/02/2013,11:15,10,5,5
28/02/2013,11:30,7,1,6
28/02/2013,11:45,8,2,6
28/02/2013,12:00,4,0,4
28/02/2013,12:15,11,4,7
28/02/2013,12:30,6,3,3
28/02/2013,12:45,10,3,7
28/02/2013,13:00,7,4,3
28/02/2013,13:15,5,2,3
28/02/2013,13:30,7,1,6
28/02/2013,13:45,8,4,4
28/02/2013,14:00,12,10,2
28/02/2013,14:15,6,2,4
28/02/2013,14:30,6,3,3
28/02/2013,14:45,5,2,3
28/02/2013,15:00,12,4,8
28/02/2013,15:15,9,3,6
28/02/2013,15:30,12,8,4
28/02/2013,15:45,11,3,8
28/02/2013,16:00,11,7,4
28/02/2013,16:15,12,5,7
28/02/2013,16:30,11,4,7
28/02/2013,16:45,20,7,13
28/02/2013,17:00,18,5,13
28/02/2013,17:15,19,10,9
28/02/2013,17:30,18,11,7
28/02/2013,17:45,21,12,9
28/02/2013,18:00,25,19,6
28/02/2013,18:15,22,9,13
28/02/2013,18:30,12,5,7
28/02/2013,18:45,13,5,8
28/02/2013,19:00,8,4,4
28/02/2013,19:15,3,1,2
28/02/2013,19:30,5,4,1
28/02/2013,19:45,5,2,3
28/02/2013,20:00,4,2,2
28/02/2013,20:15,2,1,1
28/02/2013,20:30,4,3,1
28/02/2013,20:45,2,2,0
28/02/2013,21:00,0,0,0
28/02/2013,21:15,2,2,0
28/02/2013,21:30,0,0,0
28/02/2013,21:45,2,1,1
28/02/2013,22:00,1,1,0
28/02/2013,22:15,0,0,0
28/02/2013,22:30,1,0,1
28/02/2013,22:45,1,1,0
28/02/2013,23:00,0,0,0
28/02/2013,23:15,0,0,0
28/02/2013,23:30,0,0,0
28/02/2013,23:45,1,1,0
01/03/2013,00:00,0,0,0
01/03/2013,00:15,0,0,0
01/03/2013,00:30,0,0,0
01/03/2013,00:45,0,0,0
01/03/2013,01:00,0,0,0
01/03/2013,01:15,1,1,0
01/03/2013,01:30,0,0,0
01/03/2013,01:45,0,0,0
01/03/2013,02:00,0,0,0
01/03/2013,02:15,0,0,0
01/03/2013,02:30,0,0,0
01/03/2013,02:45,2,1,1
01/03/2013,03:00,0,0,0
01/03/2013,03:15,0,0,0
01/03/2013,03:30,0,0,0
01/03/2013,03:45,1,1,0
01/03/2013,04:00,1,0,1
01/03/2013,04:15,0,0,0
01/03/2013,04:30,0,0,0
01/03/2013,04:45,1,0,1
01/03/2013,05:00,1,1,0
01/03/2013,05:15,2,1,1
01/03/2013,05:30,2,0,2
01/03/2013,05:45,13,7,6
01/03/2013,06:00,8,4,4
01/03/2013,06:15,3,3,0
01/03/2013,06:30,7,4,3
01/03/2013,06:45,11,4,7
01/03/2013,07:00,15,7,8
01/03/2013,07:15,15,5,10
01/03/2013,07:30,18,5,13
01/03/2013,07:45,16,5,11
01/03/2013,08:00,14,2,12
01/03/2013,08:15,18,4,14
01/03/2013,08:30,14,6,8
01/03/2013,08:45,14,5,9
01/03/2013,09:00,8,4,4
01/03/2013,09:15,8,3,5
01/03/2013,09:30,10,4,6
01/03/2013,09:45,8,4,4
01/03/2013,10:00,1,0,1
01/03/2013,10:15,7,1,6
01/03/2013,10:30,1,1,0
01/03/2013,10:45,7,2,5
01/03/2013,11:00,10,1,9
01/03/2013,11:15,6,3,3
01/03/2013,11:30,8,4,4
01/03/2013,11:45,8,0,8
01/03/2013,12:00,4,1,3
01/03/2013,12:15,17,8,9
01/03/2013,12:30,1,0,1
01/03/2013,12:45,9,3,6
01/03/2013,13:00,12,5,7
01/03/2013,13:15,3,2,1
01/03/2013,13:30,9,3,6
01/03/2013,13:45,9,3,6
01/03/2013,14:00,10,6,4
01/03/2013,14:15,5,0,5
01/03/2013,14:30,9,4,5
01/03/2013,14:45,8,5,3
01/03/2013,15:00,8,2,6
01/03/2013,15:15,9,6,3
01/03/2013,15:30,8,3,5
01/03/2013,15:45,9,6,3
01/03/2013,16:00,19,8,11
01/03/2013,16:15,10,5,5
01/03/2013,16:30,11,6,5
01/03/2013,16:45,11,5,6
01/03/2013,17:00,18,6,12
01/03/2013,17:15,20,12,8
01/03/2013,17:30,12,6,6
01/03/2013,17:45,15,7,8
01/03/2013,18:00,13,8,5
01/03/2013,18:15,9,9,0
01/03/2013,18:30,8,4,4
01/03/2013,18:45,6,2,4
01/03/2013,19:00,5,4,1
01/03/2013,19:15,3,3,0
01/03/2013,19:30,2,0,2
01/03/2013,19:45,3,1,2
01/03/2013,20:00,0,0,0
01/03/2013,20:15,5,2,3
01/03/2013,20:30,3,1,2
01/03/2013,20:45,0,0,0
01/03/2013,21:00,3,2,1
01/03/2013,21:15,1,0,1
01/03/2013,21:30,2,1,1
01/03/2013,21:45,0,0,0
01/03/2013,22:00,3,2,1
01/03/2013,22:15,1,1,0
01/03/2013,22:30,2,0,2
01/03/2013,22:45,0,0,0
01/03/2013,23:00,1,1,0
01/03/2013,23:15,0,0,0
01/03/2013,23:30,1,0,1
01/03/2013,23:45,1,1,0
02/03/2013,00:00,1,1,0
02/03/2013,00:15,0,0,0
02/03/2013,00:30,0,0,0
02/03/2013,00:45,1,0,1
02/03/2013,01:00,0,0,0
02/03/2013,01:15,2,1,1
02/03/2013,01:30,1,0,1
02/03/2013,01:45,0,0,0
02/03/2013,02:00,0,0,0
02/03/2013,02:15,0,0,0
02/03/2013,02:30,0,0,0
02/03/2013,02:45,2,1,1
02/03/2013,03:00,0,0,0
02/03/2013,03:15,0,0,0
02/03/2013,03:30,0,0,0
02/03/2013,03:45,0,0,0
02/03/2013,04:00,0,0,0
02/03/2013,04:15,0,0,0
02/03/2013,04:30,0,0,0
02/03/2013,04:45,0,0,0
02/03/2013,05:00,1,1,0
02/03/2013,05:15,1,1,0
02/03/2013,05:30,0,0,0
02/03/2013,05:45,0,0,0
02/03/2013,06:00,4,4,0
02/03/2013,06:15,2,1,1
02/03/2013,06:30,1,1,0
02/03/2013,06:45,7,7,0
02/03/2013,07:00,5,5,0
02/03/2013,07:15,9,7,2
02/03/2013,07:30,9,6,3
02/03/2013,07:45,7,6,1
02/03/2013,08:00,9,6,3
02/03/2013,08:15,5,3,2
02/03/2013,08:30,21,12,9
02/03/2013,08:45,10,7,3
02/03/2013,09:00,11,9,2
02/03/2013,09:15,15,6,9
02/03/2013,09:30,8,4,4
02/03/2013,09:45,18,6,12
02/03/2013,10:00,21,12,9
02/03/2013,10:15,25,8,17
02/03/2013,10:30,18,11,7
02/03/2013,10:45,16,9,7
02/03/2013,11:00,12,4,8
02/03/2013,11:15,11,7,4
02/03/2013,11:30,15,6,9
02/03/2013,11:45,22,8,14
02/03/2013,12:00,19,6,13
02/03/2013,12:15,15,6,9
02/03/2013,12:30,15,5,10
02/03/2013,12:45,7,3,4
02/03/2013,13:00,17,6,11
02/03/2013,13:15,10,4,6
02/03/2013,13:30,7,3,4
02/03/2013,13:45,10,4,6
02/03/2013,14:00,7,3,4
02/03/2013,14:15,7,2,5
02/03/2013,14:30,13,3,10
02/03/2013,14:45,12,6,6
02/03/2013,15:00,14,5,9
02/03/2013,15:15,11,2,9
02/03/2013,15:30,8,7,1
02/03/2013,15:45,14,5,9
02/03/2013,16:00,12,6,6
02/03/2013,16:15,19,8,11
02/03/2013,16:30,9,5,4
02/03/2013,16:45,7,5,2
02/03/2013,17:00,5,1,4
02/03/2013,17:15,9,8,1
02/03/2013,17:30,8,5,3
02/03/2013,17:45,5,0,5
02/03/2013,18:00,5,1,4
02/03/2013,18:15,5,2,3
02/03/2013,18:30,1,0,1
02/03/2013,18:45,3,3,0
02/03/2013,19:00,3,3,0
02/03/2013,19:15,4,1,3
02/03/2013,19:30,1,0,1
02/03/2013,19:45,1,1,0
02/03/2013,20:00,2,1,1
02/03/2013,20:15,0,0,0
02/03/2013,20:30,1,0,1
02/03/2013,20:45,2,1,1
02/03/2013,21:00,0,0,0
02/03/2013,21:15,0,0,0
02/03/2013,21:30,0,0,0
02/03/2013,21:45,0,0,0
02/03/2013,22:00,0,0,0
02/03/2013,22:15,1,1,0
02/03/2013,22:30,2,2,0
02/03/2013,22:45,0,0,0
02/03/2013,23:00,1,0,1
02/03/2013,23:15,0,0,0
02/03/2013,23:30,0,0,0
02/03/2013,23:45,2,1,1
03/03/2013,00:00,0,0,0
03/03/2013,00:15,1,1,0
03/03/2013,00:30,0,0,0
03/03/2013,00:45,1,0,1
03/03/2013,01:00,0,0,0
03/03/2013,01:15,1,1,0
03/03/2013,01:30,0,0,0
03/03/2013,01:45,2,0,2
03/03/2013,02:00,0,0,0
03/03/2013,02:15,0,0,0
03/03/2013,02:30,0,0,0
03/03/2013,02:45,2,1,1
03/03/2013,03:00,0,0,0
03/03/2013,03:15,0,0,0
03/03/2013,03:30,0,0,0
03/03/2013,03:45,1,1,0
03/03/2013,04:00,0,0,0
03/03/2013,04:15,0,0,0
03/03/2013,04:30,0,0,0
03/03/2013,04:45,0,0,0
03/03/2013,05:00,1,0,1
03/03/2013,05:15,1,1,0
03/03/2013,05:30,0,0,0
03/03/2013,05:45,0,0,0
03/03/2013,06:00,1,1,0
03/03/2013,06:15,1,1,0
03/03/2013,06:30,3,1,2
03/03/2013,06:45,2,0,2
03/03/2013,07:00,2,2,0
03/03/2013,07:15,5,3,2
03/03/2013,07:30,2,0,2
03/03/2013,07:45,5,2,3
03/03/2013,08:00,9,6,3
03/03/2013,08:15,4,1,3
03/03/2013,08:30,4,1,3
03/03/2013,08:45,10,4,6
03/03/2013,09:00,13,8,5
03/03/2013,09:15,15,10,5
03/03/2013,09:30,7,5,2
03/03/2013,09:45,7,3,4
03/03/2013,10:00,8,4,4
03/03/2013,10:15,16,9,7
03/03/2013,10:30,13,5,8
03/03/2013,10:45,16,4,12
03/03/2013,11:00,9,3,6
03/03/2013,11:15,14,5,9
03/03/2013,11:30,14,7,7
03/03/2013,11:45,11,6,5
03/03/2013,12:00,11,7,4
03/03/2013,12:15,13,7,6
03/03/2013,12:30,12,7,5
03/03/2013,12:45,13,7,6
03/03/2013,13:00,12,7,5
03/03/2013,13:15,14,7,7
03/03/2013,13:30,11,4,7
03/03/2013,13:45,17,9,8
03/03/2013,14:00,8,7,1
03/03/2013,14:15,18,10,8
03/03/2013,14:30,19,10,9
03/03/2013,14:45,14,4,10
03/03/2013,15:00,17,6,11
03/03/2013,15:15,10,4,6
03/03/2013,15:30,11,6,5
03/03/2013,15:45,20,8,12
03/03/2013,16:00,11,2,9
03/03/2013,16:15,11,5,6
03/03/2013,16:30,7,4,3
03/03/2013,16:45,20,8,12
03/03/2013,17:00,8,5,3
03/03/2013,17:15,4,3,1
03/03/2013,17:30,3,1,2
03/03/2013,17:45,8,4,4
03/03/2013,18:00,4,3,1
03/03/2013,18:15,4,0,4
03/03/2013,18:30,3,3,0
03/03/2013,18:45,5,4,1
03/03/2013,19:00,3,1,2
03/03/2013,19:15,4,3,1
03/03/2013,19:30,1,1,0
03/03/2013,19:45,1,0,1
03/03/2013,20:00,0,0,0
03/03/2013,20:15,3,1,2
03/03/2013,20:30,1,1,0
03/03/2013,20:45,1,1,0
03/03/2013,21:00,1,0,1
03/03/2013,21:15,0,0,0
03/03/2013,21:30,0,0,0
03/03/2013,21:45,1,0,1
03/03/2013,22:00,1,1,0
03/03/2013,22:15,0,0,0
03/03/2013,22:30,0,0,0
03/03/2013,22:45,0,0,0
03/03/2013,23:00,1,0,1
03/03/2013,23:15,1,0,1
03/03/2013,23:30,1,0,1
03/03/2013,23:45,1,1,0
04/03/2013,00:00,1,0,1
04/03/2013,00:15,0,0,0
04/03/2013,00:30,0,0,0
04/03/2013,00:45,0,0,0
04/03/2013,01:00,0,0,0
04/03/2013,01:15,1,0,1
04/03/2013,01:30,0,0,0
04/03/2013,01:45,0,0,0
04/03/2013,02:00,0,0,0
04/03/2013,02:15,0,0,0
04/03/2013,02:30,0,0,0
04/03/2013,02:45,2,1,1
04/03/2013,03:00,0,0,0
04/03/2013,03:15,0,0,0
04/03/2013,03:30,1,1,0
04/03/2013,03:45,1,1,0
04/03/2013,04:00,1,1,0
04/03/2013,04:15,0,0,0
04/03/2013,04:30,1,1,0
04/03/2013,04:45,2,1,1
04/03/2013,05:00,0,0,0
04/03/2013,05:15,3,3,0
04/03/2013,05:30,5,1,4
04/03/2013,05:45,7,4,3
04/03/2013,06:00,4,3,1
04/03/2013,06:15,7,5,2
04/03/2013,06:30,17,4,13
04/03/2013,06:45,16,5,11
04/03/2013,07:00,12,4,8
04/03/2013,07:15,10,3,7
04/03/2013,07:30,17,8,9
04/03/2013,07:45,21,5,16
04/03/2013,08:00,21,9,12
04/03/2013,08:15,11,3,8
04/03/2013,08:30,15,7,8
04/03/2013,08:45,8,5,3
04/03/2013,09:00,12,4,8
04/03/2013,09:15,8,6,2
04/03/2013,09:30,8,4,4
04/03/2013,09:45,4,2,2
04/03/2013,10:00,2,2,0
04/03/2013,10:15,4,3,1
04/03/2013,10:30,3,0,3
04/03/2013,10:45,2,0,2
04/03/2013,11:00,3,3,0
04/03/2013,11:15,1,0,1
04/03/2013,11:30,4,1,3
04/03/2013,11:45,9,4,5
04/03/2013,12:00,3,1,2
04/03/2013,12:15,7,3,4
04/03/2013,12:30,4,1,3
04/03/2013,12:45,3,2,1
04/03/2013,13:00,2,0,2
04/03/2013,13:15,4,1,3
04/03/2013,13:30,2,1,1
04/03/2013,13:45,8,6,2
04/03/2013,14:00,4,3,1
04/03/2013,14:15,8,3,5
04/03/2013,14:30,9,5,4
04/03/2013,14:45,5,3,2
04/03/2013,15:00,1,0,1
04/03/2013,15:15,9,6,3
04/03/2013,15:30,4,2,2
04/03/2013,15:45,8,5,3
04/03/2013,16:00,11,2,9
04/03/2013,16:15,6,3,3
04/03/2013,16:30,11,6,5
04/03/2013,16:45,18,9,9
04/03/2013,17:00,16,7,9
04/03/2013,17:15,20,11,9
04/03/2013,17:30,17,9,8
04/03/2013,17:45,19,11,8
04/03/2013,18:00,16,9,7
04/03/2013,18:15,18,7,11
04/03/2013,18:30,10,8,2
04/03/2013,18:45,17,11,6
04/03/2013,19:00,7,5,2
04/03/2013,19:15,7,4,3
04/03/2013,19:30,2,1,1
04/03/2013,19:45,3,3,0
04/03/2013,20:00,4,3,1
04/03/2013,20:15,7,3,4
04/03/2013,20:30,1,1,0
04/03/2013,20:45,0,0,0
04/03/2013,21:00,3,1,2
04/03/2013,21:15,0,0,0
04/03/2013,21:30,3,1,2
04/03/2013,21:45,4,4,0
04/03/2013,22:00,0,0,0
04/03/2013,22:15,0,0,0
04/03/2013,22:30,0,0,0
04/03/2013,22:45,1,0,1
04/03/2013,23:00,2,2,0
04/03/2013,23:15,1,0,1
04/03/2013,23:30,2,1,1
04/03/2013,23:45,0,0,0
05/03/2013,00:00,2,0,2
05/03/2013,00:15,0,0,0
05/03/2013,00:30,0,0,0
05/03/2013,00:45,1,1,0
05/03/2013,01:00,0,0,0
05/03/2013,01:15,0,0,0
05/03/2013,01:30,1,1,0
05/03/2013,01:45,0,0,0
05/03/2013,02:00,1,1,0
05/03/2013,02:15,0,0,0
05/03/2013,02:30,0,0,0
05/03/2013,02:45,2,1,1
05/03/2013,03:00,0,0,0
05/03/2013,03:15,0,0,0
05/03/2013,03:30,1,1,0
05/03/2013,03:45,2,2,0
05/03/2013,04:00,0,0,0
05/03/2013,04:15,0,0,0
05/03/2013,04:30,1,0,1
05/03/2013,04:45,0,0,0
05/03/2013,05:00,1,1,0
05/03/2013,05:15,4,1,3
05/03/2013,05:30,7,2,5
05/03/2013,05:45,13,8,5
05/03/2013,06:00,9,7,2
05/03/2013,06:15,9,5,4
05/03/2013,06:30,10,6,4
05/03/2013,06:45,7,2,5
05/03/2013,07:00,11,6,5
05/03/2013,07:15,25,13,12
05/03/2013,07:30,20,8,12
05/03/2013,07:45,13,3,10
05/03/2013,08:00,19,8,11
05/03/2013,08:15,10,4,6
05/03/2013,08:30,12,3,9
05/03/2013,08:45,16,13,3
05/03/2013,09:00,8,5,3
05/03/2013,09:15,3,1,2
05/03/2013,09:30,8,6,2
05/03/2013,09:45,7,4,3
05/03/2013,10:00,7,4,3
05/03/2013,10:15,7,6,1
05/03/2013,10:30,8,6,2
05/03/2013,10:45,9,5,4
05/03/2013,11:00,13,8,5
05/03/2013,11:15,7,6,1
05/03/2013,11:30,5,1,4
05/03/2013,11:45,16,12,4
05/03/2013,12:00,18,13,5
05/03/2013,12:15,15,10,5
05/03/2013,12:30,6,4,2
05/03/2013,12:45,10,7,3
05/03/2013,13:00,18,12,6
05/03/2013,13:15,8,5,3
05/03/2013,13:30,10,7,3
05/03/2013,13:45,13,7,6
05/03/2013,14:00,16,14,2
05/03/2013,14:15,1,1,0
05/03/2013,14:30,10,4,6
05/03/2013,14:45,8,2,6
05/03/2013,15:00,12,4,8
05/03/2013,15:15,6,2,4
05/03/2013,15:30,7,6,1
05/03/2013,15:45,10,4,6
05/03/2013,16:00,14,8,6
05/03/2013,16:15,18,8,10
05/03/2013,16:30,14,10,4
05/03/2013,16:45,19,12,7
05/03/2013,17:00,24,11,13
05/03/2013,17:15,20,13,7
05/03/2013,17:30,17,8,9
05/03/2013,17:45,21,11,10
05/03/2013,18:00,13,6,7
05/03/2013,18:15,20,17,3
05/03/2013,18:30,7,5,2
05/03/2013,18:45,4,2,2
05/03/2013,19:00,11,6,5
05/03/2013,19:15,6,5,1
05/03/2013,19:30,8,5,3
05/03/2013,19:45,3,2,1
05/03/2013,20:00,7,3,4
05/03/2013,20:15,3,3,0
05/03/2013,20:30,1,0,1
05/03/2013,20:45,0,0,0
05/03/2013,21:00,2,1,1
05/03/2013,21:15,1,1,0
05/03/2013,21:30,2,1,1
05/03/2013,21:45,2,1,1
05/03/2013,22:00,0,0,0
05/03/2013,22:15,0,0,0
05/03/2013,22:30,0,0,0
05/03/2013,22:45,1,0,1
05/03/2013,23:00,0,0,0
05/03/2013,23:15,0,0,0
05/03/2013,23:30,1,1,0
05/03/2013,23:45,0,0,0
06/03/2013,00:00,0,0,0
06/03/2013,00:15,1,1,0
06/03/2013,00:30,0,0,0
06/03/2013,00:45,0,0,0
06/03/2013,01:00,0,0,0
06/03/2013,01:15,0,0,0
06/03/2013,01:30,0,0,0
06/03/2013,01:45,0,0,0
06/03/2013,02:00,0,0,0
06/03/2013,02:15,0,0,0
06/03/2013,02:30,0,0,0
06/03/2013,02:45,2,1,1
06/03/2013,03:00,0,0,0
06/03/2013,03:15,0,0,0
06/03/2013,03:30,1,1,0
06/03/2013,03:45,2,2,0
06/03/2013,04:00,1,0,1
06/03/2013,04:15,0,0,0
06/03/2013,04:30,0,0,0
06/03/2013,04:45,1,0,1
06/03/2013,05:00,0,0,0
06/03/2013,05:15,2,2,0
06/03/2013,05:30,1,0,1
06/03/2013,05:45,4,2,2
06/03/2013,06:00,1,1,0
06/03/2013,06:15,1,0,1
06/03/2013,06:30,1,1,0
06/03/2013,06:45,1,1,0
06/03/2013,07:00,2,2,0
06/03/2013,07:15,1,1,0
06/03/2013,07:30,4,2,2
06/03/2013,07:45,3,3,0
06/03/2013,08:00,2,1,1
06/03/2013,08:15,3,2,1
06/03/2013,08:30,2,0,2
06/03/2013,08:45,3,3,0
06/03/2013,09:00,1,1,0
06/03/2013,09:15,2,0,2
06/03/2013,09:30,2,1,1
06/03/2013,09:45,1,0,1
06/03/2013,10:00,3,3,0
06/03/2013,10:15,1,1,0
06/03/2013,10:30,1,1,0
06/03/2013,10:45,1,1,0
06/03/2013,11:00,3,2,1
06/03/2013,11:15,2,1,1
06/03/2013,11:30,0,0,0
06/03/2013,11:45,2,1,1
06/03/2013,12:00,0,0,0
06/03/2013,12:15,2,2,0
06/03/2013,12:30,0,0,0
06/03/2013,12:45,3,1,2
06/03/2013,13:00,0,0,0
06/03/2013,13:15,2,1,1
06/03/2013,13:30,2,0,2
06/03/2013,13:45,0,0,0
06/03/2013,14:00,1,1,0
06/03/2013,14:15,4,2,2
06/03/2013,14:30,0,0,0
06/03/2013,14:45,3,2,1
06/03/2013,15:00,5,3,2
06/03/2013,15:15,1,0,1
06/03/2013,15:30,2,1,1
06/03/2013,15:45,3,0,3
06/03/2013,16:00,2,2,0
06/03/2013,16:15,1,0,1
06/03/2013,16:30,2,2,0
06/03/2013,16:45,0,0,0
06/03/2013,17:00,0,0,0
06/03/2013,17:15,1,1,0
06/03/2013,17:30,0,0,0
06/03/2013,17:45,1,0,1
06/03/2013,18:00,0,0,0
06/03/2013,18:15,3,0,3
06/03/2013,18:30,0,0,0
06/03/2013,18:45,0,0,0
06/03/2013,19:00,0,0,0
06/03/2013,19:15,1,0,1
06/03/2013,19:30,0,0,0
06/03/2013,19:45,0,0,0
06/03/2013,20:00,0,0,0
06/03/2013,20:15,0,0,0
06/03/2013,20:30,1,0,1
06/03/2013,20:45,0,0,0
06/03/2013,21:00,0,0,0
06/03/2013,21:15,1,1,0
06/03/2013,21:30,1,0,1
06/03/2013,21:45,0,0,0
06/03/2013,22:00,0,0,0
06/03/2013,22:15,2,1,1
06/03/2013,22:30,0,0,0
06/03/2013,22:45,1,1,0
06/03/2013,23:00,0,0,0
06/03/2013,23:15,1,0,1
06/03/2013,23:30,0,0,0
06/03/2013,23:45,0,0,0
07/03/2013,00:00,2,2,0
07/03/2013,00:15,0,0,0
07/03/2013,00:30,3,0,3
07/03/2013,00:45,0,0,0
07/03/2013,01:00,0,0,0
07/03/2013,01:15,0,0,0
07/03/2013,01:30,1,1,0
07/03/2013,01:45,1,1,0
07/03/2013,02:00,0,0,0
07/03/2013,02:15,0,0,0
07/03/2013,02:30,0,0,0
07/03/2013,02:45,2,1,1
07/03/2013,03:00,0,0,0
07/03/2013,03:15,0,0,0
07/03/2013,03:30,1,1,0
07/03/2013,03:45,0,0,0
07/03/2013,04:00,1,1,0
07/03/2013,04:15,0,0,0
07/03/2013,04:30,0,0,0
07/03/2013,04:45,1,0,1
07/03/2013,05:00,1,1,0
07/03/2013,05:15,5,3,2
07/03/2013,05:30,2,1,1
07/03/2013,05:45,2,2,0
07/03/2013,06:00,2,2,0
07/03/2013,06:15,7,6,1
07/03/2013,06:30,4,3,1
07/03/2013,06:45,13,10,3
07/03/2013,07:00,11,7,4
07/03/2013,07:15,17,6,11
07/03/2013,07:30,9,6,3
07/03/2013,07:45,19,6,13
07/03/2013,08:00,15,9,6
07/03/2013,08:15,12,7,5
07/03/2013,08:30,8,4,4
07/03/2013,08:45,9,6,3
07/03/2013,09:00,10,9,1
07/03/2013,09:15,9,6,3
07/03/2013,09:30,6,4,2
07/03/2013,09:45,8,6,2
07/03/2013,10:00,13,7,6
07/03/2013,10:15,5,1,4
07/03/2013,10:30,6,1,5
07/03/2013,10:45,5,3,2
07/03/2013,11:00,10,8,2
07/03/2013,11:15,6,2,4
07/03/2013,11:30,14,8,6
07/03/2013,11:45,7,3,4
07/03/2013,12:00,8,3,5
07/03/2013,12:15,9,7,2
07/03/2013,12:30,3,0,3
07/03/2013,12:45,9,3,6
07/03/2013,13:00,8,7,1
07/03/2013,13:15,8,6,2
07/03/2013,13:30,6,4,2
07/03/2013,13:45,8,4,4
07/03/2013,14:00,7,3,4
07/03/2013,14:15,10,4,6
07/03/2013,14:30,3,0,3
07/03/2013,14:45,16,5,11
07/03/2013,15:00,8,3,5
07/03/2013,15:15,19,11,8
07/03/2013,15:30,8,4,4
07/03/2013,15:45,11,3,8
07/03/2013,16:00,17,8,9
07/03/2013,16:15,19,5,14
07/03/2013,16:30,8,5,3
07/03/2013,16:45,18,7,11
07/03/2013,17:00,13,4,9
07/03/2013,17:15,24,12,12
07/03/2013,17:30,20,9,11
07/03/2013,17:45,13,7,6
07/03/2013,18:00,20,8,12
07/03/2013,18:15,18,8,10
07/03/2013,18:30,12,5,7
07/03/2013,18:45,9,7,2
07/03/2013,19:00,7,1,6
07/03/2013,19:15,4,3,1
07/03/2013,19:30,3,1,2
07/03/2013,19:45,4,4,0
07/03/2013,20:00,5,2,3
07/03/2013,20:15,4,2,2
07/03/2013,20:30,1,0,1
07/03/2013,20:45,1,1,0
07/03/2013,21:00,2,1,1
07/03/2013,21:15,0,0,0
07/03/2013,21:30,2,1,1
07/03/2013,21:45,0,0,0
07/03/2013,22:00,2,2,0
07/03/2013,22:15,0,0,0
07/03/2013,22:30,0,0,0
07/03/2013,22:45,0,0,0
07/03/2013,23:00,0,0,0
07/03/2013,23:15,0,0,0
07/03/2013,23:30,1,1,0
07/03/2013,23:45,0,0,0
08/03/2013,00:00,0,0,0
08/03/2013,00:15,0,0,0
08/03/2013,00:30,1,0,1
08/03/2013,00:45,1,1,0
08/03/2013,01:00,0,0,0
08/03/2013,01:15,0,0,0
08/03/2013,01:30,0,0,0
08/03/2013,01:45,0,0,0
08/03/2013,02:00,0,0,0
08/03/2013,02:15,0,0,0
08/03/2013,02:30,0,0,0
08/03/2013,02:45,2,1,1
08/03/2013,03:00,1,0,1
08/03/2013,03:15,0,0,0
08/03/2013,03:30,0,0,0
08/03/2013,03:45,1,0,1
08/03/2013,04:00,2,2,0
08/03/2013,04:15,0,0,0
08/03/2013,04:30,3,1,2
08/03/2013,04:45,1,1,0
08/03/2013,05:00,1,1,0
08/03/2013,05:15,5,3,2
08/03/2013,05:30,4,4,0
08/03/2013,05:45,10,4,6
08/03/2013,06:00,4,2,2
08/03/2013,06:15,8,7,1
08/03/2013,06:30,8,5,3
08/03/2013,06:45,16,9,7
08/03/2013,07:00,15,8,7
08/03/2013,07:15,21,10,11
08/03/2013,07:30,10,9,1
08/03/2013,07:45,18,7,11
08/03/2013,08:00,11,7,4
08/03/2013,08:15,13,5,8
08/03/2013,08:30,6,2,4
08/03/2013,08:45,16,11,5
08/03/2013,09:00,6,2,4
08/03/2013,09:15,9,5,4
08/03/2013,09:30,4,4,0
08/03/2013,09:45,13,8,5
08/03/2013,10:00,4,1,3
08/03/2013,10:15,4,1,3
08/03/2013,10:30,6,3,3
08/03/2013,10:45,8,4,4
08/03/2013,11:00,16,13,3
08/03/2013,11:15,9,5,4
08/03/2013,11:30,6,4,2
08/03/2013,11:45,5,3,2
08/03/2013,12:00,6,3,3
08/03/2013,12:15,3,1,2
08/03/2013,12:30,14,7,7
08/03/2013,12:45,13,4,9
08/03/2013,13:00,2,1,1
08/03/2013,13:15,2,1,1
08/03/2013,13:30,3,2,1
08/03/2013,13:45,8,3,5
08/03/2013,14:00,8,6,2
08/03/2013,14:15,4,0,4
08/03/2013,14:30,6,1,5
08/03/2013,14:45,8,5,3
08/03/2013,15:00,6,3,3
08/03/2013,15:15,9,4,5
08/03/2013,15:30,11,6,5
08/03/2013,15:45,9,3,6
08/03/2013,16:00,10,4,6
08/03/2013,16:15,11,7,4
08/03/2013,16:30,12,8,4
08/03/2013,16:45,20,14,6
08/03/2013,17:00,11,3,8
08/03/2013,17:15,13,7,6
08/03/2013,17:30,21,16,5
08/03/2013,17:45,17,7,10
08/03/2013,18:00,12,6,6
08/03/2013,18:15,10,6,4
08/03/2013,18:30,12,8,4
08/03/2013,18:45,3,1,2
08/03/2013,19:00,4,1,3
08/03/2013,19:15,1,1,0
08/03/2013,19:30,0,0,0
08/03/2013,19:45,3,2,1
08/03/2013,20:00,2,2,0
08/03/2013,20:15,1,1,0
08/03/2013,20:30,2,2,0
08/03/2013,20:45,4,3,1
08/03/2013,21:00,3,1,2
08/03/2013,21:15,1,0,1
08/03/2013,21:30,2,1,1
08/03/2013,21:45,0,0,0
08/03/2013,22:00,0,0,0
08/03/2013,22:15,0,0,0
08/03/2013,22:30,1,0,1
08/03/2013,22:45,0,0,0
08/03/2013,23:00,2,1,1
08/03/2013,23:15,0,0,0
08/03/2013,23:30,1,0,1
08/03/2013,23:45,0,0,0
09/03/2013,00:00,0,0,0
09/03/2013,00:15,0,0,0
09/03/2013,00:30,0,0,0
09/03/2013,00:45,1,0,1
09/03/2013,01:00,0,0,0
09/03/2013,01:15,1,0,1
09/03/2013,01:30,0,0,0
09/03/2013,01:45,0,0,0
09/03/2013,02:00,2,2,0
09/03/2013,02:15,0,0,0
09/03/2013,02:30,0,0,0
09/03/2013,02:45,2,1,1
09/03/2013,03:00,0,0,0
09/03/2013,03:15,0,0,0
09/03/2013,03:30,0,0,0
09/03/2013,03:45,0,0,0
09/03/2013,04:00,0,0,0
09/03/2013,04:15,0,0,0
09/03/2013,04:30,0,0,0
09/03/2013,04:45,0,0,0
09/03/2013,05:00,0,0,0
09/03/2013,05:15,1,1,0
09/03/2013,05:30,0,0,0
09/03/2013,05:45,2,2,0
09/03/2013,06:00,0,0,0
09/03/2013,06:15,3,3,0
09/03/2013,06:30,2,2,0
09/03/2013,06:45,5,2,3
09/03/2013,07:00,8,8,0
09/03/2013,07:15,8,6,2
09/03/2013,07:30,13,8,5
09/03/2013,07:45,11,8,3
09/03/2013,08:00,17,9,8
09/03/2013,08:15,18,11,7
09/03/2013,08:30,29,19,10
09/03/2013,08:45,37,30,7
09/03/2013,09:00,26,13,13
09/03/2013,09:15,25,15,10
09/03/2013,09:30,29,21,8
09/03/2013,09:45,28,18,10
09/03/2013,10:00,27,17,10
09/03/2013,10:15,34,25,9
09/03/2013,10:30,38,33,5
09/03/2013,10:45,20,11,9
09/03/2013,11:00,45,35,10
09/03/2013,11:15,38,21,17
09/03/2013,11:30,40,22,18
09/03/2013,11:45,47,30,17
09/03/2013,12:00,35,22,13
09/03/2013,12:15,47,18,29
09/03/2013,12:30,60,43,17
09/03/2013,12:45,45,21,24
09/03/2013,13:00,49,26,23
09/03/2013,13:15,38,17,21
09/03/2013,13:30,50,23,27
09/03/2013,13:45,52,17,35
09/03/2013,14:00,58,33,25
09/03/2013,14:15,49,21,28
09/03/2013,14:30,46,29,17
09/03/2013,14:45,43,17,26
09/03/2013,15:00,50,32,18
09/03/2013,15:15,48,18,30
09/03/2013,15:30,64,30,34
09/03/2013,15:45,41,22,19
09/03/2013,16:00,37,25,12
09/03/2013,16:15,34,23,11
09/03/2013,16:30,41,19,22
09/03/2013,16:45,39,16,23
09/03/2013,17:00,33,15,18
09/03/2013,17:15,18,11,7
09/03/2013,17:30,26,15,11
09/03/2013,17:45,19,13,6
09/03/2013,18:00,16,6,10
09/03/2013,18:15,8,4,4
09/03/2013,18:30,8,6,2
09/03/2013,18:45,6,1,5
09/03/2013,19:00,4,3,1
09/03/2013,19:15,1,1,0
09/03/2013,19:30,2,2,0
09/03/2013,19:45,1,0,1
09/03/2013,20:00,0,0,0
09/03/2013,20:15,6,0,6
09/03/2013,20:30,3,1,2
09/03/2013,20:45,1,0,1
09/03/2013,21:00,0,0,0
09/03/2013,21:15,0,0,0
09/03/2013,21:30,1,0,1
09/03/2013,21:45,2,2,0
09/03/2013,22:00,1,1,0
09/03/2013,22:15,0,0,0
09/03/2013,22:30,0,0,0
09/03/2013,22:45,1,1,0
09/03/2013,23:00,0,0,0
09/03/2013,23:15,1,0,1
09/03/2013,23:30,0,0,0
09/03/2013,23:45,0,0,0
10/03/2013,00:00,1,0,1
10/03/2013,00:15,0,0,0
10/03/2013,00:30,0,0,0
10/03/2013,00:45,0,0,0
10/03/2013,01:00,2,0,2
10/03/2013,01:15,1,0,1
10/03/2013,01:30,1,1,0
10/03/2013,01:45,0,0,0
10/03/2013,02:00,0,0,0
10/03/2013,02:15,1,1,0
10/03/2013,02:30,2,0,2
10/03/2013,02:45,0,0,0
10/03/2013,03:00,0,0,0
10/03/2013,03:15,1,1,0
10/03/2013,03:30,2,0,2
10/03/2013,03:45,2,1,1
10/03/2013,04:00,1,0,1
10/03/2013,04:15,1,1,0
10/03/2013,04:30,0,0,0
10/03/2013,04:45,0,0,0
10/03/2013,05:00,0,0,0
10/03/2013,05:15,1,1,0
10/03/2013,05:30,1,0,1
10/03/2013,05:45,2,1,1
10/03/2013,06:00,1,0,1
10/03/2013,06:15,0,0,0
10/03/2013,06:30,1,0,1
10/03/2013,06:45,1,1,0
10/03/2013,07:00,3,0,3
10/03/2013,07:15,2,2,0
10/03/2013,07:30,1,1,0
10/03/2013,07:45,4,2,2
10/03/2013,08:00,5,5,0
10/03/2013,08:15,5,2,3
10/03/2013,08:30,5,2,3
10/03/2013,08:45,14,6,8
10/03/2013,09:00,21,9,12
10/03/2013,09:15,16,7,9
10/03/2013,09:30,26,11,15
10/03/2013,09:45,16,10,6
10/03/2013,10:00,23,11,12
10/03/2013,10:15,20,15,5
10/03/2013,10:30,25,18,7
10/03/2013,10:45,32,17,15
10/03/2013,11:00,36,20,16
10/03/2013,11:15,47,27,20
10/03/2013,11:30,62,36,26
10/03/2013,11:45,73,59,14
10/03/2013,12:00,77,42,35
10/03/2013,12:15,53,22,31
10/03/2013,12:30,56,31,25
10/03/2013,12:45,63,36,27
10/03/2013,13:00,74,48,26
10/03/2013,13:15,74,34,40
10/03/2013,13:30,74,46,28
10/03/2013,13:45,74,32,42
10/03/2013,14:00,78,37,41
10/03/2013,14:15,63,35,28
10/03/2013,14:30,66,32,34
10/03/2013,14:45,70,35,35
10/03/2013,15:00,74,38,36
10/03/2013,15:15,68,42,26
10/03/2013,15:30,73,41,32
10/03/2013,15:45,64,34,30
10/03/2013,16:00,67,39,28
10/03/2013,16:15,67,29,38
10/03/2013,16:30,61,39,22
10/03/2013,16:45,64,32,32
10/03/2013,17:00,48,22,26
10/03/2013,17:15,38,20,18
10/03/2013,17:30,37,18,19
10/03/2013,17:45,37,21,16
10/03/2013,18:00,22,13,9
10/03/2013,18:15,24,13,11
10/03/2013,18:30,28,19,9
10/03/2013,18:45,20,9,11
10/03/2013,19:00,13,5,8
10/03/2013,19:15,8,3,5
10/03/2013,19:30,5,3,2
10/03/2013,19:45,6,5,1
10/03/2013,20:00,3,3,0
10/03/2013,20:15,3,1,2
10/03/2013,20:30,2,1,1
10/03/2013,20:45,2,1,1
10/03/2013,21:00,2,1,1
10/03/2013,21:15,2,0,2
10/03/2013,21:30,2,1,1
10/03/2013,21:45,1,1,0
10/03/2013,22:00,1,1,0
10/03/2013,22:15,0,0,0
10/03/2013,22:30,0,0,0
10/03/2013,22:45,0,0,0
10/03/2013,23:00,0,0,0
10/03/2013,23:15,1,0,1
10/03/2013,23:30,2,1,1
10/03/2013,23:45,0,0,0
11/03/2013,00:00,0,0,0
11/03/2013,00:15,1,0,1
11/03/2013,00:30,0,0,0
11/03/2013,00:45,0,0,0
11/03/2013,01:00,0,0,0
11/03/2013,01:15,0,0,0
11/03/2013,01:30,0,0,0
11/03/2013,01:45,0,0,0
11/03/2013,02:00,0,0,0
11/03/2013,02:15,1,0,1
11/03/2013,02:30,0,0,0
11/03/2013,02:45,0,0,0
11/03/2013,03:00,0,0,0
11/03/2013,03:15,0,0,0
11/03/2013,03:30,0,0,0
11/03/2013,03:45,2,1,1
11/03/2013,04:00,2,2,0
11/03/2013,04:15,1,1,0
11/03/2013,04:30,1,0,1
11/03/2013,04:45,2,1,1
11/03/2013,05:00,1,1,0
11/03/2013,05:15,5,1,4
11/03/2013,05:30,5,2,3
11/03/2013,05:45,9,2,7
11/03/2013,06:00,4,3,1
11/03/2013,06:15,7,5,2
11/03/2013,06:30,12,4,8
11/03/2013,06:45,23,6,17
11/03/2013,07:00,22,8,14
11/03/2013,07:15,18,3,15
11/03/2013,07:30,23,7,16
11/03/2013,07:45,20,4,16
11/03/2013,08:00,15,7,8
11/03/2013,08:15,22,9,13
11/03/2013,08:30,20,4,16
11/03/2013,08:45,17,5,12
11/03/2013,09:00,7,2,5
11/03/2013,09:15,8,3,5
11/03/2013,09:30,6,3,3
11/03/2013,09:45,11,4,7
11/03/2013,10:00,8,5,3
11/03/2013,10:15,4,2,2
11/03/2013,10:30,4,1,3
11/03/2013,10:45,1,0,1
11/03/2013,11:00,11,5,6
11/03/2013,11:15,2,1,1
11/03/2013,11:30,7,3,4
11/03/2013,11:45,2,0,2
11/03/2013,12:00,9,3,6
11/03/2013,12:15,12,5,7
11/03/2013,12:30,7,3,4
11/03/2013,12:45,11,4,7
11/03/2013,13:00,3,0,3
11/03/2013,13:15,10,6,4
11/03/2013,13:30,10,4,6
11/03/2013,13:45,8,6,2
11/03/2013,14:00,13,6,7
11/03/2013,14:15,12,4,8
11/03/2013,14:30,14,7,7
11/03/2013,14:45,17,7,10
11/03/2013,15:00,9,5,4
11/03/2013,15:15,16,9,7
11/03/2013,15:30,15,8,7
11/03/2013,15:45,19,9,10
11/03/2013,16:00,10,8,2
11/03/2013,16:15,14,6,8
11/03/2013,16:30,28,18,10
11/03/2013,16:45,22,12,10
11/03/2013,17:00,28,13,15
11/03/2013,17:15,30,19,11
11/03/2013,17:30,50,32,18
11/03/2013,17:45,43,24,19
11/03/2013,18:00,46,25,21
11/03/2013,18:15,30,22,8
11/03/2013,18:30,25,11,14
11/03/2013,18:45,19,10,9
11/03/2013,19:00,11,4,7
11/03/2013,19:15,9,5,4
11/03/2013,19:30,9,6,3
11/03/2013,19:45,11,7,4
11/03/2013,20:00,6,5,1
11/03/2013,20:15,3,1,2
11/03/2013,20:30,3,1,2
11/03/2013,20:45,2,2,0
11/03/2013,21:00,0,0,0
11/03/2013,21:15,3,1,2
11/03/2013,21:30,2,2,0
11/03/2013,21:45,2,1,1
11/03/2013,22:00,3,1,2
11/03/2013,22:15,0,0,0
11/03/2013,22:30,0,0,0
11/03/2013,22:45,2,2,0
11/03/2013,23:00,2,1,1
11/03/2013,23:15,0,0,0
11/03/2013,23:30,1,1,0
11/03/2013,23:45,0,0,0
12/03/2013,00:00,2,0,2
12/03/2013,00:15,0,0,0
12/03/2013,00:30,1,0,1
12/03/2013,00:45,0,0,0
12/03/2013,01:00,0,0,0
12/03/2013,01:15,1,0,1
12/03/2013,01:30,0,0,0
12/03/2013,01:45,0,0,0
12/03/2013,02:00,0,0,0
12/03/2013,02:15,0,0,0
12/03/2013,02:30,1,1,0
12/03/2013,02:45,0,0,0
12/03/2013,03:00,0,0,0
12/03/2013,03:15,0,0,0
12/03/2013,03:30,1,1,0
12/03/2013,03:45,2,1,1
12/03/2013,04:00,1,1,0
12/03/2013,04:15,1,1,0
12/03/2013,04:30,0,0,0
12/03/2013,04:45,1,0,1
12/03/2013,05:00,2,1,1
12/03/2013,05:15,2,1,1
12/03/2013,05:30,6,1,5
12/03/2013,05:45,8,6,2
12/03/2013,06:00,5,3,2
12/03/2013,06:15,8,5,3
12/03/2013,06:30,5,3,2
12/03/2013,06:45,6,1,5
12/03/2013,07:00,5,1,4
12/03/2013,07:15,11,6,5
12/03/2013,07:30,4,1,3
12/03/2013,07:45,3,2,1
12/03/2013,08:00,3,0,3
12/03/2013,08:15,6,1,5
12/03/2013,08:30,7,6,1
12/03/2013,08:45,5,2,3
12/03/2013,09:00,3,2,1
12/03/2013,09:15,8,3,5
12/03/2013,09:30,6,2,4
12/03/2013,09:45,7,1,6
12/03/2013,10:00,5,2,3
12/03/2013,10:15,3,1,2
12/03/2013,10:30,3,1,2
12/03/2013,10:45,1,1,0
12/03/2013,11:00,2,0,2
12/03/2013,11:15,3,3,0
12/03/2013,11:30,0,0,0
12/03/2013,11:45,0,0,0
12/03/2013,12:00,3,0,3
12/03/2013,12:15,6,1,5
12/03/2013,12:30,0,0,0
12/03/2013,12:45,2,1,1
12/03/2013,13:00,0,0,0
12/03/2013,13:15,4,2,2
12/03/2013,13:30,10,9,1
12/03/2013,13:45,9,4,5
12/03/2013,14:00,6,4,2
12/03/2013,14:15,3,2,1
12/03/2013,14:30,6,2,4
12/03/2013,14:45,9,2,7
12/03/2013,15:00,12,5,7
12/03/2013,15:15,10,5,5
12/03/2013,15:30,13,3,10
12/03/2013,15:45,16,11,5
12/03/2013,16:00,17,8,9
12/03/2013,16:15,14,8,6
12/03/2013,16:30,18,9,9
12/03/2013,16:45,20,7,13
12/03/2013,17:00,21,9,12
12/03/2013,17:15,18,8,10
12/03/2013,17:30,24,11,13
12/03/2013,17:45,31,12,19
12/03/2013,18:00,32,17,15
12/03/2013,18:15,22,14,8
12/03/2013,18:30,23,11,12
12/03/2013,18:45,14,7,7
12/03/2013,19:00,13,8,5
12/03/2013,19:15,11,4,7
12/03/2013,19:30,8,3,5
12/03/2013,19:45,2,0,2
12/03/2013,20:00,3,1,2
12/03/2013,20:15,4,1,3
12/03/2013,20:30,3,3,0
12/03/2013,20:45,3,1,2
12/03/2013,21:00,1,1,0
12/03/2013,21:15,1,0,1
12/03/2013,21:30,0,0,0
12/03/2013,21:45,3,1,2
12/03/2013,22:00,3,3,0
12/03/2013,22:15,1,1,0
12/03/2013,22:30,0,0,0
12/03/2013,22:45,0,0,0
12/03/2013,23:00,0,0,0
12/03/2013,23:15,1,1,0
12/03/2013,23:30,2,1,1
12/03/2013,23:45,0,0,0
13/03/2013,00:00,0,0,0
13/03/2013,00:15,1,0,1
13/03/2013,00:30,0,0,0
13/03/2013,00:45,0,0,0
13/03/2013,01:00,1,1,0
13/03/2013,01:15,0,0,0
13/03/2013,01:30,0,0,0
13/03/2013,01:45,0,0,0
13/03/2013,02:00,0,0,0
13/03/2013,02:15,0,0,0
13/03/2013,02:30,0,0,0
13/03/2013,02:45,0,0,0
13/03/2013,03:00,0,0,0
13/03/2013,03:15,0,0,0
13/03/2013,03:30,1,0,1
13/03/2013,03:45,2,1,1
13/03/2013,04:00,1,1,0
13/03/2013,04:15,0,0,0
13/03/2013,04:30,0,0,0
13/03/2013,04:45,2,1,1
13/03/2013,05:00,1,0,1
13/03/2013,05:15,9,4,5
13/03/2013,05:30,4,0,4
13/03/2013,05:45,5,3,2
13/03/2013,06:00,6,4,2
13/03/2013,06:15,5,2,3
13/03/2013,06:30,17,4,13
13/03/2013,06:45,13,3,10
13/03/2013,07:00,15,2,13
13/03/2013,07:15,18,5,13
13/03/2013,07:30,20,12,8
13/03/2013,07:45,22,4,18
13/03/2013,08:00,22,6,16
13/03/2013,08:15,24,10,14
13/03/2013,08:30,19,5,14
13/03/2013,08:45,19,9,10
13/03/2013,09:00,11,6,5
13/03/2013,09:15,3,2,1
13/03/2013,09:30,3,1,2
13/03/2013,09:45,12,5,7
13/03/2013,10:00,7,2,5
13/03/2013,10:15,10,7,3
13/03/2013,10:30,8,2,6
13/03/2013,10:45,7,1,6
13/03/2013,11:00,7,5,2
13/03/2013,11:15,10,6,4
13/03/2013,11:30,15,10,5
13/03/2013,11:45,21,16,5
13/03/2013,12:00,18,9,9
13/03/2013,12:15,10,5,5
13/03/2013,12:30,5,2,3
13/03/2013,12:45,6,3,3
13/03/2013,13:00,9,0,9
13/03/2013,13:15,10,6,4
13/03/2013,13:30,6,3,3
13/03/2013,13:45,7,5,2
13/03/2013,14:00,10,5,5
13/03/2013,14:15,8,5,3
13/03/2013,14:30,8,2,6
13/03/2013,14:45,8,5,3
13/03/2013,15:00,11,6,5
13/03/2013,15:15,10,4,6
13/03/2013,15:30,10,5,5
13/03/2013,15:45,11,5,6
13/03/2013,16:00,12,4,8
13/03/2013,16:15,14,7,7
13/03/2013,16:30,15,7,8
13/03/2013,16:45,18,12,6
13/03/2013,17:00,19,13,6
13/03/2013,17:15,16,8,8
13/03/2013,17:30,24,14,10
13/03/2013,17:45,18,12,6
13/03/2013,18:00,20,11,9
13/03/2013,18:15,26,14,12
13/03/2013,18:30,34,17,17
13/03/2013,18:45,27,10,17
13/03/2013,19:00,19,12,7
13/03/2013,19:15,10,7,3
13/03/2013,19:30,9,4,5
13/03/2013,19:45,5,3,2
13/03/2013,20:00,6,3,3
13/03/2013,20:15,3,1,2
13/03/2013,20:30,1,1,0
13/03/2013,20:45,1,0,1
13/03/2013,21:00,1,1,0
13/03/2013,21:15,3,2,1
13/03/2013,21:30,3,2,1
13/03/2013,21:45,1,0,1
13/03/2013,22:00,2,2,0
13/03/2013,22:15,1,0,1
13/03/2013,22:30,1,0,1
13/03/2013,22:45,1,1,0
13/03/2013,23:00,1,0,1
13/03/2013,23:15,1,1,0
13/03/2013,23:30,0,0,0
13/03/2013,23:45,0,0,0
14/03/2013,00:00,0,0,0
14/03/2013,00:15,1,0,1
14/03/2013,00:30,1,0,1
14/03/2013,00:45,1,0,1
14/03/2013,01:00,0,0,0
14/03/2013,01:15,0,0,0
14/03/2013,01:30,0,0,0
14/03/2013,01:45,5,4,1
14/03/2013,02:00,0,0,0
14/03/2013,02:15,0,0,0
14/03/2013,02:30,0,0,0
14/03/2013,02:45,0,0,0
14/03/2013,03:00,0,0,0
14/03/2013,03:15,0,0,0
14/03/2013,03:30,0,0,0
14/03/2013,03:45,2,1,1
14/03/2013,04:00,0,0,0
14/03/2013,04:15,0,0,0
14/03/2013,04:30,1,1,0
14/03/2013,04:45,1,0,1
14/03/2013,05:00,2,1,1
14/03/2013,05:15,3,2,1
14/03/2013,05:30,2,0,2
14/03/2013,05:45,7,6,1
14/03/2013,06:00,6,4,2
14/03/2013,06:15,6,4,2
14/03/2013,06:30,15,5,10
14/03/2013,06:45,10,3,7
14/03/2013,07:00,9,3,6
14/03/2013,07:15,21,8,13
14/03/2013,07:30,18,6,12
14/03/2013,07:45,9,6,3
14/03/2013,08:00,17,6,11
14/03/2013,08:15,16,8,8
14/03/2013,08:30,15,6,9
14/03/2013,08:45,13,4,9
14/03/2013,09:00,8,4,4
14/03/2013,09:15,6,5,1
14/03/2013,09:30,5,3,2
14/03/2013,09:45,5,4,1
14/03/2013,10:00,4,2,2
14/03/2013,10:15,3,1,2
14/03/2013,10:30,9,2,7
14/03/2013,10:45,5,2,3
14/03/2013,11:00,11,5,6
14/03/2013,11:15,7,1,6
14/03/2013,11:30,8,5,3
14/03/2013,11:45,10,3,7
14/03/2013,12:00,3,2,1
14/03/2013,12:15,6,3,3
14/03/2013,12:30,2,2,0
14/03/2013,12:45,5,4,1
14/03/2013,13:00,7,5,2
14/03/2013,13:15,6,5,1
14/03/2013,13:30,1,0,1
14/03/2013,13:45,6,3,3
14/03/2013,14:00,6,3,3
14/03/2013,14:15,5,1,4
14/03/2013,14:30,3,2,1
14/03/2013,14:45,4,2,2
14/03/2013,15:00,10,2,8
14/03/2013,15:15,14,7,7
14/03/2013,15:30,8,5,3
14/03/2013,15:45,9,3,6
14/03/2013,16:00,8,2,6
14/03/2013,16:15,13,4,9
14/03/2013,16:30,8,6,2
14/03/2013,16:45,10,5,5
14/03/2013,17:00,17,8,9
14/03/2013,17:15,17,11,6
14/03/2013,17:30,16,8,8
14/03/2013,17:45,16,5,11
14/03/2013,18:00,16,5,11
14/03/2013,18:15,17,9,8
14/03/2013,18:30,13,6,7
14/03/2013,18:45,13,9,4
14/03/2013,19:00,10,5,5
14/03/2013,19:15,6,2,4
14/03/2013,19:30,6,5,1
14/03/2013,19:45,3,0,3
14/03/2013,20:00,5,3,2
14/03/2013,20:15,3,2,1
14/03/2013,20:30,1,1,0
14/03/2013,20:45,0,0,0
14/03/2013,21:00,1,1,0
14/03/2013,21:15,1,1,0
14/03/2013,21:30,0,0,0
14/03/2013,21:45,1,1,0
14/03/2013,22:00,2,2,0
14/03/2013,22:15,2,2,0
14/03/2013,22:30,0,0,0
14/03/2013,22:45,0,0,0
14/03/2013,23:00,1,1,0
14/03/2013,23:15,0,0,0
14/03/2013,23:30,0,0,0
14/03/2013,23:45,0,0,0
15/03/2013,00:00,1,1,0
15/03/2013,00:15,0,0,0
15/03/2013,00:30,0,0,0
15/03/2013,00:45,4,4,0
15/03/2013,01:00,0,0,0
15/03/2013,01:15,0,0,0
15/03/2013,01:30,1,0,1
15/03/2013,01:45,0,0,0
15/03/2013,02:00,0,0,0
15/03/2013,02:15,0,0,0
15/03/2013,02:30,0,0,0
15/03/2013,02:45,0,0,0
15/03/2013,03:00,0,0,0
15/03/2013,03:15,1,1,0
15/03/2013,03:30,0,0,0
15/03/2013,03:45,2,1,1
15/03/2013,04:00,1,1,0
15/03/2013,04:15,0,0,0
15/03/2013,04:30,1,0,1
15/03/2013,04:45,0,0,0
15/03/2013,05:00,1,1,0
15/03/2013,05:15,3,1,2
15/03/2013,05:30,8,1,7
15/03/2013,05:45,4,4,0
15/03/2013,06:00,5,3,2
15/03/2013,06:15,4,2,2
15/03/2013,06:30,6,2,4
15/03/2013,06:45,10,5,5
15/03/2013,07:00,11,1,10
15/03/2013,07:15,16,5,11
15/03/2013,07:30,8,2,6
15/03/2013,07:45,22,6,16
15/03/2013,08:00,19,9,10
15/03/2013,08:15,15,4,11
15/03/2013,08:30,20,11,9
15/03/2013,08:45,16,11,5
15/03/2013,09:00,2,1,1
15/03/2013,09:15,11,4,7
15/03/2013,09:30,6,2,4
15/03/2013,09:45,5,3,2
15/03/2013,10:00,6,5,1
15/03/2013,10:15,9,5,4
15/03/2013,10:30,7,3,4
15/03/2013,10:45,21,13,8
15/03/2013,11:00,9,5,4
15/03/2013,11:15,5,2,3
15/03/2013,11:30,7,6,1
15/03/2013,11:45,12,4,8
15/03/2013,12:00,9,3,6
15/03/2013,12:15,10,5,5
15/03/2013,12:30,5,2,3
15/03/2013,12:45,3,1,2
15/03/2013,13:00,16,13,3
15/03/2013,13:15,8,4,4
15/03/2013,13:30,5,4,1
15/03/2013,13:45,10,6,4
15/03/2013,14:00,12,8,4
15/03/2013,14:15,9,6,3
15/03/2013,14:30,10,5,5
15/03/2013,14:45,16,5,11
15/03/2013,15:00,8,4,4
15/03/2013,15:15,13,5,8
15/03/2013,15:30,18,6,12
15/03/2013,15:45,30,14,16
15/03/2013,16:00,17,10,7
15/03/2013,16:15,25,13,12
15/03/2013,16:30,20,12,8
15/03/2013,16:45,30,12,18
15/03/2013,17:00,35,21,14
15/03/2013,17:15,31,17,14
15/03/2013,17:30,29,15,14
15/03/2013,17:45,30,15,15
15/03/2013,18:00,26,12,14
15/03/2013,18:15,33,18,15
15/03/2013,18:30,18,8,10
15/03/2013,18:45,30,16,14
15/03/2013,19:00,18,10,8
15/03/2013,19:15,7,6,1
15/03/2013,19:30,8,4,4
15/03/2013,19:45,5,2,3
15/03/2013,20:00,6,2,4
15/03/2013,20:15,2,0,2
15/03/2013,20:30,3,2,1
15/03/2013,20:45,2,1,1
15/03/2013,21:00,3,2,1
15/03/2013,21:15,3,0,3
15/03/2013,21:30,2,0,2
15/03/2013,21:45,2,1,1
15/03/2013,22:00,0,0,0
15/03/2013,22:15,0,0,0
15/03/2013,22:30,1,1,0
15/03/2013,22:45,1,0,1
15/03/2013,23:00,1,0,1
15/03/2013,23:15,3,2,1
15/03/2013,23:30,1,1,0
15/03/2013,23:45,0,0,0
16/03/2013,00:00,0,0,0
16/03/2013,00:15,0,0,0
16/03/2013,00:30,1,0,1
16/03/2013,00:45,0,0,0
16/03/2013,01:00,0,0,0
16/03/2013,01:15,2,2,0
16/03/2013,01:30,0,0,0
16/03/2013,01:45,0,0,0
16/03/2013,02:00,0,0,0
16/03/2013,02:15,0,0,0
16/03/2013,02:30,1,1,0
16/03/2013,02:45,0,0,0
16/03/2013,03:00,0,0,0
16/03/2013,03:15,0,0,0
16/03/2013,03:30,0,0,0
16/03/2013,03:45,2,1,1
16/03/2013,04:00,0,0,0
16/03/2013,04:15,0,0,0
16/03/2013,04:30,0,0,0
16/03/2013,04:45,0,0,0
16/03/2013,05:00,1,1,0
16/03/2013,05:15,1,1,0
16/03/2013,05:30,0,0,0
16/03/2013,05:45,1,1,0
16/03/2013,06:00,2,1,1
16/03/2013,06:15,1,0,1
16/03/2013,06:30,5,3,2
16/03/2013,06:45,4,2,2
16/03/2013,07:00,7,5,2
16/03/2013,07:15,3,3,0
16/03/2013,07:30,9,6,3
16/03/2013,07:45,4,2,2
16/03/2013,08:00,6,2,4
16/03/2013,08:15,10,7,3
16/03/2013,08:30,6,2,4
16/03/2013,08:45,6,5,1
16/03/2013,09:00,8,7,1
16/03/2013,09:15,14,10,4
16/03/2013,09:30,11,8,3
16/03/2013,09:45,7,4,3
16/03/2013,10:00,11,6,5
16/03/2013,10:15,8,2,6
16/03/2013,10:30,15,8,7
16/03/2013,10:45,21,13,8
16/03/2013,11:00,22,10,12
16/03/2013,11:15,15,9,6
16/03/2013,11:30,16,5,11
16/03/2013,11:45,21,6,15
16/03/2013,12:00,31,25,6
16/03/2013,12:15,31,19,12
16/03/2013,12:30,23,11,12
16/03/2013,12:45,22,13,9
16/03/2013,13:00,27,13,14
16/03/2013,13:15,38,19,19
16/03/2013,13:30,24,12,12
16/03/2013,13:45,24,13,11
16/03/2013,14:00,23,7,16
16/03/2013,14:15,12,5,7
16/03/2013,14:30,17,10,7
16/03/2013,14:45,20,9,11
16/03/2013,15:00,24,7,17
16/03/2013,15:15,18,3,15
16/03/2013,15:30,24,13,11
16/03/2013,15:45,20,13,7
16/03/2013,16:00,24,18,6
16/03/2013,16:15,20,7,13
16/03/2013,16:30,26,12,14
16/03/2013,16:45,13,8,5
16/03/2013,17:00,9,3,6
16/03/2013,17:15,12,5,7
16/03/2013,17:30,5,3,2
16/03/2013,17:45,10,7,3
16/03/2013,18:00,10,6,4
16/03/2013,18:15,15,8,7
16/03/2013,18:30,7,3,4
16/03/2013,18:45,4,3,1
16/03/2013,19:00,4,2,2
16/03/2013,19:15,3,2,1
16/03/2013,19:30,0,0,0
16/03/2013,19:45,2,1,1
16/03/2013,20:00,2,1,1
16/03/2013,20:15,2,0,2
16/03/2013,20:30,1,1,0
16/03/2013,20:45,4,2,2
16/03/2013,21:00,0,0,0
16/03/2013,21:15,0,0,0
16/03/2013,21:30,0,0,0
16/03/2013,21:45,1,1,0
16/03/2013,22:00,0,0,0
16/03/2013,22:15,1,1,0
16/03/2013,22:30,2,2,0
16/03/2013,22:45,0,0,0
16/03/2013,23:00,0,0,0
16/03/2013,23:15,2,0,2
16/03/2013,23:30,1,1,0
16/03/2013,23:45,3,1,2
17/03/2013,00:00,0,0,0
17/03/2013,00:15,2,0,2
17/03/2013,00:30,2,0,2
17/03/2013,00:45,0,0,0
17/03/2013,01:00,0,0,0
17/03/2013,01:15,1,0,1
17/03/2013,01:30,0,0,0
17/03/2013,01:45,1,1,0
17/03/2013,02:00,0,0,0
17/03/2013,02:15,0,0,0
17/03/2013,02:30,0,0,0
17/03/2013,02:45,0,0,0
17/03/2013,03:00,0,0,0
17/03/2013,03:15,0,0,0
17/03/2013,03:30,0,0,0
17/03/2013,03:45,0,0,0
17/03/2013,04:00,0,0,0
17/03/2013,04:15,0,0,0
17/03/2013,04:30,1,1,0
17/03/2013,04:45,0,0,0
17/03/2013,05:00,2,1,1
17/03/2013,05:15,2,1,1
17/03/2013,05:30,1,1,0
17/03/2013,05:45,1,0,1
17/03/2013,06:00,0,0,0
17/03/2013,06:15,2,1,1
17/03/2013,06:30,1,0,1
17/03/2013,06:45,4,2,2
17/03/2013,07:00,6,4,2
17/03/2013,07:15,1,0,1
17/03/2013,07:30,3,2,1
17/03/2013,07:45,6,3,3
17/03/2013,08:00,8,3,5
17/03/2013,08:15,5,3,2
17/03/2013,08:30,8,4,4
17/03/2013,08:45,7,6,1
17/03/2013,09:00,9,5,4
17/03/2013,09:15,13,4,9
17/03/2013,09:30,10,6,4
17/03/2013,09:45,13,9,4
17/03/2013,10:00,19,14,5
17/03/2013,10:15,9,2,7
17/03/2013,10:30,14,6,8
17/03/2013,10:45,16,9,7
17/03/2013,11:00,28,9,19
17/03/2013,11:15,14,10,4
17/03/2013,11:30,18,8,10
17/03/2013,11:45,18,8,10
17/03/2013,12:00,19,8,11
17/03/2013,12:15,22,11,11
17/03/2013,12:30,13,2,11
17/03/2013,12:45,14,5,9
17/03/2013,13:00,10,6,4
17/03/2013,13:15,18,7,11
17/03/2013,13:30,10,3,7
17/03/2013,13:45,13,8,5
17/03/2013,14:00,13,6,7
17/03/2013,14:15,15,8,7
17/03/2013,14:30,11,4,7
17/03/2013,14:45,15,6,9
17/03/2013,15:00,17,6,11
17/03/2013,15:15,10,6,4
17/03/2013,15:30,7,2,5
17/03/2013,15:45,5,0,5
17/03/2013,16:00,12,5,7
17/03/2013,16:15,6,2,4
17/03/2013,16:30,9,6,3
17/03/2013,16:45,11,5,6
17/03/2013,17:00,4,2,2
17/03/2013,17:15,9,2,7
17/03/2013,17:30,10,7,3
17/03/2013,17:45,3,1,2
17/03/2013,18:00,4,3,1
17/03/2013,18:15,7,2,5
17/03/2013,18:30,7,4,3
17/03/2013,18:45,2,0,2
17/03/2013,19:00,7,2,5
17/03/2013,19:15,3,1,2
17/03/2013,19:30,3,2,1
17/03/2013,19:45,3,1,2
17/03/2013,20:00,3,0,3
17/03/2013,20:15,4,0,4
17/03/2013,20:30,0,0,0
17/03/2013,20:45,0,0,0
17/03/2013,21:00,0,0,0
17/03/2013,21:15,1,1,0
17/03/2013,21:30,0,0,0
17/03/2013,21:45,0,0,0
17/03/2013,22:00,0,0,0
17/03/2013,22:15,1,1,0
17/03/2013,22:30,0,0,0
17/03/2013,22:45,3,1,2
17/03/2013,23:00,1,0,1
17/03/2013,23:15,2,1,1
17/03/2013,23:30,0,0,0
17/03/2013,23:45,1,1,0
18/03/2013,00:00,0,0,0
18/03/2013,00:15,1,0,1
18/03/2013,00:30,0,0,0
18/03/2013,00:45,1,0,1
18/03/2013,01:00,1,0,1
18/03/2013,01:15,0,0,0
18/03/2013,01:30,0,0,0
18/03/2013,01:45,0,0,0
18/03/2013,02:00,0,0,0
18/03/2013,02:15,0,0,0
18/03/2013,02:30,0,0,0
18/03/2013,02:45,0,0,0
18/03/2013,03:00,0,0,0
18/03/2013,03:15,0,0,0
18/03/2013,03:30,2,2,0
18/03/2013,03:45,0,0,0
18/03/2013,04:00,1,1,0
18/03/2013,04:15,0,0,0
18/03/2013,04:30,0,0,0
18/03/2013,04:45,2,1,1
18/03/2013,05:00,2,1,1
18/03/2013,05:15,2,2,0
18/03/2013,05:30,3,0,3
18/03/2013,05:45,5,4,1
18/03/2013,06:00,2,2,0
18/03/2013,06:15,2,2,0
18/03/2013,06:30,7,2,5
18/03/2013,06:45,8,3,5
18/03/2013,07:00,5,3,2
18/03/2013,07:15,10,3,7
18/03/2013,07:30,10,4,6
18/03/2013,07:45,12,7,5
18/03/2013,08:00,6,3,3
18/03/2013,08:15,7,3,4
18/03/2013,08:30,5,3,2
18/03/2013,08:45,7,5,2
18/03/2013,09:00,3,3,0
18/03/2013,09:15,2,1,1
18/03/2013,09:30,3,1,2
18/03/2013,09:45,3,2,1
18/03/2013,10:00,3,2,1
18/03/2013,10:15,9,4,5
18/03/2013,10:30,0,0,0
18/03/2013,10:45,8,3,5
18/03/2013,11:00,6,1,5
18/03/2013,11:15,3,2,1
18/03/2013,11:30,6,1,5
18/03/2013,11:45,2,1,1
18/03/2013,12:00,8,2,6
18/03/2013,12:15,2,1,1
18/03/2013,12:30,7,0,7
18/03/2013,12:45,5,3,2
18/03/2013,13:00,2,1,1
18/03/2013,13:15,4,3,1
18/03/2013,13:30,2,1,1
18/03/2013,13:45,2,0,2
18/03/2013,14:00,4,3,1
18/03/2013,14:15,3,1,2
18/03/2013,14:30,5,1,4
18/03/2013,14:45,5,4,1
18/03/2013,15:00,2,1,1
18/03/2013,15:15,4,1,3
18/03/2013,15:30,2,1,1
18/03/2013,15:45,5,0,5
18/03/2013,16:00,6,4,2
18/03/2013,16:15,9,4,5
18/03/2013,16:30,2,1,1
18/03/2013,16:45,4,3,1
18/03/2013,17:00,8,2,6
18/03/2013,17:15,2,0,2
18/03/2013,17:30,5,4,1
18/03/2013,17:45,6,5,1
18/03/2013,18:00,8,4,4
18/03/2013,18:15,7,2,5
18/03/2013,18:30,3,1,2
18/03/2013,18:45,12,8,4
18/03/2013,19:00,4,1,3
18/03/2013,19:15,5,2,3
18/03/2013,19:30,2,1,1
18/03/2013,19:45,0,0,0
18/03/2013,20:00,1,0,1
18/03/2013,20:15,1,1,0
18/03/2013,20:30,2,0,2
18/03/2013,20:45,0,0,0
18/03/2013,21:00,0,0,0
18/03/2013,21:15,1,0,1
18/03/2013,21:30,0,0,0
18/03/2013,21:45,1,1,0
18/03/2013,22:00,0,0,0
18/03/2013,22:15,0,0,0
18/03/2013,22:30,0,0,0
18/03/2013,22:45,1,1,0
18/03/2013,23:00,0,0,0
18/03/2013,23:15,0,0,0
18/03/2013,23:30,0,0,0
18/03/2013,23:45,1,1,0
19/03/2013,00:00,0,0,0
19/03/2013,00:15,0,0,0
19/03/2013,00:30,0,0,0
19/03/2013,00:45,0,0,0
19/03/2013,01:00,0,0,0
19/03/2013,01:15,0,0,0
19/03/2013,01:30,0,0,0
19/03/2013,01:45,0,0,0
19/03/2013,02:00,0,0,0
19/03/2013,02:15,0,0,0
19/03/2013,02:30,0,0,0
19/03/2013,02:45,1,1,0
19/03/2013,03:00,0,0,0
19/03/2013,03:15,0,0,0
19/03/2013,03:30,1,1,0
19/03/2013,03:45,0,0,0
19/03/2013,04:00,1,1,0
19/03/2013,04:15,0,0,0
19/03/2013,04:30,0,0,0
19/03/2013,04:45,1,0,1
19/03/2013,05:00,0,0,0
19/03/2013,05:15,3,1,2
19/03/2013,05:30,4,2,2
19/03/2013,05:45,13,7,6
19/03/2013,06:00,6,4,2
19/03/2013,06:15,8,5,3
19/03/2013,06:30,7,3,4
19/03/2013,06:45,13,4,9
19/03/2013,07:00,12,2,10
19/03/2013,07:15,14,5,9
19/03/2013,07:30,21,10,11
19/03/2013,07:45,21,4,17
19/03/2013,08:00,19,6,13
19/03/2013,08:15,15,5,10
19/03/2013,08:30,9,4,5
19/03/2013,08:45,15,7,8
19/03/2013,09:00,5,2,3
19/03/2013,09:15,4,3,1
19/03/2013,09:30,9,5,4
19/03/2013,09:45,5,0,5
19/03/2013,10:00,7,3,4
19/03/2013,10:15,6,3,3
19/03/2013,10:30,11,4,7
19/03/2013,10:45,4,2,2
19/03/2013,11:00,5,2,3
19/03/2013,11:15,1,1,0
19/03/2013,11:30,8,6,2
19/03/2013,11:45,9,4,5
19/03/2013,12:00,11,7,4
19/03/2013,12:15,10,5,5
19/03/2013,12:30,7,2,5
19/03/2013,12:45,8,5,3
19/03/2013,13:00,8,2,6
19/03/2013,13:15,9,6,3
19/03/2013,13:30,12,6,6
19/03/2013,13:45,6,1,5
19/03/2013,14:00,9,6,3
19/03/2013,14:15,5,3,2
19/03/2013,14:30,11,4,7
19/03/2013,14:45,18,12,6
19/03/2013,15:00,10,3,7
19/03/2013,15:15,19,8,11
19/03/2013,15:30,15,7,8
19/03/2013,15:45,10,4,6
19/03/2013,16:00,17,6,11
19/03/2013,16:15,21,10,11
19/03/2013,16:30,17,9,8
19/03/2013,16:45,28,20,8
19/03/2013,17:00,22,9,13
19/03/2013,17:15,25,14,11
19/03/2013,17:30,35,17,18
19/03/2013,17:45,40,21,19
19/03/2013,18:00,37,18,19
19/03/2013,18:15,27,12,15
19/03/2013,18:30,30,14,16
19/03/2013,18:45,29,12,17
19/03/2013,19:00,26,12,14
19/03/2013,19:15,12,9,3
19/03/2013,19:30,17,10,7
19/03/2013,19:45,12,5,7
19/03/2013,20:00,6,2,4
19/03/2013,20:15,2,1,1
19/03/2013,20:30,4,3,1
19/03/2013,20:45,2,0,2
19/03/2013,21:00,4,3,1
19/03/2013,21:15,0,0,0
19/03/2013,21:30,2,2,0
19/03/2013,21:45,2,2,0
19/03/2013,22:00,0,0,0
19/03/2013,22:15,1,1,0
19/03/2013,22:30,2,2,0
19/03/2013,22:45,0,0,0
19/03/2013,23:00,0,0,0
19/03/2013,23:15,1,0,1
19/03/2013,23:30,1,1,0
19/03/2013,23:45,0,0,0
20/03/2013,00:00,0,0,0
20/03/2013,00:15,0,0,0
20/03/2013,00:30,0,0,0
20/03/2013,00:45,0,0,0
20/03/2013,01:00,1,0,1
20/03/2013,01:15,0,0,0
20/03/2013,01:30,0,0,0
20/03/2013,01:45,0,0,0
20/03/2013,02:00,0,0,0
20/03/2013,02:15,0,0,0
20/03/2013,02:30,0,0,0
20/03/2013,02:45,0,0,0
20/03/2013,03:00,0,0,0
20/03/2013,03:15,0,0,0
20/03/2013,03:30,0,0,0
20/03/2013,03:45,2,1,1
20/03/2013,04:00,29,0,29
20/03/2013,04:15,0,0,0
20/03/2013,04:30,1,0,1
20/03/2013,04:45,2,2,0
20/03/2013,05:00,2,0,2
20/03/2013,05:15,4,2,2
20/03/2013,05:30,4,1,3
20/03/2013,05:45,6,3,3
20/03/2013,06:00,8,4,4
20/03/2013,06:15,4,1,3
20/03/2013,06:30,8,3,5
20/03/2013,06:45,15,1,14
20/03/2013,07:00,16,6,10
20/03/2013,07:15,15,2,13
20/03/2013,07:30,19,11,8
20/03/2013,07:45,24,5,19
20/03/2013,08:00,22,8,14
20/03/2013,08:15,20,8,12
20/03/2013,08:30,8,3,5
20/03/2013,08:45,15,6,9
20/03/2013,09:00,12,5,7
20/03/2013,09:15,7,5,2
20/03/2013,09:30,3,2,1
20/03/2013,09:45,12,7,5
20/03/2013,10:00,3,2,1
20/03/2013,10:15,4,1,3
20/03/2013,10:30,4,2,2
20/03/2013,10:45,8,2,6
20/03/2013,11:00,9,5,4
20/03/2013,11:15,14,8,6
20/03/2013,11:30,8,1,7
20/03/2013,11:45,7,4,3
20/03/2013,12:00,3,0,3
20/03/2013,12:15,8,3,5
20/03/2013,12:30,4,2,2
20/03/2013,12:45,4,3,1
20/03/2013,13:00,8,6,2
20/03/2013,13:15,11,8,3
20/03/2013,13:30,9,4,5
20/03/2013,13:45,12,6,6
20/03/2013,14:00,11,8,3
20/03/2013,14:15,6,5,1
20/03/2013,14:30,7,3,4
20/03/2013,14:45,11,3,8
20/03/2013,15:00,8,4,4
20/03/2013,15:15,13,4,9
20/03/2013,15:30,10,4,6
20/03/2013,15:45,20,10,10
20/03/2013,16:00,18,7,11
20/03/2013,16:15,16,7,9
20/03/2013,16:30,21,8,13
20/03/2013,16:45,14,12,2
20/03/2013,17:00,17,8,9
20/03/2013,17:15,14,9,5
20/03/2013,17:30,25,14,11
20/03/2013,17:45,29,15,14
20/03/2013,18:00,26,13,13
20/03/2013,18:15,26,14,12
20/03/2013,18:30,24,11,13
20/03/2013,18:45,23,9,14
20/03/2013,19:00,14,3,11
20/03/2013,19:15,8,4,4
20/03/2013,19:30,11,5,6
20/03/2013,19:45,5,2,3
20/03/2013,20:00,5,0,5
20/03/2013,20:15,4,3,1
20/03/2013,20:30,8,5,3
20/03/2013,20:45,1,1,0
20/03/2013,21:00,2,0,2
20/03/2013,21:15,2,1,1
20/03/2013,21:30,1,1,0
20/03/2013,21:45,2,1,1
20/03/2013,22:00,3,3,0
20/03/2013,22:15,0,0,0
20/03/2013,22:30,0,0,0
20/03/2013,22:45,3,3,0
20/03/2013,23:00,0,0,0
20/03/2013,23:15,2,1,1
20/03/2013,23:30,1,0,1
20/03/2013,23:45,1,0,1
21/03/2013,00:00,0,0,0
21/03/2013,00:15,1,0,1
21/03/2013,00:30,0,0,0
21/03/2013,00:45,0,0,0
21/03/2013,01:00,0,0,0
21/03/2013,01:15,1,1,0
21/03/2013,01:30,1,0,1
21/03/2013,01:45,1,0,1
21/03/2013,02:00,0,0,0
21/03/2013,02:15,0,0,0
21/03/2013,02:30,0,0,0
21/03/2013,02:45,0,0,0
21/03/2013,03:00,0,0,0
21/03/2013,03:15,1,1,0
21/03/2013,03:30,0,0,0
21/03/2013,03:45,0,0,0
21/03/2013,04:00,2,2,0
21/03/2013,04:15,1,1,0
21/03/2013,04:30,1,0,1
21/03/2013,04:45,3,1,2
21/03/2013,05:00,0,0,0
21/03/2013,05:15,2,1,1
21/03/2013,05:30,6,3,3
21/03/2013,05:45,11,7,4
21/03/2013,06:00,4,2,2
21/03/2013,06:15,0,0,0
21/03/2013,06:30,11,5,6
21/03/2013,06:45,12,5,7
21/03/2013,07:00,10,1,9
21/03/2013,07:15,19,5,14
21/03/2013,07:30,14,5,9
21/03/2013,07:45,19,4,15
21/03/2013,08:00,12,8,4
21/03/2013,08:15,7,2,5
21/03/2013,08:30,12,2,10
21/03/2013,08:45,10,4,6
21/03/2013,09:00,11,7,4
21/03/2013,09:15,5,1,4
21/03/2013,09:30,8,5,3
21/03/2013,09:45,4,3,1
21/03/2013,10:00,3,0,3
21/03/2013,10:15,3,1,2
21/03/2013,10:30,2,1,1
21/03/2013,10:45,1,0,1
21/03/2013,11:00,6,1,5
21/03/2013,11:15,0,0,0
21/03/2013,11:30,4,2,2
21/03/2013,11:45,8,3,5
21/03/2013,12:00,4,2,2
21/03/2013,12:15,4,1,3
21/03/2013,12:30,3,2,1
21/03/2013,12:45,3,0,3
21/03/2013,13:00,1,0,1
21/03/2013,13:15,1,1,0
21/03/2013,13:30,2,0,2
21/03/2013,13:45,6,2,4
21/03/2013,14:00,7,1,6
21/03/2013,14:15,9,5,4
21/03/2013,14:30,4,1,3
21/03/2013,14:45,14,4,10
21/03/2013,15:00,8,5,3
21/03/2013,15:15,4,2,2
21/03/2013,15:30,5,2,3
21/03/2013,15:45,5,3,2
21/03/2013,16:00,6,4,2
21/03/2013,16:15,15,7,8
21/03/2013,16:30,6,4,2
21/03/2013,16:45,8,5,3
21/03/2013,17:00,13,8,5
21/03/2013,17:15,8,2,6
21/03/2013,17:30,21,8,13
21/03/2013,17:45,10,3,7
21/03/2013,18:00,13,9,4
21/03/2013,18:15,19,6,13
21/03/2013,18:30,13,4,9
21/03/2013,18:45,10,4,6
21/03/2013,19:00,2,2,0
21/03/2013,19:15,11,4,7
21/03/2013,19:30,5,3,2
21/03/2013,19:45,3,1,2
21/03/2013,20:00,3,3,0
21/03/2013,20:15,2,2,0
21/03/2013,20:30,0,0,0
21/03/2013,20:45,1,0,1
21/03/2013,21:00,3,1,2
21/03/2013,21:15,0,0,0
21/03/2013,21:30,0,0,0
21/03/2013,21:45,2,2,0
21/03/2013,22:00,13,10,3
21/03/2013,22:15,3,3,0
21/03/2013,22:30,0,0,0
21/03/2013,22:45,0,0,0
21/03/2013,23:00,0,0,0
21/03/2013,23:15,0,0,0
21/03/2013,23:30,1,1,0
21/03/2013,23:45,0,0,0
22/03/2013,00:00,0,0,0
22/03/2013,00:15,0,0,0
22/03/2013,00:30,0,0,0
22/03/2013,00:45,1,0,1
22/03/2013,01:00,0,0,0
22/03/2013,01:15,0,0,0
22/03/2013,01:30,0,0,0
22/03/2013,01:45,0,0,0
22/03/2013,02:00,1,0,1
22/03/2013,02:15,0,0,0
22/03/2013,02:30,0,0,0
22/03/2013,02:45,0,0,0
22/03/2013,03:00,0,0,0
22/03/2013,03:15,0,0,0
22/03/2013,03:30,0,0,0
22/03/2013,03:45,1,1,0
22/03/2013,04:00,0,0,0
22/03/2013,04:15,1,0,1
22/03/2013,04:30,1,0,1
22/03/2013,04:45,2,0,2
22/03/2013,05:00,1,1,0
22/03/2013,05:15,1,1,0
22/03/2013,05:30,5,2,3
22/03/2013,05:45,11,8,3
22/03/2013,06:00,5,2,3
22/03/2013,06:15,3,2,1
22/03/2013,06:30,7,2,5
22/03/2013,06:45,7,2,5
22/03/2013,07:00,2,1,1
22/03/2013,07:15,18,7,11
22/03/2013,07:30,13,7,6
22/03/2013,07:45,21,5,16
22/03/2013,08:00,12,6,6
22/03/2013,08:15,13,6,7
22/03/2013,08:30,12,6,6
22/03/2013,08:45,11,6,5
22/03/2013,09:00,3,2,1
22/03/2013,09:15,3,1,2
22/03/2013,09:30,6,3,3
22/03/2013,09:45,2,1,1
22/03/2013,10:00,4,1,3
22/03/2013,10:15,6,2,4
22/03/2013,10:30,5,0,5
22/03/2013,10:45,4,3,1
22/03/2013,11:00,3,2,1
22/03/2013,11:15,4,2,2
22/03/2013,11:30,4,0,4
22/03/2013,11:45,3,3,0
22/03/2013,12:00,6,3,3
22/03/2013,12:15,5,3,2
22/03/2013,12:30,14,1,13
22/03/2013,12:45,7,3,4
22/03/2013,13:00,9,3,6
22/03/2013,13:15,5,4,1
22/03/2013,13:30,4,2,2
22/03/2013,13:45,2,2,0
22/03/2013,14:00,5,4,1
22/03/2013,14:15,9,9,0
22/03/2013,14:30,2,2,0
22/03/2013,14:45,9,1,8
22/03/2013,15:00,7,1,6
22/03/2013,15:15,6,1,5
22/03/2013,15:30,7,4,3
22/03/2013,15:45,10,4,6
22/03/2013,16:00,12,3,9
22/03/2013,16:15,16,8,8
22/03/2013,16:30,15,7,8
22/03/2013,16:45,20,8,12
22/03/2013,17:00,25,16,9
22/03/2013,17:15,20,7,13
22/03/2013,17:30,17,9,8
22/03/2013,17:45,16,10,6
22/03/2013,18:00,16,9,7
22/03/2013,18:15,12,4,8
22/03/2013,18:30,14,7,7
22/03/2013,18:45,7,7,0
22/03/2013,19:00,12,6,6
22/03/2013,19:15,6,3,3
22/03/2013,19:30,6,1,5
22/03/2013,19:45,3,1,2
22/03/2013,20:00,4,2,2
22/03/2013,20:15,2,1,1
22/03/2013,20:30,0,0,0
22/03/2013,20:45,3,0,3
22/03/2013,21:00,2,1,1
22/03/2013,21:15,2,1,1
22/03/2013,21:30,1,1,0
22/03/2013,21:45,1,1,0
22/03/2013,22:00,0,0,0
22/03/2013,22:15,1,1,0
22/03/2013,22:30,1,1,0
22/03/2013,22:45,0,0,0
22/03/2013,23:00,0,0,0
22/03/2013,23:15,1,1,0
22/03/2013,23:30,0,0,0
22/03/2013,23:45,2,2,0
23/03/2013,00:00,0,0,0
23/03/2013,00:15,1,0,1
23/03/2013,00:30,0,0,0
23/03/2013,00:45,1,0,1
23/03/2013,01:00,0,0,0
23/03/2013,01:15,0,0,0
23/03/2013,01:30,2,2,0
23/03/2013,01:45,1,0,1
23/03/2013,02:00,0,0,0
23/03/2013,02:15,0,0,0
23/03/2013,02:30,0,0,0
23/03/2013,02:45,1,1,0
23/03/2013,03:00,1,0,1
23/03/2013,03:15,0,0,0
23/03/2013,03:30,0,0,0
23/03/2013,03:45,2,1,1
23/03/2013,04:00,0,0,0
23/03/2013,04:15,0,0,0
23/03/2013,04:30,0,0,0
23/03/2013,04:45,0,0,0
23/03/2013,05:00,0,0,0
23/03/2013,05:15,1,1,0
23/03/2013,05:30,0,0,0
23/03/2013,05:45,1,1,0
23/03/2013,06:00,1,1,0
23/03/2013,06:15,3,3,0
23/03/2013,06:30,0,0,0
23/03/2013,06:45,5,5,0
23/03/2013,07:00,4,0,4
23/03/2013,07:15,7,3,4
23/03/2013,07:30,4,4,0
23/03/2013,07:45,12,9,3
23/03/2013,08:00,9,7,2
23/03/2013,08:15,14,6,8
23/03/2013,08:30,5,4,1
23/03/2013,08:45,12,6,6
23/03/2013,09:00,6,3,3
23/03/2013,09:15,10,8,2
23/03/2013,09:30,16,10,6
23/03/2013,09:45,23,12,11
23/03/2013,10:00,10,7,3
23/03/2013,10:15,17,10,7
23/03/2013,10:30,8,3,5
23/03/2013,10:45,23,12,11
23/03/2013,11:00,31,23,8
23/03/2013,11:15,20,10,10
23/03/2013,11:30,31,15,16
23/03/2013,11:45,29,12,17
23/03/2013,12:00,33,13,20
23/03/2013,12:15,31,20,11
23/03/2013,12:30,31,21,10
23/03/2013,12:45,24,10,14
23/03/2013,13:00,27,16,11
23/03/2013,13:15,24,13,11
23/03/2013,13:30,42,22,20
23/03/2013,13:45,30,17,13
23/03/2013,14:00,29,14,15
23/03/2013,14:15,35,12,23
23/03/2013,14:30,31,14,17
23/03/2013,14:45,31,13,18
23/03/2013,15:00,34,17,17
23/03/2013,15:15,32,19,13
23/03/2013,15:30,31,22,9
23/03/2013,15:45,30,14,16
23/03/2013,16:00,36,16,20
23/03/2013,16:15,27,15,12
23/03/2013,16:30,36,17,19
23/03/2013,16:45,42,18,24
23/03/2013,17:00,26,11,15
23/03/2013,17:15,20,8,12
23/03/2013,17:30,26,17,9
23/03/2013,17:45,20,9,11
23/03/2013,18:00,17,8,9
23/03/2013,18:15,14,6,8
23/03/2013,18:30,15,6,9
23/03/2013,18:45,29,15,14
23/03/2013,19:00,6,2,4
23/03/2013,19:15,5,4,1
23/03/2013,19:30,2,1,1
23/03/2013,19:45,2,1,1
23/03/2013,20:00,1,0,1
23/03/2013,20:15,0,0,0
23/03/2013,20:30,1,1,0
23/03/2013,20:45,0,0,0
23/03/2013,21:00,3,1,2
23/03/2013,21:15,1,1,0
23/03/2013,21:30,0,0,0
23/03/2013,21:45,1,0,1
23/03/2013,22:00,0,0,0
23/03/2013,22:15,3,2,1
23/03/2013,22:30,0,0,0
23/03/2013,22:45,1,1,0
23/03/2013,23:00,0,0,0
23/03/2013,23:15,0,0,0
23/03/2013,23:30,0,0,0
23/03/2013,23:45,2,1,1
24/03/2013,00:00,0,0,0
24/03/2013,00:15,0,0,0
24/03/2013,00:30,1,0,1
24/03/2013,00:45,0,0,0
24/03/2013,01:00,0,0,0
24/03/2013,01:15,0,0,0
24/03/2013,01:30,2,0,2
24/03/2013,01:45,1,1,0
24/03/2013,02:00,1,1,0
24/03/2013,02:15,0,0,0
24/03/2013,02:30,0,0,0
24/03/2013,02:45,0,0,0
24/03/2013,03:00,0,0,0
24/03/2013,03:15,0,0,0
24/03/2013,03:30,0,0,0
24/03/2013,03:45,0,0,0
24/03/2013,04:00,0,0,0
24/03/2013,04:15,0,0,0
24/03/2013,04:30,0,0,0
24/03/2013,04:45,0,0,0
24/03/2013,05:00,0,0,0
24/03/2013,05:15,0,0,0
24/03/2013,05:30,1,0,1
24/03/2013,05:45,0,0,0
24/03/2013,06:00,0,0,0
24/03/2013,06:15,0,0,0
24/03/2013,06:30,1,1,0
24/03/2013,06:45,3,3,0
24/03/2013,07:00,2,2,0
24/03/2013,07:15,2,2,0
24/03/2013,07:30,1,0,1
24/03/2013,07:45,4,2,2
24/03/2013,08:00,6,3,3
24/03/2013,08:15,7,5,2
24/03/2013,08:30,9,5,4
24/03/2013,08:45,5,3,2
24/03/2013,09:00,7,5,2
24/03/2013,09:15,16,9,7
24/03/2013,09:30,9,6,3
24/03/2013,09:45,19,11,8
24/03/2013,10:00,13,8,5
24/03/2013,10:15,15,7,8
24/03/2013,10:30,11,4,7
24/03/2013,10:45,16,10,6
24/03/2013,11:00,12,6,6
24/03/2013,11:15,10,8,2
24/03/2013,11:30,16,7,9
24/03/2013,11:45,9,6,3
24/03/2013,12:00,16,10,6
24/03/2013,12:15,14,6,8
24/03/2013,12:30,12,5,7
24/03/2013,12:45,14,7,7
24/03/2013,13:00,13,3,10
24/03/2013,13:15,12,5,7
24/03/2013,13:30,13,5,8
24/03/2013,13:45,10,2,8
24/03/2013,14:00,21,8,13
24/03/2013,14:15,10,4,6
24/03/2013,14:30,17,6,11
24/03/2013,14:45,14,10,4
24/03/2013,15:00,15,9,6
24/03/2013,15:15,8,4,4
24/03/2013,15:30,10,3,7
24/03/2013,15:45,9,4,5
24/03/2013,16:00,14,8,6
24/03/2013,16:15,7,4,3
24/03/2013,16:30,11,4,7
24/03/2013,16:45,9,2,7
24/03/2013,17:00,9,5,4
24/03/2013,17:15,10,4,6
24/03/2013,17:30,2,0,2
24/03/2013,17:45,13,4,9
24/03/2013,18:00,7,4,3
24/03/2013,18:15,6,0,6
24/03/2013,18:30,9,2,7
24/03/2013,18:45,3,1,2
24/03/2013,19:00,2,0,2
24/03/2013,19:15,3,1,2
24/03/2013,19:30,1,0,1
24/03/2013,19:45,2,1,1
24/03/2013,20:00,0,0,0
24/03/2013,20:15,2,1,1
24/03/2013,20:30,4,1,3
24/03/2013,20:45,1,1,0
24/03/2013,21:00,0,0,0
24/03/2013,21:15,1,0,1
24/03/2013,21:30,0,0,0
24/03/2013,21:45,0,0,0
24/03/2013,22:00,0,0,0
24/03/2013,22:15,0,0,0
24/03/2013,22:30,2,1,1
24/03/2013,22:45,1,1,0
24/03/2013,23:00,0,0,0
24/03/2013,23:15,0,0,0
24/03/2013,23:30,0,0,0
24/03/2013,23:45,0,0,0
25/03/2013,00:00,0,0,0
25/03/2013,00:15,0,0,0
25/03/2013,00:30,0,0,0
25/03/2013,00:45,1,0,1
25/03/2013,01:00,0,0,0
25/03/2013,01:15,0,0,0
25/03/2013,01:30,0,0,0
25/03/2013,01:45,1,1,0
25/03/2013,02:00,0,0,0
25/03/2013,02:15,0,0,0
25/03/2013,02:30,0,0,0
25/03/2013,02:45,0,0,0
25/03/2013,03:00,0,0,0
25/03/2013,03:15,0,0,0
25/03/2013,03:30,1,1,0
25/03/2013,03:45,0,0,0
25/03/2013,04:00,1,1,0
25/03/2013,04:15,0,0,0
25/03/2013,04:30,0,0,0
25/03/2013,04:45,1,0,1
25/03/2013,05:00,1,1,0
25/03/2013,05:15,1,0,1
25/03/2013,05:30,4,2,2
25/03/2013,05:45,2,1,1
25/03/2013,06:00,1,1,0
25/03/2013,06:15,1,0,1
25/03/2013,06:30,1,1,0
25/03/2013,06:45,4,2,2
25/03/2013,07:00,4,0,4
25/03/2013,07:15,0,0,0
25/03/2013,07:30,3,0,3
25/03/2013,07:45,3,0,3
25/03/2013,08:00,3,1,2
25/03/2013,08:15,3,2,1
25/03/2013,08:30,3,1,2
25/03/2013,08:45,3,2,1
25/03/2013,09:00,4,4,0
25/03/2013,09:15,3,3,0
25/03/2013,09:30,4,3,1
25/03/2013,09:45,2,2,0
25/03/2013,10:00,6,4,2
25/03/2013,10:15,2,1,1
25/03/2013,10:30,2,2,0
25/03/2013,10:45,4,3,1
25/03/2013,11:00,2,1,1
25/03/2013,11:15,0,0,0
25/03/2013,11:30,3,1,2
25/03/2013,11:45,4,1,3
25/03/2013,12:00,2,0,2
25/03/2013,12:15,3,1,2
25/03/2013,12:30,3,1,2
25/03/2013,12:45,0,0,0
25/03/2013,13:00,0,0,0
25/03/2013,13:15,3,0,3
25/03/2013,13:30,3,1,2
25/03/2013,13:45,2,1,1
25/03/2013,14:00,2,0,2
25/03/2013,14:15,3,1,2
25/03/2013,14:30,3,0,3
25/03/2013,14:45,4,0,4
25/03/2013,15:00,4,3,1
25/03/2013,15:15,4,1,3
25/03/2013,15:30,7,3,4
25/03/2013,15:45,4,2,2
25/03/2013,16:00,7,4,3
25/03/2013,16:15,4,0,4
25/03/2013,16:30,5,1,4
25/03/2013,16:45,3,2,1
25/03/2013,17:00,3,1,2
25/03/2013,17:15,6,2,4
25/03/2013,17:30,7,2,5
25/03/2013,17:45,4,1,3
25/03/2013,18:00,6,4,2
25/03/2013,18:15,6,3,3
25/03/2013,18:30,3,1,2
25/03/2013,18:45,7,2,5
25/03/2013,19:00,4,1,3
25/03/2013,19:15,1,1,0
25/03/2013,19:30,2,1,1
25/03/2013,19:45,0,0,0
25/03/2013,20:00,2,1,1
25/03/2013,20:15,1,0,1
25/03/2013,20:30,1,0,1
25/03/2013,20:45,3,2,1
25/03/2013,21:00,2,1,1
25/03/2013,21:15,3,1,2
25/03/2013,21:30,0,0,0
25/03/2013,21:45,1,0,1
25/03/2013,22:00,1,1,0
25/03/2013,22:15,0,0,0
25/03/2013,22:30,1,1,0
25/03/2013,22:45,1,1,0
25/03/2013,23:00,0,0,0
25/03/2013,23:15,0,0,0
25/03/2013,23:30,0,0,0
25/03/2013,23:45,0,0,0
26/03/2013,00:00,0,0,0
26/03/2013,00:15,0,0,0
26/03/2013,00:30,0,0,0
26/03/2013,00:45,0,0,0
26/03/2013,01:00,1,1,0
26/03/2013,01:15,1,0,1
26/03/2013,01:30,1,1,0
26/03/2013,01:45,1,0,1
26/03/2013,02:00,0,0,0
26/03/2013,02:15,0,0,0
26/03/2013,02:30,0,0,0
26/03/2013,02:45,0,0,0
26/03/2013,03:00,0,0,0
26/03/2013,03:15,0,0,0
26/03/2013,03:30,1,1,0
26/03/2013,03:45,1,1,0
26/03/2013,04:00,1,1,0
26/03/2013,04:15,0,0,0
26/03/2013,04:30,1,1,0
26/03/2013,04:45,1,0,1
26/03/2013,05:00,2,1,1
26/03/2013,05:15,5,3,2
26/03/2013,05:30,4,0,4
26/03/2013,05:45,5,3,2
26/03/2013,06:00,5,1,4
26/03/2013,06:15,2,2,0
26/03/2013,06:30,4,2,2
26/03/2013,06:45,13,7,6
26/03/2013,07:00,6,2,4
26/03/2013,07:15,9,6,3
26/03/2013,07:30,14,4,10
26/03/2013,07:45,13,6,7
26/03/2013,08:00,15,7,8
26/03/2013,08:15,11,4,7
26/03/2013,08:30,17,12,5
26/03/2013,08:45,13,8,5
26/03/2013,09:00,10,6,4
26/03/2013,09:15,4,2,2
26/03/2013,09:30,9,6,3
26/03/2013,09:45,22,15,7
26/03/2013,10:00,9,1,8
26/03/2013,10:15,5,3,2
26/03/2013,10:30,5,2,3
26/03/2013,10:45,2,1,1
26/03/2013,11:00,13,4,9
26/03/2013,11:15,11,4,7
26/03/2013,11:30,7,5,2
26/03/2013,11:45,9,6,3
26/03/2013,12:00,7,4,3
26/03/2013,12:15,4,3,1
26/03/2013,12:30,14,6,8
26/03/2013,12:45,9,5,4
26/03/2013,13:00,8,2,6
26/03/2013,13:15,8,4,4
26/03/2013,13:30,11,4,7
26/03/2013,13:45,9,2,7
26/03/2013,14:00,12,2,10
26/03/2013,14:15,14,5,9
26/03/2013,14:30,1,1,0
26/03/2013,14:45,6,3,3
26/03/2013,15:00,7,1,6
26/03/2013,15:15,2,0,2
26/03/2013,15:30,6,1,5
26/03/2013,15:45,12,9,3
26/03/2013,16:00,6,1,5
26/03/2013,16:15,8,5,3
26/03/2013,16:30,7,2,5
26/03/2013,16:45,14,7,7
26/03/2013,17:00,20,11,9
26/03/2013,17:15,16,8,8
26/03/2013,17:30,17,8,9
26/03/2013,17:45,28,10,18
26/03/2013,18:00,17,5,12
26/03/2013,18:15,28,14,14
26/03/2013,18:30,18,11,7
26/03/2013,18:45,19,9,10
26/03/2013,19:00,13,3,10
26/03/2013,19:15,5,1,4
26/03/2013,19:30,10,3,7
26/03/2013,19:45,3,2,1
26/03/2013,20:00,5,3,2
26/03/2013,20:15,2,1,1
26/03/2013,20:30,2,0,2
26/03/2013,20:45,2,1,1
26/03/2013,21:00,3,2,1
26/03/2013,21:15,3,1,2
26/03/2013,21:30,2,1,1
26/03/2013,21:45,2,1,1
26/03/2013,22:00,1,1,0
26/03/2013,22:15,1,1,0
26/03/2013,22:30,0,0,0
26/03/2013,22:45,0,0,0
26/03/2013,23:00,1,1,0
26/03/2013,23:15,0,0,0
26/03/2013,23:30,0,0,0
26/03/2013,23:45,0,0,0
27/03/2013,00:00,1,1,0
27/03/2013,00:15,0,0,0
27/03/2013,00:30,1,0,1
27/03/2013,00:45,0,0,0
27/03/2013,01:00,0,0,0
27/03/2013,01:15,0,0,0
27/03/2013,01:30,0,0,0
27/03/2013,01:45,0,0,0
27/03/2013,02:00,0,0,0
27/03/2013,02:15,0,0,0
27/03/2013,02:30,0,0,0
27/03/2013,02:45,1,1,0
27/03/2013,03:00,0,0,0
27/03/2013,03:15,0,0,0
27/03/2013,03:30,0,0,0
27/03/2013,03:45,1,1,0
27/03/2013,04:00,2,0,2
27/03/2013,04:15,1,1,0
27/03/2013,04:30,1,1,0
27/03/2013,04:45,0,0,0
27/03/2013,05:00,0,0,0
27/03/2013,05:15,6,2,4
27/03/2013,05:30,4,1,3
27/03/2013,05:45,7,2,5
27/03/2013,06:00,6,3,3
27/03/2013,06:15,12,4,8
27/03/2013,06:30,11,3,8
27/03/2013,06:45,15,6,9
27/03/2013,07:00,11,7,4
27/03/2013,07:15,19,3,16
27/03/2013,07:30,24,10,14
27/03/2013,07:45,16,4,12
27/03/2013,08:00,17,8,9
27/03/2013,08:15,14,5,9
27/03/2013,08:30,18,8,10
27/03/2013,08:45,9,3,6
27/03/2013,09:00,9,2,7
27/03/2013,09:15,13,8,5
27/03/2013,09:30,7,5,2
27/03/2013,09:45,3,2,1
27/03/2013,10:00,2,1,1
27/03/2013,10:15,3,1,2
27/03/2013,10:30,5,1,4
27/03/2013,10:45,18,15,3
27/03/2013,11:00,5,1,4
27/03/2013,11:15,6,5,1
27/03/2013,11:30,9,6,3
27/03/2013,11:45,27,27,0
27/03/2013,12:00,10,3,7
27/03/2013,12:15,3,1,2
27/03/2013,12:30,9,3,6
27/03/2013,12:45,3,2,1
27/03/2013,13:00,5,4,1
27/03/2013,13:15,14,9,5
27/03/2013,13:30,6,0,6
27/03/2013,13:45,0,0,0
27/03/2013,14:00,14,7,7
27/03/2013,14:15,9,2,7
27/03/2013,14:30,1,0,1
27/03/2013,14:45,11,7,4
27/03/2013,15:00,5,0,5
27/03/2013,15:15,7,3,4
27/03/2013,15:30,11,4,7
27/03/2013,15:45,14,5,9
27/03/2013,16:00,9,3,6
27/03/2013,16:15,9,6,3
27/03/2013,16:30,14,7,7
27/03/2013,16:45,19,10,9
27/03/2013,17:00,9,5,4
27/03/2013,17:15,10,4,6
27/03/2013,17:30,30,22,8
27/03/2013,17:45,21,12,9
27/03/2013,18:00,20,12,8
27/03/2013,18:15,28,16,12
27/03/2013,18:30,18,11,7
27/03/2013,18:45,19,9,10
27/03/2013,19:00,8,4,4
27/03/2013,19:15,10,3,7
27/03/2013,19:30,5,3,2
27/03/2013,19:45,4,3,1
27/03/2013,20:00,6,4,2
27/03/2013,20:15,1,0,1
27/03/2013,20:30,1,0,1
27/03/2013,20:45,1,0,1
27/03/2013,21:00,1,1,0
27/03/2013,21:15,3,0,3
27/03/2013,21:30,2,1,1
27/03/2013,21:45,1,1,0
27/03/2013,22:00,0,0,0
27/03/2013,22:15,1,1,0
27/03/2013,22:30,1,0,1
27/03/2013,22:45,0,0,0
27/03/2013,23:00,0,0,0
27/03/2013,23:15,0,0,0
27/03/2013,23:30,0,0,0
27/03/2013,23:45,0,0,0
28/03/2013,00:00,0,0,0
28/03/2013,00:15,1,0,1
28/03/2013,00:30,0,0,0
28/03/2013,00:45,0,0,0
28/03/2013,01:00,1,1,0
28/03/2013,01:15,0,0,0
28/03/2013,01:30,0,0,0
28/03/2013,01:45,1,0,1
28/03/2013,02:00,3,1,2
28/03/2013,02:15,3,2,1
28/03/2013,02:30,0,0,0
28/03/2013,02:45,0,0,0
28/03/2013,03:00,0,0,0
28/03/2013,03:15,0,0,0
28/03/2013,03:30,0,0,0
28/03/2013,03:45,3,1,2
28/03/2013,04:00,2,2,0
28/03/2013,04:15,0,0,0
28/03/2013,04:30,1,0,1
28/03/2013,04:45,1,1,0
28/03/2013,05:00,2,1,1
28/03/2013,05:15,6,5,1
28/03/2013,05:30,5,2,3
28/03/2013,05:45,10,5,5
28/03/2013,06:00,10,6,4
28/03/2013,06:15,3,1,2
28/03/2013,06:30,18,6,12
28/03/2013,06:45,17,10,7
28/03/2013,07:00,5,1,4
28/03/2013,07:15,13,5,8
28/03/2013,07:30,14,5,9
28/03/2013,07:45,13,8,5
28/03/2013,08:00,20,5,15
28/03/2013,08:15,17,9,8
28/03/2013,08:30,11,3,8
28/03/2013,08:45,14,6,8
28/03/2013,09:00,10,8,2
28/03/2013,09:15,4,3,1
28/03/2013,09:30,7,3,4
28/03/2013,09:45,10,8,2
28/03/2013,10:00,5,1,4
28/03/2013,10:15,3,1,2
28/03/2013,10:30,10,5,5
28/03/2013,10:45,7,2,5
28/03/2013,11:00,4,1,3
28/03/2013,11:15,2,1,1
28/03/2013,11:30,8,3,5
28/03/2013,11:45,5,4,1
28/03/2013,12:00,7,4,3
28/03/2013,12:15,6,4,2
28/03/2013,12:30,12,4,8
28/03/2013,12:45,9,5,4
28/03/2013,13:00,5,1,4
28/03/2013,13:15,8,3,5
28/03/2013,13:30,12,6,6
28/03/2013,13:45,10,3,7
28/03/2013,14:00,8,4,4
28/03/2013,14:15,11,3,8
28/03/2013,14:30,4,1,3
28/03/2013,14:45,5,1,4
28/03/2013,15:00,8,2,6
28/03/2013,15:15,4,1,3
28/03/2013,15:30,4,2,2
28/03/2013,15:45,5,2,3
28/03/2013,16:00,1,1,0
28/03/2013,16:15,21,13,8
28/03/2013,16:30,12,3,9
28/03/2013,16:45,13,7,6
28/03/2013,17:00,12,6,6
28/03/2013,17:15,16,7,9
28/03/2013,17:30,26,12,14
28/03/2013,17:45,17,7,10
28/03/2013,18:00,19,8,11
28/03/2013,18:15,17,6,11
28/03/2013,18:30,11,2,9
28/03/2013,18:45,18,6,12
28/03/2013,19:00,8,3,5
28/03/2013,19:15,3,2,1
28/03/2013,19:30,10,6,4
28/03/2013,19:45,1,0,1
28/03/2013,20:00,3,2,1
28/03/2013,20:15,4,3,1
28/03/2013,20:30,2,1,1
28/03/2013,20:45,1,1,0
28/03/2013,21:00,4,0,4
28/03/2013,21:15,3,2,1
28/03/2013,21:30,0,0,0
28/03/2013,21:45,5,3,2
28/03/2013,22:00,2,0,2
28/03/2013,22:15,0,0,0
28/03/2013,22:30,1,0,1
28/03/2013,22:45,1,1,0
28/03/2013,23:00,0,0,0
28/03/2013,23:15,2,1,1
28/03/2013,23:30,2,2,0
28/03/2013,23:45,1,1,0
29/03/2013,00:00,0,0,0
29/03/2013,00:15,0,0,0
29/03/2013,00:30,0,0,0
29/03/2013,00:45,0,0,0
29/03/2013,01:00,0,0,0
29/03/2013,01:15,0,0,0
29/03/2013,01:30,0,0,0
29/03/2013,01:45,0,0,0
29/03/2013,02:00,1,1,0
29/03/2013,02:15,0,0,0
29/03/2013,02:30,0,0,0
29/03/2013,02:45,0,0,0
29/03/2013,03:00,0,0,0
29/03/2013,03:15,0,0,0
29/03/2013,03:30,0,0,0
29/03/2013,03:45,1,0,1
29/03/2013,04:00,3,3,0
29/03/2013,04:15,4,4,0
29/03/2013,04:30,3,0,3
29/03/2013,04:45,1,0,1
29/03/2013,05:00,0,0,0
29/03/2013,05:15,4,1,3
29/03/2013,05:30,5,3,2
29/03/2013,05:45,5,3,2
29/03/2013,06:00,6,5,1
29/03/2013,06:15,4,3,1
29/03/2013,06:30,7,2,5
29/03/2013,06:45,9,4,5
29/03/2013,07:00,11,2,9
29/03/2013,07:15,20,5,15
29/03/2013,07:30,16,8,8
29/03/2013,07:45,19,9,10
29/03/2013,08:00,26,16,10
29/03/2013,08:15,29,20,9
29/03/2013,08:30,12,5,7
29/03/2013,08:45,27,20,7
29/03/2013,09:00,20,13,7
29/03/2013,09:15,14,10,4
29/03/2013,09:30,10,6,4
29/03/2013,09:45,15,9,6
29/03/2013,10:00,16,9,7
29/03/2013,10:15,27,21,6
29/03/2013,10:30,4,1,3
29/03/2013,10:45,13,8,5
29/03/2013,11:00,13,7,6
29/03/2013,11:15,16,7,9
29/03/2013,11:30,8,3,5
29/03/2013,11:45,14,4,10
29/03/2013,12:00,18,9,9
29/03/2013,12:15,16,9,7
29/03/2013,12:30,14,5,9
29/03/2013,12:45,11,6,5
29/03/2013,13:00,20,8,12
29/03/2013,13:15,12,7,5
29/03/2013,13:30,21,11,10
29/03/2013,13:45,13,3,10
29/03/2013,14:00,21,15,6
29/03/2013,14:15,9,3,6
29/03/2013,14:30,20,13,7
29/03/2013,14:45,15,9,6
29/03/2013,15:00,17,11,6
29/03/2013,15:15,17,10,7
29/03/2013,15:30,12,6,6
29/03/2013,15:45,23,9,14
29/03/2013,16:00,14,5,9
29/03/2013,16:15,15,8,7
29/03/2013,16:30,27,18,9
29/03/2013,16:45,25,11,14
29/03/2013,17:00,31,19,12
29/03/2013,17:15,15,9,6
29/03/2013,17:30,20,12,8
29/03/2013,17:45,16,4,12
29/03/2013,18:00,19,10,9
29/03/2013,18:15,24,11,13
29/03/2013,18:30,15,7,8
29/03/2013,18:45,13,6,7
29/03/2013,19:00,13,9,4
29/03/2013,19:15,9,5,4
29/03/2013,19:30,2,2,0
29/03/2013,19:45,7,5,2
29/03/2013,20:00,4,2,2
29/03/2013,20:15,0,0,0
29/03/2013,20:30,3,1,2
29/03/2013,20:45,3,1,2
29/03/2013,21:00,2,2,0
29/03/2013,21:15,1,0,1
29/03/2013,21:30,0,0,0
29/03/2013,21:45,3,0,3
29/03/2013,22:00,3,1,2
29/03/2013,22:15,4,3,1
29/03/2013,22:30,2,0,2
29/03/2013,22:45,3,3,0
29/03/2013,23:00,1,0,1
29/03/2013,23:15,0,0,0
29/03/2013,23:30,1,0,1
29/03/2013,23:45,0,0,0
30/03/2013,00:00,1,1,0
30/03/2013,00:15,0,0,0
30/03/2013,00:30,0,0,0
30/03/2013,00:45,2,2,0
30/03/2013,01:00,0,0,0
30/03/2013,01:15,3,2,1
30/03/2013,01:30,0,0,0
30/03/2013,01:45,0,0,0
30/03/2013,02:00,0,0,0
30/03/2013,02:15,0,0,0
30/03/2013,02:30,0,0,0
30/03/2013,02:45,0,0,0
30/03/2013,03:00,0,0,0
30/03/2013,03:15,0,0,0
30/03/2013,03:30,0,0,0
30/03/2013,03:45,0,0,0
30/03/2013,04:00,0,0,0
30/03/2013,04:15,0,0,0
30/03/2013,04:30,0,0,0
30/03/2013,04:45,0,0,0
30/03/2013,05:00,1,1,0
30/03/2013,05:15,1,1,0
30/03/2013,05:30,0,0,0
30/03/2013,05:45,3,2,1
30/03/2013,06:00,2,1,1
30/03/2013,06:15,3,2,1
30/03/2013,06:30,3,2,1
30/03/2013,06:45,4,2,2
30/03/2013,07:00,6,3,3
30/03/2013,07:15,3,1,2
30/03/2013,07:30,5,3,2
30/03/2013,07:45,15,10,5
30/03/2013,08:00,12,4,8
30/03/2013,08:15,15,6,9
30/03/2013,08:30,14,10,4
30/03/2013,08:45,20,11,9
30/03/2013,09:00,16,12,4
30/03/2013,09:15,26,16,10
30/03/2013,09:30,63,50,13
30/03/2013,09:45,50,36,14
30/03/2013,10:00,122,101,21
30/03/2013,10:15,106,91,15
30/03/2013,10:30,138,111,27
30/03/2013,10:45,111,81,30
30/03/2013,11:00,37,23,14
30/03/2013,11:15,36,18,18
30/03/2013,11:30,51,29,22
30/03/2013,11:45,46,16,30
30/03/2013,12:00,49,29,20
30/03/2013,12:15,47,26,21
30/03/2013,12:30,51,30,21
30/03/2013,12:45,53,25,28
30/03/2013,13:00,62,33,29
30/03/2013,13:15,53,27,26
30/03/2013,13:30,52,22,30
30/03/2013,13:45,42,21,21
30/03/2013,14:00,54,22,32
30/03/2013,14:15,48,18,30
30/03/2013,14:30,55,33,22
30/03/2013,14:45,54,24,30
30/03/2013,15:00,62,31,31
30/03/2013,15:15,52,22,30
30/03/2013,15:30,46,32,14
30/03/2013,15:45,41,21,20
30/03/2013,16:00,66,35,31
30/03/2013,16:15,52,33,19
30/03/2013,16:30,44,26,18
30/03/2013,16:45,54,24,30
30/03/2013,17:00,49,20,29
30/03/2013,17:15,32,15,17
30/03/2013,17:30,47,13,34
30/03/2013,17:45,24,11,13
30/03/2013,18:00,26,14,12
30/03/2013,18:15,21,8,13
30/03/2013,18:30,22,16,6
30/03/2013,18:45,23,6,17
30/03/2013,19:00,6,3,3
30/03/2013,19:15,18,10,8
30/03/2013,19:30,5,1,4
30/03/2013,19:45,4,1,3
30/03/2013,20:00,3,2,1
30/03/2013,20:15,3,0,3
30/03/2013,20:30,3,3,0
30/03/2013,20:45,0,0,0
30/03/2013,21:00,2,0,2
30/03/2013,21:15,2,0,2
30/03/2013,21:30,1,1,0
30/03/2013,21:45,0,0,0
30/03/2013,22:00,2,0,2
30/03/2013,22:15,1,1,0
30/03/2013,22:30,3,0,3
30/03/2013,22:45,0,0,0
30/03/2013,23:00,0,0,0
30/03/2013,23:15,2,1,1
30/03/2013,23:30,1,0,1
30/03/2013,23:45,1,1,0
31/03/2013,00:00,1,0,1
31/03/2013,00:15,0,0,0
31/03/2013,00:30,1,1,0
31/03/2013,00:45,0,0,0
31/03/2013,01:00,3,1,2
31/03/2013,01:15,0,0,0
31/03/2013,01:30,1,0,1
31/03/2013,01:45,0,0,0
31/03/2013,02:00,0,0,0
31/03/2013,02:15,0,0,0
31/03/2013,02:30,0,0,0
31/03/2013,02:45,0,0,0
31/03/2013,03:00,0,0,0
31/03/2013,03:15,0,0,0
31/03/2013,03:30,0,0,0
31/03/2013,03:45,0,0,0
31/03/2013,04:00,0,0,0
31/03/2013,04:15,0,0,0
31/03/2013,04:30,0,0,0
31/03/2013,04:45,0,0,0
31/03/2013,05:00,1,0,1
31/03/2013,05:15,1,1,0
31/03/2013,05:30,0,0,0
31/03/2013,05:45,1,0,1
31/03/2013,06:00,0,0,0
31/03/2013,06:15,2,0,2
31/03/2013,06:30,1,1,0
31/03/2013,06:45,0,0,0
31/03/2013,07:00,4,2,2
31/03/2013,07:15,4,1,3
31/03/2013,07:30,8,7,1
31/03/2013,07:45,1,0,1
31/03/2013,08:00,10,4,6
31/03/2013,08:15,7,3,4
31/03/2013,08:30,19,9,10
31/03/2013,08:45,14,10,4
31/03/2013,09:00,8,3,5
31/03/2013,09:15,9,6,3
31/03/2013,09:30,19,8,11
31/03/2013,09:45,15,4,11
31/03/2013,10:00,18,13,5
31/03/2013,10:15,16,5,11
31/03/2013,10:30,9,5,4
31/03/2013,10:45,21,9,12
31/03/2013,11:00,10,5,5
31/03/2013,11:15,15,9,6
31/03/2013,11:30,13,10,3
31/03/2013,11:45,14,4,10
31/03/2013,12:00,11,5,6
31/03/2013,12:15,19,8,11
31/03/2013,12:30,10,6,4
31/03/2013,12:45,10,3,7
31/03/2013,13:00,12,7,5
31/03/2013,13:15,7,3,4
31/03/2013,13:30,6,3,3
31/03/2013,13:45,7,4,3
31/03/2013,14:00,13,5,8
31/03/2013,14:15,4,1,3
31/03/2013,14:30,7,3,4
31/03/2013,14:45,5,2,3
31/03/2013,15:00,3,2,1
31/03/2013,15:15,2,0,2
31/03/2013,15:30,3,1,2
31/03/2013,15:45,9,5,4
31/03/2013,16:00,6,2,4
31/03/2013,16:15,6,4,2
31/03/2013,16:30,3,2,1
31/03/2013,16:45,6,0,6
31/03/2013,17:00,8,3,5
31/03/2013,17:15,8,4,4
31/03/2013,17:30,5,3,2
31/03/2013,17:45,3,1,2
31/03/2013,18:00,5,3,2
31/03/2013,18:15,8,1,7
31/03/2013,18:30,3,2,1
31/03/2013,18:45,5,0,5
31/03/2013,19:00,1,1,0
31/03/2013,19:15,3,2,1
31/03/2013,19:30,6,2,4
31/03/2013,19:45,5,1,4
31/03/2013,20:00,2,2,0
31/03/2013,20:15,1,0,1
31/03/2013,20:30,1,1,0
31/03/2013,20:45,2,1,1
31/03/2013,21:00,0,0,0
31/03/2013,21:15,1,1,0
31/03/2013,21:30,2,1,1
31/03/2013,21:45,1,0,1
31/03/2013,22:00,0,0,0
31/03/2013,22:15,1,0,1
31/03/2013,22:30,0,0,0
31/03/2013,22:45,0,0,0
31/03/2013,23:00,0,0,0
31/03/2013,23:15,0,0,0
31/03/2013,23:30,0,0,0
31/03/2013,23:45,0,0,0
01/04/2013,00:00,0,0,0
01/04/2013,00:15,0,0,0
01/04/2013,00:30,0,0,0
01/04/2013,00:45,1,0,1
01/04/2013,01:00,0,0,0
01/04/2013,01:15,0,0,0
01/04/2013,01:30,1,0,1
01/04/2013,01:45,0,0,0
01/04/2013,02:00,0,0,0
01/04/2013,02:15,0,0,0
01/04/2013,02:30,0,0,0
01/04/2013,02:45,0,0,0
01/04/2013,03:00,0,0,0
01/04/2013,03:15,0,0,0
01/04/2013,03:30,1,1,0
01/04/2013,03:45,1,1,0
01/04/2013,04:00,3,2,1
01/04/2013,04:15,1,0,1
01/04/2013,04:30,0,0,0
01/04/2013,04:45,2,1,1
01/04/2013,05:00,1,1,0
01/04/2013,05:15,5,3,2
01/04/2013,05:30,9,4,5
01/04/2013,05:45,13,6,7
01/04/2013,06:00,6,2,4
01/04/2013,06:15,4,2,2
01/04/2013,06:30,15,3,12
01/04/2013,06:45,16,6,10
01/04/2013,07:00,12,6,6
01/04/2013,07:15,22,8,14
01/04/2013,07:30,26,8,18
01/04/2013,07:45,19,7,12
01/04/2013,08:00,25,10,15
01/04/2013,08:15,24,16,8
01/04/2013,08:30,34,27,7
01/04/2013,08:45,27,10,17
01/04/2013,09:00,17,16,1
01/04/2013,09:15,22,19,3
01/04/2013,09:30,29,27,2
01/04/2013,09:45,35,29,6
01/04/2013,10:00,29,21,8
01/04/2013,10:15,8,2,6
01/04/2013,10:30,22,16,6
01/04/2013,10:45,6,4,2
01/04/2013,11:00,17,9,8
01/04/2013,11:15,5,4,1
01/04/2013,11:30,43,31,12
01/04/2013,11:45,24,14,10
01/04/2013,12:00,35,27,8
01/04/2013,12:15,30,18,12
01/04/2013,12:30,16,9,7
01/04/2013,12:45,14,8,6
01/04/2013,13:00,14,3,11
01/04/2013,13:15,21,11,10
01/04/2013,13:30,23,12,11
01/04/2013,13:45,20,15,5
01/04/2013,14:00,16,4,12
01/04/2013,14:15,11,6,5
01/04/2013,14:30,16,7,9
01/04/2013,14:45,16,7,9
01/04/2013,15:00,16,8,8
01/04/2013,15:15,12,5,7
01/04/2013,15:30,13,7,6
01/04/2013,15:45,18,10,8
01/04/2013,16:00,25,12,13
01/04/2013,16:15,21,14,7
01/04/2013,16:30,20,9,11
01/04/2013,16:45,33,15,18
01/04/2013,17:00,32,15,17
01/04/2013,17:15,37,22,15
01/04/2013,17:30,34,20,14
01/04/2013,17:45,44,22,22
01/04/2013,18:00,18,9,9
01/04/2013,18:15,37,18,19
01/04/2013,18:30,30,15,15
01/04/2013,18:45,31,17,14
01/04/2013,19:00,16,11,5
01/04/2013,19:15,19,9,10
01/04/2013,19:30,18,9,9
01/04/2013,19:45,4,3,1
01/04/2013,20:00,3,1,2
01/04/2013,20:15,1,1,0
01/04/2013,20:30,2,1,1
01/04/2013,20:45,1,0,1
01/04/2013,21:00,1,1,0
01/04/2013,21:15,1,0,1
01/04/2013,21:30,1,1,0
01/04/2013,21:45,1,0,1
01/04/2013,22:00,0,0,0
01/04/2013,22:15,0,0,0
01/04/2013,22:30,0,0,0
01/04/2013,22:45,1,1,0
01/04/2013,23:00,3,2,1
01/04/2013,23:15,1,0,1
01/04/2013,23:30,0,0,0
01/04/2013,23:45,0,0,0
02/04/2013,00:00,0,0,0
02/04/2013,00:15,0,0,0
02/04/2013,00:30,0,0,0
02/04/2013,00:45,0,0,0
02/04/2013,01:00,0,0,0
02/04/2013,01:15,1,1,0
02/04/2013,01:30,0,0,0
02/04/2013,01:45,0,0,0
02/04/2013,02:00,0,0,0
02/04/2013,02:15,1,1,0
02/04/2013,02:30,0,0,0
02/04/2013,02:45,0,0,0
02/04/2013,03:00,0,0,0
02/04/2013,03:15,0,0,0
02/04/2013,03:30,1,1,0
02/04/2013,03:45,1,1,0
02/04/2013,04:00,1,1,0
02/04/2013,04:15,0,0,0
02/04/2013,04:30,1,0,1
02/04/2013,04:45,1,1,0
02/04/2013,05:00,3,1,2
02/04/2013,05:15,5,1,4
02/04/2013,05:30,5,2,3
02/04/2013,05:45,11,7,4
02/04/2013,06:00,8,4,4
02/04/2013,06:15,7,3,4
02/04/2013,06:30,20,9,11
02/04/2013,06:45,15,6,9
02/04/2013,07:00,19,3,16
02/04/2013,07:15,18,6,12
02/04/2013,07:30,11,3,8
02/04/2013,07:45,27,9,18
02/04/2013,08:00,21,8,13
02/04/2013,08:15,17,5,12
02/04/2013,08:30,17,7,10
02/04/2013,08:45,15,7,8
02/04/2013,09:00,11,2,9
02/04/2013,09:15,6,5,1
02/04/2013,09:30,7,3,4
02/04/2013,09:45,7,4,3
02/04/2013,10:00,6,4,2
02/04/2013,10:15,5,2,3
02/04/2013,10:30,3,0,3
02/04/2013,10:45,4,2,2
02/04/2013,11:00,7,4,3
02/04/2013,11:15,6,3,3
02/04/2013,11:30,6,4,2
02/04/2013,11:45,7,2,5
02/04/2013,12:00,9,6,3
02/04/2013,12:15,6,3,3
02/04/2013,12:30,8,3,5
02/04/2013,12:45,6,5,1
02/04/2013,13:00,10,6,4
02/04/2013,13:15,15,7,8
02/04/2013,13:30,7,4,3
02/04/2013,13:45,32,25,7
02/04/2013,14:00,12,8,4
02/04/2013,14:15,12,8,4
02/04/2013,14:30,10,3,7
02/04/2013,14:45,11,4,7
02/04/2013,15:00,6,3,3
02/04/2013,15:15,4,3,1
02/04/2013,15:30,17,8,9
02/04/2013,15:45,12,6,6
02/04/2013,16:00,9,5,4
02/04/2013,16:15,15,7,8
02/04/2013,16:30,10,7,3
02/04/2013,16:45,20,11,9
02/04/2013,17:00,12,5,7
02/04/2013,17:15,31,15,16
02/04/2013,17:30,37,21,16
02/04/2013,17:45,48,21,27
02/04/2013,18:00,31,12,19
02/04/2013,18:15,32,14,18
02/04/2013,18:30,27,14,13
02/04/2013,18:45,23,12,11
02/04/2013,19:00,11,4,7
02/04/2013,19:15,15,9,6
02/04/2013,19:30,9,5,4
02/04/2013,19:45,8,3,5
02/04/2013,20:00,8,4,4
02/04/2013,20:15,5,1,4
02/04/2013,20:30,3,2,1
02/04/2013,20:45,1,1,0
02/04/2013,21:00,4,3,1
02/04/2013,21:15,4,2,2
02/04/2013,21:30,2,0,2
02/04/2013,21:45,3,1,2
02/04/2013,22:00,2,1,1
02/04/2013,22:15,1,1,0
02/04/2013,22:30,0,0,0
02/04/2013,22:45,1,0,1
02/04/2013,23:00,0,0,0
02/04/2013,23:15,3,3,0
02/04/2013,23:30,0,0,0
02/04/2013,23:45,0,0,0
03/04/2013,00:00,1,1,0
03/04/2013,00:15,1,0,1
03/04/2013,00:30,2,0,2
03/04/2013,00:45,0,0,0
03/04/2013,01:00,0,0,0
03/04/2013,01:15,0,0,0
03/04/2013,01:30,0,0,0
03/04/2013,01:45,0,0,0
03/04/2013,02:00,0,0,0
03/04/2013,02:15,0,0,0
03/04/2013,02:30,1,1,0
03/04/2013,02:45,0,0,0
03/04/2013,03:00,0,0,0
03/04/2013,03:15,0,0,0
03/04/2013,03:30,0,0,0
03/04/2013,03:45,0,0,0
03/04/2013,04:00,5,3,2
03/04/2013,04:15,0,0,0
03/04/2013,04:30,0,0,0
03/04/2013,04:45,0,0,0
03/04/2013,05:00,4,3,1
03/04/2013,05:15,3,2,1
03/04/2013,05:30,8,2,6
03/04/2013,05:45,9,8,1
03/04/2013,06:00,6,4,2
03/04/2013,06:15,6,3,3
03/04/2013,06:30,11,4,7
03/04/2013,06:45,16,7,9
03/04/2013,07:00,16,5,11
03/04/2013,07:15,18,5,13
03/04/2013,07:30,24,10,14
03/04/2013,07:45,26,12,14
03/04/2013,08:00,14,6,8
03/04/2013,08:15,16,6,10
03/04/2013,08:30,17,5,12
03/04/2013,08:45,13,8,5
03/04/2013,09:00,6,2,4
03/04/2013,09:15,9,7,2
03/04/2013,09:30,18,14,4
03/04/2013,09:45,13,3,10
03/04/2013,10:00,3,1,2
03/04/2013,10:15,8,4,4
03/04/2013,10:30,9,3,6
03/04/2013,10:45,9,4,5
03/04/2013,11:00,9,3,6
03/04/2013,11:15,15,8,7
03/04/2013,11:30,9,0,9
03/04/2013,11:45,6,4,2
03/04/2013,12:00,5,1,4
03/04/2013,12:15,7,4,3
03/04/2013,12:30,11,6,5
03/04/2013,12:45,4,2,2
03/04/2013,13:00,6,1,5
03/04/2013,13:15,11,4,7
03/04/2013,13:30,7,3,4
03/04/2013,13:45,10,8,2
03/04/2013,14:00,8,5,3
03/04/2013,14:15,7,4,3
03/04/2013,14:30,9,4,5
03/04/2013,14:45,12,3,9
03/04/2013,15:00,15,3,12
03/04/2013,15:15,6,3,3
03/04/2013,15:30,12,6,6
03/04/2013,15:45,13,6,7
03/04/2013,16:00,8,2,6
03/04/2013,16:15,19,11,8
03/04/2013,16:30,13,8,5
03/04/2013,16:45,15,9,6
03/04/2013,17:00,23,14,9
03/04/2013,17:15,33,17,16
03/04/2013,17:30,27,12,15
03/04/2013,17:45,40,23,17
03/04/2013,18:00,28,12,16
03/04/2013,18:15,32,16,16
03/04/2013,18:30,31,11,20
03/04/2013,18:45,20,12,8
03/04/2013,19:00,19,11,8
03/04/2013,19:15,15,7,8
03/04/2013,19:30,7,1,6
03/04/2013,19:45,9,6,3
03/04/2013,20:00,3,2,1
03/04/2013,20:15,7,2,5
03/04/2013,20:30,4,2,2
03/04/2013,20:45,6,3,3
03/04/2013,21:00,1,1,0
03/04/2013,21:15,3,0,3
03/04/2013,21:30,2,1,1
03/04/2013,21:45,5,3,2
03/04/2013,22:00,2,2,0
03/04/2013,22:15,2,2,0
03/04/2013,22:30,0,0,0
03/04/2013,22:45,2,0,2
03/04/2013,23:00,0,0,0
03/04/2013,23:15,0,0,0
03/04/2013,23:30,0,0,0
03/04/2013,23:45,0,0,0
04/04/2013,00:00,2,0,2
04/04/2013,00:15,1,0,1
04/04/2013,00:30,0,0,0
04/04/2013,00:45,0,0,0
04/04/2013,01:00,0,0,0
04/04/2013,01:15,0,0,0
04/04/2013,01:30,1,1,0
04/04/2013,01:45,0,0,0
04/04/2013,02:00,0,0,0
04/04/2013,02:15,0,0,0
04/04/2013,02:30,0,0,0
04/04/2013,02:45,0,0,0
04/04/2013,03:00,0,0,0
04/04/2013,03:15,0,0,0
04/04/2013,03:30,0,0,0
04/04/2013,03:45,2,1,1
04/04/2013,04:00,2,1,1
04/04/2013,04:15,0,0,0
04/04/2013,04:30,2,1,1
04/04/2013,04:45,2,2,0
04/04/2013,05:00,1,0,1
04/04/2013,05:15,4,2,2
04/04/2013,05:30,4,2,2
04/04/2013,05:45,10,5,5
04/04/2013,06:00,10,5,5
04/04/2013,06:15,7,6,1
04/04/2013,06:30,14,9,5
04/04/2013,06:45,21,8,13
04/04/2013,07:00,9,2,7
04/04/2013,07:15,20,6,14
04/04/2013,07:30,22,3,19
04/04/2013,07:45,22,9,13
04/04/2013,08:00,14,5,9
04/04/2013,08:15,22,13,9
04/04/2013,08:30,21,11,10
04/04/2013,08:45,11,3,8
04/04/2013,09:00,2,2,0
04/04/2013,09:15,10,5,5
04/04/2013,09:30,2,2,0
04/04/2013,09:45,7,4,3
04/04/2013,10:00,2,1,1
04/04/2013,10:15,3,1,2
04/04/2013,10:30,9,6,3
04/04/2013,10:45,9,5,4
04/04/2013,11:00,6,2,4
04/04/2013,11:15,11,9,2
04/04/2013,11:30,15,3,12
04/04/2013,11:45,6,3,3
04/04/2013,12:00,7,3,4
04/04/2013,12:15,2,0,2
04/04/2013,12:30,10,8,2
04/04/2013,12:45,8,4,4
04/04/2013,13:00,7,4,3
04/04/2013,13:15,8,5,3
04/04/2013,13:30,11,8,3
04/04/2013,13:45,14,9,5
04/04/2013,14:00,11,3,8
04/04/2013,14:15,13,3,10
04/04/2013,14:30,9,1,8
04/04/2013,14:45,7,4,3
04/04/2013,15:00,17,7,10
04/04/2013,15:15,6,4,2
04/04/2013,15:30,16,6,10
04/04/2013,15:45,19,10,9
04/04/2013,16:00,7,3,4
04/04/2013,16:15,21,5,16
04/04/2013,16:30,10,6,4
04/04/2013,16:45,24,17,7
04/04/2013,17:00,15,5,10
04/04/2013,17:15,30,19,11
04/04/2013,17:30,24,12,12
04/04/2013,17:45,37,19,18
04/04/2013,18:00,26,14,12
04/04/2013,18:15,30,16,14
04/04/2013,18:30,17,12,5
04/04/2013,18:45,15,8,7
04/04/2013,19:00,13,9,4
04/04/2013,19:15,15,8,7
04/04/2013,19:30,7,3,4
04/04/2013,19:45,5,1,4
04/04/2013,20:00,2,1,1
04/04/2013,20:15,8,6,2
04/04/2013,20:30,3,2,1
04/04/2013,20:45,4,2,2
04/04/2013,21:00,2,2,0
04/04/2013,21:15,3,2,1
04/04/2013,21:30,1,0,1
04/04/2013,21:45,1,1,0
04/04/2013,22:00,1,0,1
04/04/2013,22:15,1,0,1
04/04/2013,22:30,1,0,1
04/04/2013,22:45,0,0,0
04/04/2013,23:00,0,0,0
04/04/2013,23:15,1,1,0
04/04/2013,23:30,0,0,0
04/04/2013,23:45,0,0,0
05/04/2013,00:00,0,0,0
05/04/2013,00:15,0,0,0
05/04/2013,00:30,0,0,0
05/04/2013,00:45,0,0,0
05/04/2013,01:00,0,0,0
05/04/2013,01:15,0,0,0
05/04/2013,01:30,1,1,0
05/04/2013,01:45,1,0,1
05/04/2013,02:00,0,0,0
05/04/2013,02:15,0,0,0
05/04/2013,02:30,1,1,0
05/04/2013,02:45,2,2,0
05/04/2013,03:00,0,0,0
05/04/2013,03:15,0,0,0
05/04/2013,03:30,0,0,0
05/04/2013,03:45,2,2,0
05/04/2013,04:00,0,0,0
05/04/2013,04:15,1,1,0
05/04/2013,04:30,0,0,0
05/04/2013,04:45,1,0,1
05/04/2013,05:00,1,1,0
05/04/2013,05:15,1,1,0
05/04/2013,05:30,6,4,2
05/04/2013,05:45,6,6,0
05/04/2013,06:00,4,0,4
05/04/2013,06:15,4,3,1
05/04/2013,06:30,4,2,2
05/04/2013,06:45,11,4,7
05/04/2013,07:00,8,1,7
05/04/2013,07:15,14,5,9
05/04/2013,07:30,13,4,9
05/04/2013,07:45,13,6,7
05/04/2013,08:00,14,5,9
05/04/2013,08:15,25,19,6
05/04/2013,08:30,13,8,5
05/04/2013,08:45,10,3,7
05/04/2013,09:00,9,5,4
05/04/2013,09:15,7,2,5
05/04/2013,09:30,6,4,2
05/04/2013,09:45,8,4,4
05/04/2013,10:00,3,3,0
05/04/2013,10:15,6,5,1
05/04/2013,10:30,12,4,8
05/04/2013,10:45,6,1,5
05/04/2013,11:00,5,1,4
05/04/2013,11:15,9,7,2
05/04/2013,11:30,13,3,10
05/04/2013,11:45,12,5,7
05/04/2013,12:00,10,6,4
05/04/2013,12:15,7,5,2
05/04/2013,12:30,4,2,2
05/04/2013,12:45,15,11,4
05/04/2013,13:00,10,5,5
05/04/2013,13:15,9,7,2
05/04/2013,13:30,11,4,7
05/04/2013,13:45,18,6,12
05/04/2013,14:00,13,7,6
05/04/2013,14:15,15,7,8
05/04/2013,14:30,8,1,7
05/04/2013,14:45,28,12,16
05/04/2013,15:00,11,6,5
05/04/2013,15:15,14,8,6
05/04/2013,15:30,23,14,9
05/04/2013,15:45,15,10,5
05/04/2013,16:00,20,11,9
05/04/2013,16:15,26,10,16
05/04/2013,16:30,32,11,21
05/04/2013,16:45,35,23,12
05/04/2013,17:00,20,9,11
05/04/2013,17:15,36,13,23
05/04/2013,17:30,45,18,27
05/04/2013,17:45,50,17,33
05/04/2013,18:00,43,24,19
05/04/2013,18:15,31,7,24
05/04/2013,18:30,26,15,11
05/04/2013,18:45,29,12,17
05/04/2013,19:00,16,11,5
05/04/2013,19:15,17,8,9
05/04/2013,19:30,11,7,4
05/04/2013,19:45,9,6,3
05/04/2013,20:00,8,3,5
05/04/2013,20:15,5,2,3
05/04/2013,20:30,5,3,2
05/04/2013,20:45,2,1,1
05/04/2013,21:00,2,0,2
05/04/2013,21:15,2,1,1
05/04/2013,21:30,3,1,2
05/04/2013,21:45,1,0,1
05/04/2013,22:00,0,0,0
05/04/2013,22:15,1,1,0
05/04/2013,22:30,2,0,2
05/04/2013,22:45,1,0,1
05/04/2013,23:00,0,0,0
05/04/2013,23:15,1,1,0
05/04/2013,23:30,1,1,0
05/04/2013,23:45,0,0,0
06/04/2013,00:00,0,0,0
06/04/2013,00:15,2,2,0
06/04/2013,00:30,1,1,0
06/04/2013,00:45,2,1,1
06/04/2013,01:00,1,0,1
06/04/2013,01:15,1,0,1
06/04/2013,01:30,1,0,1
06/04/2013,01:45,2,1,1
06/04/2013,02:00,0,0,0
06/04/2013,02:15,0,0,0
06/04/2013,02:30,0,0,0
06/04/2013,02:45,0,0,0
06/04/2013,03:00,0,0,0
06/04/2013,03:15,0,0,0
06/04/2013,03:30,0,0,0
06/04/2013,03:45,0,0,0
06/04/2013,04:00,0,0,0
06/04/2013,04:15,0,0,0
06/04/2013,04:30,0,0,0
06/04/2013,04:45,0,0,0
06/04/2013,05:00,0,0,0
06/04/2013,05:15,1,1,0
06/04/2013,05:30,0,0,0
06/04/2013,05:45,2,2,0
06/04/2013,06:00,0,0,0
06/04/2013,06:15,4,0,4
06/04/2013,06:30,6,6,0
06/04/2013,06:45,9,8,1
06/04/2013,07:00,7,4,3
06/04/2013,07:15,5,2,3
06/04/2013,07:30,8,6,2
06/04/2013,07:45,7,5,2
06/04/2013,08:00,10,7,3
06/04/2013,08:15,14,11,3
06/04/2013,08:30,27,18,9
06/04/2013,08:45,56,29,27
06/04/2013,09:00,21,14,7
06/04/2013,09:15,25,20,5
06/04/2013,09:30,33,21,12
06/04/2013,09:45,40,25,15
06/04/2013,10:00,47,22,25
06/04/2013,10:15,45,22,23
06/04/2013,10:30,53,40,13
06/04/2013,10:45,87,34,53
06/04/2013,11:00,96,75,21
06/04/2013,11:15,49,30,19
06/04/2013,11:30,60,35,25
06/04/2013,11:45,36,20,16
06/04/2013,12:00,46,25,21
06/04/2013,12:15,53,39,14
06/04/2013,12:30,56,34,22
06/04/2013,12:45,46,35,11
06/04/2013,13:00,48,30,18
06/04/2013,13:15,40,20,20
06/04/2013,13:30,68,41,27
06/04/2013,13:45,65,33,32
06/04/2013,14:00,46,21,25
06/04/2013,14:15,40,21,19
06/04/2013,14:30,36,24,12
06/04/2013,14:45,46,21,25
06/04/2013,15:00,40,20,20
06/04/2013,15:15,46,25,21
06/04/2013,15:30,50,32,18
06/04/2013,15:45,43,17,26
06/04/2013,16:00,30,16,14
06/04/2013,16:15,48,19,29
06/04/2013,16:30,21,15,6
06/04/2013,16:45,26,11,15
06/04/2013,17:00,43,21,22
06/04/2013,17:15,33,9,24
06/04/2013,17:30,27,17,10
06/04/2013,17:45,21,15,6
06/04/2013,18:00,22,6,16
06/04/2013,18:15,13,7,6
06/04/2013,18:30,22,8,14
06/04/2013,18:45,13,6,7
06/04/2013,19:00,9,2,7
06/04/2013,19:15,15,10,5
06/04/2013,19:30,4,3,1
06/04/2013,19:45,1,1,0
06/04/2013,20:00,3,2,1
06/04/2013,20:15,2,2,0
06/04/2013,20:30,2,1,1
06/04/2013,20:45,2,0,2
06/04/2013,21:00,5,2,3
06/04/2013,21:15,0,0,0
06/04/2013,21:30,2,0,2
06/04/2013,21:45,1,1,0
06/04/2013,22:00,2,2,0
06/04/2013,22:15,1,0,1
06/04/2013,22:30,1,0,1
06/04/2013,22:45,1,0,1
06/04/2013,23:00,1,1,0
06/04/2013,23:15,4,1,3
06/04/2013,23:30,0,0,0
06/04/2013,23:45,0,0,0
07/04/2013,00:00,1,1,0
07/04/2013,00:15,0,0,0
07/04/2013,00:30,0,0,0
07/04/2013,00:45,0,0,0
07/04/2013,01:00,3,1,2
07/04/2013,01:15,0,0,0
07/04/2013,01:30,0,0,0
07/04/2013,01:45,2,1,1
07/04/2013,02:00,0,0,0
07/04/2013,02:15,1,1,0
07/04/2013,02:30,0,0,0
07/04/2013,02:45,0,0,0
07/04/2013,03:00,0,0,0
07/04/2013,03:15,1,1,0
07/04/2013,03:30,0,0,0
07/04/2013,03:45,1,1,0
07/04/2013,04:00,0,0,0
07/04/2013,04:15,0,0,0
07/04/2013,04:30,0,0,0
07/04/2013,04:45,0,0,0
07/04/2013,05:00,0,0,0
07/04/2013,05:15,1,0,1
07/04/2013,05:30,1,1,0
07/04/2013,05:45,2,2,0
07/04/2013,06:00,1,1,0
07/04/2013,06:15,5,2,3
07/04/2013,06:30,1,1,0
07/04/2013,06:45,1,1,0
07/04/2013,07:00,5,2,3
07/04/2013,07:15,6,5,1
07/04/2013,07:30,9,3,6
07/04/2013,07:45,2,2,0
07/04/2013,08:00,17,11,6
07/04/2013,08:15,13,7,6
07/04/2013,08:30,6,5,1
07/04/2013,08:45,11,5,6
07/04/2013,09:00,14,7,7
07/04/2013,09:15,13,5,8
07/04/2013,09:30,21,12,9
07/04/2013,09:45,23,8,15
07/04/2013,10:00,27,16,11
07/04/2013,10:15,42,23,19
07/04/2013,10:30,40,28,12
07/04/2013,10:45,38,22,16
07/04/2013,11:00,36,17,19
07/04/2013,11:15,22,12,10
07/04/2013,11:30,42,27,15
07/04/2013,11:45,51,28,23
07/04/2013,12:00,42,21,21
07/04/2013,12:15,71,37,34
07/04/2013,12:30,48,21,27
07/04/2013,12:45,65,36,29
07/04/2013,13:00,46,24,22
07/04/2013,13:15,55,30,25
07/04/2013,13:30,51,25,26
07/04/2013,13:45,63,24,39
07/04/2013,14:00,60,32,28
07/04/2013,14:15,67,31,36
07/04/2013,14:30,60,25,35
07/04/2013,14:45,84,36,48
07/04/2013,15:00,58,30,28
07/04/2013,15:15,62,26,36
07/04/2013,15:30,84,42,42
07/04/2013,15:45,55,21,34
07/04/2013,16:00,47,25,22
07/04/2013,16:15,59,21,38
07/04/2013,16:30,48,24,24
07/04/2013,16:45,53,34,19
07/04/2013,17:00,52,24,28
07/04/2013,17:15,54,25,29
07/04/2013,17:30,30,16,14
07/04/2013,17:45,26,12,14
07/04/2013,18:00,29,13,16
07/04/2013,18:15,37,22,15
07/04/2013,18:30,46,19,27
07/04/2013,18:45,27,14,13
07/04/2013,19:00,30,14,16
07/04/2013,19:15,13,8,5
07/04/2013,19:30,15,9,6
07/04/2013,19:45,3,0,3
07/04/2013,20:00,13,7,6
07/04/2013,20:15,9,2,7
07/04/2013,20:30,7,3,4
07/04/2013,20:45,2,0,2
07/04/2013,21:00,2,0,2
07/04/2013,21:15,1,1,0
07/04/2013,21:30,3,2,1
07/04/2013,21:45,1,0,1
07/04/2013,22:00,2,0,2
07/04/2013,22:15,0,0,0
07/04/2013,22:30,0,0,0
07/04/2013,22:45,1,1,0
07/04/2013,23:00,1,1,0
07/04/2013,23:15,1,0,1
07/04/2013,23:30,1,0,1
07/04/2013,23:45,1,0,1
08/04/2013,00:00,1,1,0
08/04/2013,00:15,0,0,0
08/04/2013,00:30,0,0,0
08/04/2013,00:45,0,0,0
08/04/2013,01:00,1,1,0
08/04/2013,01:15,0,0,0
08/04/2013,01:30,0,0,0
08/04/2013,01:45,0,0,0
08/04/2013,02:00,0,0,0
08/04/2013,02:15,0,0,0
08/04/2013,02:30,1,0,1
08/04/2013,02:45,0,0,0
08/04/2013,03:00,0,0,0
08/04/2013,03:15,0,0,0
08/04/2013,03:30,2,2,0
08/04/2013,03:45,1,1,0
08/04/2013,04:00,1,1,0
08/04/2013,04:15,0,0,0
08/04/2013,04:30,0,0,0
08/04/2013,04:45,2,1,1
08/04/2013,05:00,2,1,1
08/04/2013,05:15,3,2,1
08/04/2013,05:30,7,3,4
08/04/2013,05:45,10,5,5
08/04/2013,06:00,7,4,3
08/04/2013,06:15,14,9,5
08/04/2013,06:30,15,5,10
08/04/2013,06:45,22,8,14
08/04/2013,07:00,28,6,22
08/04/2013,07:15,24,8,16
08/04/2013,07:30,27,10,17
08/04/2013,07:45,36,8,28
08/04/2013,08:00,27,9,18
08/04/2013,08:15,24,9,15
08/04/2013,08:30,25,9,16
08/04/2013,08:45,15,8,7
08/04/2013,09:00,10,4,6
08/04/2013,09:15,21,15,6
08/04/2013,09:30,10,4,6
08/04/2013,09:45,6,2,4
08/04/2013,10:00,11,5,6
08/04/2013,10:15,18,5,13
08/04/2013,10:30,13,5,8
08/04/2013,10:45,8,4,4
08/04/2013,11:00,13,9,4
08/04/2013,11:15,19,11,8
08/04/2013,11:30,19,12,7
08/04/2013,11:45,14,7,7
08/04/2013,12:00,15,10,5
08/04/2013,12:15,14,12,2
08/04/2013,12:30,21,4,17
08/04/2013,12:45,18,10,8
08/04/2013,13:00,21,8,13
08/04/2013,13:15,17,7,10
08/04/2013,13:30,35,24,11
08/04/2013,13:45,21,12,9
08/04/2013,14:00,22,14,8
08/04/2013,14:15,21,13,8
08/04/2013,14:30,29,9,20
08/04/2013,14:45,18,6,12
08/04/2013,15:00,14,6,8
08/04/2013,15:15,27,14,13
08/04/2013,15:30,22,14,8
08/04/2013,15:45,21,12,9
08/04/2013,16:00,23,10,13
08/04/2013,16:15,34,15,19
08/04/2013,16:30,31,18,13
08/04/2013,16:45,36,15,21
08/04/2013,17:00,37,28,9
08/04/2013,17:15,74,46,28
08/04/2013,17:30,69,42,27
08/04/2013,17:45,61,41,20
08/04/2013,18:00,67,31,36
08/04/2013,18:15,66,38,28
08/04/2013,18:30,48,29,19
08/04/2013,18:45,53,38,15
08/04/2013,19:00,48,23,25
08/04/2013,19:15,45,22,23
08/04/2013,19:30,40,23,17
08/04/2013,19:45,19,9,10
08/04/2013,20:00,11,8,3
08/04/2013,20:15,13,10,3
08/04/2013,20:30,5,3,2
08/04/2013,20:45,8,5,3
08/04/2013,21:00,4,2,2
08/04/2013,21:15,5,4,1
08/04/2013,21:30,3,1,2
08/04/2013,21:45,0,0,0
08/04/2013,22:00,0,0,0
08/04/2013,22:15,3,1,2
08/04/2013,22:30,1,1,0
08/04/2013,22:45,1,1,0
08/04/2013,23:00,1,0,1
08/04/2013,23:15,4,1,3
08/04/2013,23:30,1,1,0
08/04/2013,23:45,2,0,2
09/04/2013,00:00,0,0,0
09/04/2013,00:15,2,2,0
09/04/2013,00:30,0,0,0
09/04/2013,00:45,0,0,0
09/04/2013,01:00,1,1,0
09/04/2013,01:15,2,1,1
09/04/2013,01:30,2,2,0
09/04/2013,01:45,0,0,0
09/04/2013,02:00,3,1,2
09/04/2013,02:15,0,0,0
09/04/2013,02:30,0,0,0
09/04/2013,02:45,0,0,0
09/04/2013,03:00,0,0,0
09/04/2013,03:15,0,0,0
09/04/2013,03:30,2,1,1
09/04/2013,03:45,0,0,0
09/04/2013,04:00,1,0,1
09/04/2013,04:15,0,0,0
09/04/2013,04:30,1,1,0
09/04/2013,04:45,2,1,1
09/04/2013,05:00,3,1,2
09/04/2013,05:15,6,4,2
09/04/2013,05:30,7,5,2
09/04/2013,05:45,15,9,6
09/04/2013,06:00,8,3,5
09/04/2013,06:15,13,7,6
09/04/2013,06:30,22,9,13
09/04/2013,06:45,31,14,17
09/04/2013,07:00,30,10,20
09/04/2013,07:15,31,10,21
09/04/2013,07:30,48,12,36
09/04/2013,07:45,48,15,33
09/04/2013,08:00,27,12,15
09/04/2013,08:15,30,10,20
09/04/2013,08:30,24,7,17
09/04/2013,08:45,15,5,10
09/04/2013,09:00,11,2,9
09/04/2013,09:15,16,5,11
09/04/2013,09:30,15,4,11
09/04/2013,09:45,15,6,9
09/04/2013,10:00,12,7,5
09/04/2013,10:15,10,4,6
09/04/2013,10:30,19,9,10
09/04/2013,10:45,18,5,13
09/04/2013,11:00,21,7,14
09/04/2013,11:15,12,7,5
09/04/2013,11:30,6,5,1
09/04/2013,11:45,24,12,12
09/04/2013,12:00,18,9,9
09/04/2013,12:15,28,23,5
09/04/2013,12:30,23,13,10
09/04/2013,12:45,19,12,7
09/04/2013,13:00,20,12,8
09/04/2013,13:15,24,14,10
09/04/2013,13:30,23,13,10
09/04/2013,13:45,43,27,16
09/04/2013,14:00,23,16,7
09/04/2013,14:15,12,7,5
09/04/2013,14:30,18,9,9
09/04/2013,14:45,13,3,10
09/04/2013,15:00,16,7,9
09/04/2013,15:15,18,8,10
09/04/2013,15:30,18,9,9
09/04/2013,15:45,17,5,12
09/04/2013,16:00,35,19,16
09/04/2013,16:15,35,20,15
09/04/2013,16:30,36,18,18
09/04/2013,16:45,47,31,16
09/04/2013,17:00,47,27,20
09/04/2013,17:15,57,25,32
09/04/2013,17:30,60,36,24
09/04/2013,17:45,53,35,18
09/04/2013,18:00,65,46,19
09/04/2013,18:15,69,43,26
09/04/2013,18:30,60,39,21
09/04/2013,18:45,59,47,12
09/04/2013,19:00,59,41,18
09/04/2013,19:15,29,19,10
09/04/2013,19:30,84,68,16
09/04/2013,19:45,30,11,19
09/04/2013,20:00,19,15,4
09/04/2013,20:15,8,3,5
09/04/2013,20:30,12,7,5
09/04/2013,20:45,7,4,3
09/04/2013,21:00,0,0,0
09/04/2013,21:15,3,1,2
09/04/2013,21:30,4,2,2
09/04/2013,21:45,4,1,3
09/04/2013,22:00,0,0,0
09/04/2013,22:15,2,0,2
09/04/2013,22:30,1,0,1
09/04/2013,22:45,1,1,0
09/04/2013,23:00,4,1,3
09/04/2013,23:15,8,3,5
09/04/2013,23:30,0,0,0
09/04/2013,23:45,0,0,0
10/04/2013,00:00,2,2,0
10/04/2013,00:15,3,2,1
10/04/2013,00:30,1,1,0
10/04/2013,00:45,0,0,0
10/04/2013,01:00,0,0,0
10/04/2013,01:15,0,0,0
10/04/2013,01:30,2,2,0
10/04/2013,01:45,0,0,0
10/04/2013,02:00,0,0,0
10/04/2013,02:15,0,0,0
10/04/2013,02:30,0,0,0
10/04/2013,02:45,1,1,0
10/04/2013,03:00,0,0,0
10/04/2013,03:15,0,0,0
10/04/2013,03:30,0,0,0
10/04/2013,03:45,2,1,1
10/04/2013,04:00,2,1,1
10/04/2013,04:15,0,0,0
10/04/2013,04:30,0,0,0
10/04/2013,04:45,3,1,2
10/04/2013,05:00,1,0,1
10/04/2013,05:15,3,1,2
10/04/2013,05:30,10,3,7
10/04/2013,05:45,17,11,6
10/04/2013,06:00,9,4,5
10/04/2013,06:15,13,7,6
10/04/2013,06:30,26,9,17
10/04/2013,06:45,28,8,20
10/04/2013,07:00,35,13,22
10/04/2013,07:15,35,6,29
10/04/2013,07:30,28,5,23
10/04/2013,07:45,39,20,19
10/04/2013,08:00,31,14,17
10/04/2013,08:15,29,9,20
10/04/2013,08:30,27,9,18
10/04/2013,08:45,19,7,12
10/04/2013,09:00,15,6,9
10/04/2013,09:15,11,2,9
10/04/2013,09:30,17,5,12
10/04/2013,09:45,26,20,6
10/04/2013,10:00,13,7,6
10/04/2013,10:15,14,7,7
10/04/2013,10:30,11,6,5
10/04/2013,10:45,21,13,8
10/04/2013,11:00,20,10,10
10/04/2013,11:15,20,10,10
10/04/2013,11:30,16,8,8
10/04/2013,11:45,18,9,9
10/04/2013,12:00,30,19,11
10/04/2013,12:15,16,10,6
10/04/2013,12:30,13,9,4
10/04/2013,12:45,21,9,12
10/04/2013,13:00,31,18,13
10/04/2013,13:15,20,14,6
10/04/2013,13:30,13,6,7
10/04/2013,13:45,23,15,8
10/04/2013,14:00,19,10,9
10/04/2013,14:15,20,19,1
10/04/2013,14:30,17,11,6
10/04/2013,14:45,34,23,11
10/04/2013,15:00,22,16,6
10/04/2013,15:15,19,11,8
10/04/2013,15:30,24,17,7
10/04/2013,15:45,24,13,11
10/04/2013,16:00,25,14,11
10/04/2013,16:15,18,14,4
10/04/2013,16:30,18,16,2
10/04/2013,16:45,43,33,10
10/04/2013,17:00,41,31,10
10/04/2013,17:15,58,44,14
10/04/2013,17:30,77,54,23
10/04/2013,17:45,60,45,15
10/04/2013,18:00,49,39,10
10/04/2013,18:15,52,44,8
10/04/2013,18:30,61,52,9
10/04/2013,18:45,56,45,11
10/04/2013,19:00,62,43,19
10/04/2013,19:15,59,46,13
10/04/2013,19:30,27,22,5
10/04/2013,19:45,27,16,11
10/04/2013,20:00,20,12,8
10/04/2013,20:15,9,6,3
10/04/2013,20:30,12,6,6
10/04/2013,20:45,10,7,3
10/04/2013,21:00,1,1,0
10/04/2013,21:15,2,1,1
10/04/2013,21:30,1,1,0
10/04/2013,21:45,4,4,0
10/04/2013,22:00,3,2,1
10/04/2013,22:15,1,0,1
10/04/2013,22:30,2,1,1
10/04/2013,22:45,3,2,1
10/04/2013,23:00,0,0,0
10/04/2013,23:15,1,1,0
10/04/2013,23:30,4,1,3
10/04/2013,23:45,1,1,0
11/04/2013,00:00,0,0,0
11/04/2013,00:15,3,1,2
11/04/2013,00:30,0,0,0
11/04/2013,00:45,0,0,0
11/04/2013,01:00,0,0,0
11/04/2013,01:15,1,1,0
11/04/2013,01:30,2,2,0
11/04/2013,01:45,0,0,0
11/04/2013,02:00,0,0,0
11/04/2013,02:15,1,1,0
11/04/2013,02:30,1,0,1
11/04/2013,02:45,0,0,0
11/04/2013,03:00,0,0,0
11/04/2013,03:15,0,0,0
11/04/2013,03:30,1,1,0
11/04/2013,03:45,3,1,2
11/04/2013,04:00,0,0,0
11/04/2013,04:15,2,2,0
11/04/2013,04:30,2,1,1
11/04/2013,04:45,2,1,1
11/04/2013,05:00,1,0,1
11/04/2013,05:15,6,3,3
11/04/2013,05:30,9,1,8
11/04/2013,05:45,14,10,4
11/04/2013,06:00,15,8,7
11/04/2013,06:15,7,3,4
11/04/2013,06:30,20,9,11
11/04/2013,06:45,26,11,15
11/04/2013,07:00,34,11,23
11/04/2013,07:15,35,11,24
11/04/2013,07:30,31,13,18
11/04/2013,07:45,37,11,26
11/04/2013,08:00,22,6,16
11/04/2013,08:15,38,11,27
11/04/2013,08:30,22,11,11
11/04/2013,08:45,16,6,10
11/04/2013,09:00,24,10,14
11/04/2013,09:15,15,6,9
11/04/2013,09:30,15,8,7
11/04/2013,09:45,18,12,6
11/04/2013,10:00,19,12,7
11/04/2013,10:15,20,12,8
11/04/2013,10:30,15,5,10
11/04/2013,10:45,25,17,8
11/04/2013,11:00,17,14,3
11/04/2013,11:15,12,8,4
11/04/2013,11:30,21,15,6
11/04/2013,11:45,28,25,3
11/04/2013,12:00,21,16,5
11/04/2013,12:15,34,25,9
11/04/2013,12:30,19,13,6
11/04/2013,12:45,21,18,3
11/04/2013,13:00,7,2,5
11/04/2013,13:15,21,17,4
11/04/2013,13:30,17,8,9
11/04/2013,13:45,20,10,10
11/04/2013,14:00,16,10,6
11/04/2013,14:15,19,13,6
11/04/2013,14:30,28,19,9
11/04/2013,14:45,16,9,7
11/04/2013,15:00,21,9,12
11/04/2013,15:15,14,5,9
11/04/2013,15:30,20,14,6
11/04/2013,15:45,29,16,13
11/04/2013,16:00,22,13,9
11/04/2013,16:15,26,17,9
11/04/2013,16:30,35,26,9
11/04/2013,16:45,31,27,4
11/04/2013,17:00,44,31,13
11/04/2013,17:15,33,26,7
11/04/2013,17:30,49,37,12
11/04/2013,17:45,55,44,11
11/04/2013,18:00,51,39,12
11/04/2013,18:15,43,27,16
11/04/2013,18:30,46,34,12
11/04/2013,18:45,41,27,14
11/04/2013,19:00,39,26,13
11/04/2013,19:15,33,19,14
11/04/2013,19:30,27,17,10
11/04/2013,19:45,21,10,11
11/04/2013,20:00,14,6,8
11/04/2013,20:15,8,7,1
11/04/2013,20:30,6,2,4
11/04/2013,20:45,9,7,2
11/04/2013,21:00,2,1,1
11/04/2013,21:15,5,3,2
11/04/2013,21:30,4,1,3
11/04/2013,21:45,3,1,2
11/04/2013,22:00,3,2,1
11/04/2013,22:15,3,1,2
11/04/2013,22:30,1,1,0
11/04/2013,22:45,0,0,0
11/04/2013,23:00,1,1,0
11/04/2013,23:15,0,0,0
11/04/2013,23:30,0,0,0
11/04/2013,23:45,1,1,0
12/04/2013,00:00,2,0,2
12/04/2013,00:15,0,0,0
12/04/2013,00:30,0,0,0
12/04/2013,00:45,1,0,1
12/04/2013,01:00,0,0,0
12/04/2013,01:15,0,0,0
12/04/2013,01:30,0,0,0
12/04/2013,01:45,0,0,0
12/04/2013,02:00,3,2,1
12/04/2013,02:15,1,1,0
12/04/2013,02:30,0,0,0
12/04/2013,02:45,1,1,0
12/04/2013,03:00,0,0,0
12/04/2013,03:15,0,0,0
12/04/2013,03:30,0,0,0
12/04/2013,03:45,1,1,0
12/04/2013,04:00,1,0,1
12/04/2013,04:15,0,0,0
12/04/2013,04:30,1,1,0
12/04/2013,04:45,1,0,1
12/04/2013,05:00,2,2,0
12/04/2013,05:15,3,2,1
12/04/2013,05:30,9,7,2
12/04/2013,05:45,10,6,4
12/04/2013,06:00,7,3,4
12/04/2013,06:15,5,3,2
12/04/2013,06:30,6,5,1
12/04/2013,06:45,9,6,3
12/04/2013,07:00,4,3,1
12/04/2013,07:15,5,1,4
12/04/2013,07:30,4,1,3
12/04/2013,07:45,3,0,3
12/04/2013,08:00,3,2,1
12/04/2013,08:15,2,0,2
12/04/2013,08:30,3,3,0
12/04/2013,08:45,2,2,0
12/04/2013,09:00,8,5,3
12/04/2013,09:15,3,1,2
12/04/2013,09:30,4,2,2
12/04/2013,09:45,0,0,0
12/04/2013,10:00,4,2,2
12/04/2013,10:15,5,2,3
12/04/2013,10:30,4,2,2
12/04/2013,10:45,1,1,0
12/04/2013,11:00,3,0,3
12/04/2013,11:15,2,0,2
12/04/2013,11:30,6,0,6
12/04/2013,11:45,6,3,3
12/04/2013,12:00,2,0,2
12/04/2013,12:15,8,5,3
12/04/2013,12:30,3,2,1
12/04/2013,12:45,3,1,2
12/04/2013,13:00,3,1,2
12/04/2013,13:15,7,3,4
12/04/2013,13:30,9,5,4
12/04/2013,13:45,11,6,5
12/04/2013,14:00,5,3,2
12/04/2013,14:15,10,2,8
12/04/2013,14:30,8,3,5
12/04/2013,14:45,15,4,11
12/04/2013,15:00,10,6,4
12/04/2013,15:15,23,14,9
12/04/2013,15:30,10,3,7
12/04/2013,15:45,17,6,11
12/04/2013,16:00,11,7,4
12/04/2013,16:15,21,12,9
12/04/2013,16:30,7,4,3
12/04/2013,16:45,23,7,16
12/04/2013,17:00,20,8,12
12/04/2013,17:15,11,7,4
12/04/2013,17:30,21,14,7
12/04/2013,17:45,20,8,12
12/04/2013,18:00,37,13,24
12/04/2013,18:15,41,15,26
12/04/2013,18:30,24,14,10
12/04/2013,18:45,25,13,12
12/04/2013,19:00,35,22,13
12/04/2013,19:15,18,8,10
12/04/2013,19:30,10,4,6
12/04/2013,19:45,13,5,8
12/04/2013,20:00,5,0,5
12/04/2013,20:15,4,2,2
12/04/2013,20:30,6,1,5
12/04/2013,20:45,4,0,4
12/04/2013,21:00,0,0,0
12/04/2013,21:15,2,2,0
12/04/2013,21:30,1,0,1
12/04/2013,21:45,2,0,2
12/04/2013,22:00,1,0,1
12/04/2013,22:15,2,2,0
12/04/2013,22:30,0,0,0
12/04/2013,22:45,0,0,0
12/04/2013,23:00,0,0,0
12/04/2013,23:15,0,0,0
12/04/2013,23:30,1,0,1
12/04/2013,23:45,0,0,0
13/04/2013,00:00,1,0,1
13/04/2013,00:15,2,0,2
13/04/2013,00:30,2,2,0
13/04/2013,00:45,0,0,0
13/04/2013,01:00,0,0,0
13/04/2013,01:15,1,0,1
13/04/2013,01:30,0,0,0
13/04/2013,01:45,0,0,0
13/04/2013,02:00,0,0,0
13/04/2013,02:15,1,1,0
13/04/2013,02:30,0,0,0
13/04/2013,02:45,0,0,0
13/04/2013,03:00,2,2,0
13/04/2013,03:15,0,0,0
13/04/2013,03:30,1,1,0
13/04/2013,03:45,0,0,0
13/04/2013,04:00,1,1,0
13/04/2013,04:15,1,1,0
13/04/2013,04:30,0,0,0
13/04/2013,04:45,0,0,0
13/04/2013,05:00,0,0,0
13/04/2013,05:15,2,2,0
13/04/2013,05:30,1,0,1
13/04/2013,05:45,3,3,0
13/04/2013,06:00,3,2,1
13/04/2013,06:15,4,1,3
13/04/2013,06:30,8,4,4
13/04/2013,06:45,7,6,1
13/04/2013,07:00,12,7,5
13/04/2013,07:15,11,4,7
13/04/2013,07:30,3,2,1
13/04/2013,07:45,28,16,12
13/04/2013,08:00,21,12,9
13/04/2013,08:15,28,15,13
13/04/2013,08:30,34,22,12
13/04/2013,08:45,37,20,17
13/04/2013,09:00,20,6,14
13/04/2013,09:15,46,25,21
13/04/2013,09:30,53,32,21
13/04/2013,09:45,38,18,20
13/04/2013,10:00,53,30,23
13/04/2013,10:15,58,29,29
13/04/2013,10:30,71,38,33
13/04/2013,10:45,32,18,14
13/04/2013,11:00,51,25,26
13/04/2013,11:15,52,28,24
13/04/2013,11:30,52,19,33
13/04/2013,11:45,53,25,28
13/04/2013,12:00,59,32,27
13/04/2013,12:15,38,15,23
13/04/2013,12:30,56,33,23
13/04/2013,12:45,45,23,22
13/04/2013,13:00,60,29,31
13/04/2013,13:15,57,33,24
13/04/2013,13:30,35,21,14
13/04/2013,13:45,45,15,30
13/04/2013,14:00,46,19,27
13/04/2013,14:15,31,17,14
13/04/2013,14:30,54,23,31
13/04/2013,14:45,33,14,19
13/04/2013,15:00,56,15,41
13/04/2013,15:15,38,18,20
13/04/2013,15:30,53,23,30
13/04/2013,15:45,45,18,27
13/04/2013,16:00,42,19,23
13/04/2013,16:15,36,13,23
13/04/2013,16:30,52,29,23
13/04/2013,16:45,47,24,23
13/04/2013,17:00,50,22,28
13/04/2013,17:15,44,22,22
13/04/2013,17:30,46,26,20
13/04/2013,17:45,38,8,30
13/04/2013,18:00,37,17,20
13/04/2013,18:15,32,15,17
13/04/2013,18:30,17,6,11
13/04/2013,18:45,23,14,9
13/04/2013,19:00,27,9,18
13/04/2013,19:15,20,9,11
13/04/2013,19:30,9,4,5
13/04/2013,19:45,8,3,5
13/04/2013,20:00,6,4,2
13/04/2013,20:15,9,5,4
13/04/2013,20:30,7,3,4
13/04/2013,20:45,1,0,1
13/04/2013,21:00,1,0,1
13/04/2013,21:15,2,0,2
13/04/2013,21:30,3,2,1
13/04/2013,21:45,2,0,2
13/04/2013,22:00,2,2,0
13/04/2013,22:15,0,0,0
13/04/2013,22:30,0,0,0
13/04/2013,22:45,2,1,1
13/04/2013,23:00,1,0,1
13/04/2013,23:15,0,0,0
13/04/2013,23:30,0,0,0
13/04/2013,23:45,0,0,0
14/04/2013,00:00,0,0,0
14/04/2013,00:15,1,0,1
14/04/2013,00:30,2,2,0
14/04/2013,00:45,0,0,0
14/04/2013,01:00,0,0,0
14/04/2013,01:15,3,2,1
14/04/2013,01:30,0,0,0
14/04/2013,01:45,1,1,0
14/04/2013,02:00,2,0,2
14/04/2013,02:15,1,0,1
14/04/2013,02:30,3,1,2
14/04/2013,02:45,2,2,0
14/04/2013,03:00,1,1,0
14/04/2013,03:15,0,0,0
14/04/2013,03:30,1,1,0
14/04/2013,03:45,1,1,0
14/04/2013,04:00,1,1,0
14/04/2013,04:15,0,0,0
14/04/2013,04:30,0,0,0
14/04/2013,04:45,1,1,0
14/04/2013,05:00,3,2,1
14/04/2013,05:15,3,0,3
14/04/2013,05:30,1,1,0
14/04/2013,05:45,1,0,1
14/04/2013,06:00,1,0,1
14/04/2013,06:15,0,0,0
14/04/2013,06:30,0,0,0
14/04/2013,06:45,3,2,1
14/04/2013,07:00,7,5,2
14/04/2013,07:15,8,3,5
14/04/2013,07:30,6,3,3
14/04/2013,07:45,10,6,4
14/04/2013,08:00,12,6,6
14/04/2013,08:15,25,11,14
14/04/2013,08:30,20,10,10
14/04/2013,08:45,28,14,14
14/04/2013,09:00,15,9,6
14/04/2013,09:15,23,10,13
14/04/2013,09:30,38,13,25
14/04/2013,09:45,32,12,20
14/04/2013,10:00,37,24,13
14/04/2013,10:15,45,22,23
14/04/2013,10:30,47,26,21
14/04/2013,10:45,48,22,26
14/04/2013,11:00,64,33,31
14/04/2013,11:15,66,42,24
14/04/2013,11:30,62,26,36
14/04/2013,11:45,89,55,34
14/04/2013,12:00,47,23,24
14/04/2013,12:15,75,34,41
14/04/2013,12:30,57,25,32
14/04/2013,12:45,78,42,36
14/04/2013,13:00,67,32,35
14/04/2013,13:15,47,27,20
14/04/2013,13:30,44,26,18
14/04/2013,13:45,70,34,36
14/04/2013,14:00,74,40,34
14/04/2013,14:15,68,39,29
14/04/2013,14:30,58,30,28
14/04/2013,14:45,72,33,39
14/04/2013,15:00,54,24,30
14/04/2013,15:15,65,30,35
14/04/2013,15:30,57,30,27
14/04/2013,15:45,50,25,25
14/04/2013,16:00,45,23,22
14/04/2013,16:15,58,34,24
14/04/2013,16:30,48,29,19
14/04/2013,16:45,63,32,31
14/04/2013,17:00,37,18,19
14/04/2013,17:15,55,27,28
14/04/2013,17:30,51,29,22
14/04/2013,17:45,28,7,21
14/04/2013,18:00,29,12,17
14/04/2013,18:15,21,16,5
14/04/2013,18:30,18,8,10
14/04/2013,18:45,21,10,11
14/04/2013,19:00,24,14,10
14/04/2013,19:15,10,6,4
14/04/2013,19:30,9,5,4
14/04/2013,19:45,14,5,9
14/04/2013,20:00,3,1,2
14/04/2013,20:15,4,2,2
14/04/2013,20:30,4,3,1
14/04/2013,20:45,3,0,3
14/04/2013,21:00,2,1,1
14/04/2013,21:15,3,3,0
14/04/2013,21:30,2,1,1
14/04/2013,21:45,0,0,0
14/04/2013,22:00,1,0,1
14/04/2013,22:15,1,1,0
14/04/2013,22:30,0,0,0
14/04/2013,22:45,1,0,1
14/04/2013,23:00,1,1,0
14/04/2013,23:15,0,0,0
14/04/2013,23:30,1,1,0
14/04/2013,23:45,2,2,0
15/04/2013,00:00,0,0,0
15/04/2013,00:15,0,0,0
15/04/2013,00:30,0,0,0
15/04/2013,00:45,0,0,0
15/04/2013,01:00,0,0,0
15/04/2013,01:15,0,0,0
15/04/2013,01:30,0,0,0
15/04/2013,01:45,0,0,0
15/04/2013,02:00,1,0,1
15/04/2013,02:15,0,0,0
15/04/2013,02:30,0,0,0
15/04/2013,02:45,0,0,0
15/04/2013,03:00,0,0,0
15/04/2013,03:15,0,0,0
15/04/2013,03:30,2,1,1
15/04/2013,03:45,0,0,0
15/04/2013,04:00,1,1,0
15/04/2013,04:15,1,0,1
15/04/2013,04:30,1,0,1
15/04/2013,04:45,3,1,2
15/04/2013,05:00,1,1,0
15/04/2013,05:15,6,1,5
15/04/2013,05:30,14,8,6
15/04/2013,05:45,10,6,4
15/04/2013,06:00,8,3,5
15/04/2013,06:15,8,3,5
15/04/2013,06:30,15,6,9
15/04/2013,06:45,29,11,18
15/04/2013,07:00,21,4,17
15/04/2013,07:15,28,10,18
15/04/2013,07:30,21,6,15
15/04/2013,07:45,19,8,11
15/04/2013,08:00,18,9,9
15/04/2013,08:15,25,11,14
15/04/2013,08:30,16,6,10
15/04/2013,08:45,16,9,7
15/04/2013,09:00,11,5,6
15/04/2013,09:15,5,3,2
15/04/2013,09:30,4,2,2
15/04/2013,09:45,2,1,1
15/04/2013,10:00,9,4,5
15/04/2013,10:15,9,4,5
15/04/2013,10:30,6,2,4
15/04/2013,10:45,8,3,5
15/04/2013,11:00,8,1,7
15/04/2013,11:15,10,3,7
15/04/2013,11:30,11,3,8
15/04/2013,11:45,14,8,6
15/04/2013,12:00,13,7,6
15/04/2013,12:15,9,6,3
15/04/2013,12:30,10,3,7
15/04/2013,12:45,9,4,5
15/04/2013,13:00,10,6,4
15/04/2013,13:15,9,5,4
15/04/2013,13:30,9,6,3
15/04/2013,13:45,8,0,8
15/04/2013,14:00,11,7,4
15/04/2013,14:15,9,7,2
15/04/2013,14:30,11,5,6
15/04/2013,14:45,14,5,9
15/04/2013,15:00,17,5,12
15/04/2013,15:15,9,6,3
15/04/2013,15:30,18,12,6
15/04/2013,15:45,10,8,2
15/04/2013,16:00,16,7,9
15/04/2013,16:15,26,12,14
15/04/2013,16:30,16,6,10
15/04/2013,16:45,21,13,8
15/04/2013,17:00,39,22,17
15/04/2013,17:15,31,19,12
15/04/2013,17:30,28,13,15
15/04/2013,17:45,33,20,13
15/04/2013,18:00,27,13,14
15/04/2013,18:15,26,20,6
15/04/2013,18:30,37,25,12
15/04/2013,18:45,28,20,8
15/04/2013,19:00,24,13,11
15/04/2013,19:15,20,13,7
15/04/2013,19:30,11,7,4
15/04/2013,19:45,8,7,1
15/04/2013,20:00,3,0,3
15/04/2013,20:15,4,2,2
15/04/2013,20:30,1,1,0
15/04/2013,20:45,5,1,4
15/04/2013,21:00,0,0,0
15/04/2013,21:15,1,0,1
15/04/2013,21:30,8,7,1
15/04/2013,21:45,1,1,0
15/04/2013,22:00,2,0,2
15/04/2013,22:15,3,1,2
15/04/2013,22:30,0,0,0
15/04/2013,22:45,1,1,0
15/04/2013,23:00,0,0,0
15/04/2013,23:15,0,0,0
15/04/2013,23:30,0,0,0
15/04/2013,23:45,1,1,0
16/04/2013,00:00,0,0,0
16/04/2013,00:15,0,0,0
16/04/2013,00:30,1,0,1
16/04/2013,00:45,0,0,0
16/04/2013,01:00,2,1,1
16/04/2013,01:15,0,0,0
16/04/2013,01:30,0,0,0
16/04/2013,01:45,0,0,0
16/04/2013,02:00,2,1,1
16/04/2013,02:15,0,0,0
16/04/2013,02:30,0,0,0
16/04/2013,02:45,1,1,0
16/04/2013,03:00,0,0,0
16/04/2013,03:15,0,0,0
16/04/2013,03:30,2,1,1
16/04/2013,03:45,1,1,0
16/04/2013,04:00,2,2,0
16/04/2013,04:15,0,0,0
16/04/2013,04:30,3,2,1
16/04/2013,04:45,3,1,2
16/04/2013,05:00,3,2,1
16/04/2013,05:15,5,3,2
16/04/2013,05:30,7,3,4
16/04/2013,05:45,15,8,7
16/04/2013,06:00,16,9,7
16/04/2013,06:15,10,4,6
16/04/2013,06:30,29,13,16
16/04/2013,06:45,24,8,16
16/04/2013,07:00,28,3,25
16/04/2013,07:15,35,10,25
16/04/2013,07:30,35,6,29
16/04/2013,07:45,31,11,20
16/04/2013,08:00,37,11,26
16/04/2013,08:15,25,9,16
16/04/2013,08:30,28,11,17
16/04/2013,08:45,24,10,14
16/04/2013,09:00,15,6,9
16/04/2013,09:15,8,4,4
16/04/2013,09:30,7,3,4
16/04/2013,09:45,8,3,5
16/04/2013,10:00,7,3,4
16/04/2013,10:15,7,0,7
16/04/2013,10:30,5,3,2
16/04/2013,10:45,5,1,4
16/04/2013,11:00,14,5,9
16/04/2013,11:15,7,1,6
16/04/2013,11:30,5,3,2
16/04/2013,11:45,8,3,5
16/04/2013,12:00,5,5,0
16/04/2013,12:15,10,3,7
16/04/2013,12:30,6,5,1
16/04/2013,12:45,18,11,7
16/04/2013,13:00,5,3,2
16/04/2013,13:15,7,3,4
16/04/2013,13:30,10,4,6
16/04/2013,13:45,10,6,4
16/04/2013,14:00,9,3,6
16/04/2013,14:15,20,3,17
16/04/2013,14:30,23,11,12
16/04/2013,14:45,20,11,9
16/04/2013,15:00,7,3,4
16/04/2013,15:15,21,9,12
16/04/2013,15:30,24,10,14
16/04/2013,15:45,20,4,16
16/04/2013,16:00,33,9,24
16/04/2013,16:15,33,15,18
16/04/2013,16:30,39,17,22
16/04/2013,16:45,52,19,33
16/04/2013,17:00,32,14,18
16/04/2013,17:15,56,15,41
16/04/2013,17:30,72,24,48
16/04/2013,17:45,80,29,51
16/04/2013,18:00,68,33,35
16/04/2013,18:15,62,21,41
16/04/2013,18:30,69,41,28
16/04/2013,18:45,59,25,34
16/04/2013,19:00,66,36,30
16/04/2013,19:15,48,27,21
16/04/2013,19:30,45,25,20
16/04/2013,19:45,29,17,12
16/04/2013,20:00,26,13,13
16/04/2013,20:15,20,9,11
16/04/2013,20:30,14,7,7
16/04/2013,20:45,5,4,1
16/04/2013,21:00,7,2,5
16/04/2013,21:15,5,4,1
16/04/2013,21:30,3,0,3
16/04/2013,21:45,3,2,1
16/04/2013,22:00,4,1,3
16/04/2013,22:15,2,1,1
16/04/2013,22:30,5,2,3
16/04/2013,22:45,1,1,0
16/04/2013,23:00,1,0,1
16/04/2013,23:15,0,0,0
16/04/2013,23:30,0,0,0
16/04/2013,23:45,2,1,1
17/04/2013,00:00,1,1,0
17/04/2013,00:15,1,0,1
17/04/2013,00:30,2,1,1
17/04/2013,00:45,2,0,2
17/04/2013,01:00,0,0,0
17/04/2013,01:15,1,1,0
17/04/2013,01:30,0,0,0
17/04/2013,01:45,1,1,0
17/04/2013,02:00,0,0,0
17/04/2013,02:15,0,0,0
17/04/2013,02:30,0,0,0
17/04/2013,02:45,0,0,0
17/04/2013,03:00,0,0,0
17/04/2013,03:15,0,0,0
17/04/2013,03:30,1,1,0
17/04/2013,03:45,2,0,2
17/04/2013,04:00,1,1,0
17/04/2013,04:15,1,0,1
17/04/2013,04:30,0,0,0
17/04/2013,04:45,1,1,0
17/04/2013,05:00,6,3,3
17/04/2013,05:15,3,3,0
17/04/2013,05:30,10,4,6
17/04/2013,05:45,15,8,7
17/04/2013,06:00,9,6,3
17/04/2013,06:15,8,3,5
17/04/2013,06:30,35,13,22
17/04/2013,06:45,24,11,13
17/04/2013,07:00,35,13,22
17/04/2013,07:15,30,8,22
17/04/2013,07:30,32,17,15
17/04/2013,07:45,23,13,10
17/04/2013,08:00,37,19,18
17/04/2013,08:15,33,18,15
17/04/2013,08:30,39,21,18
17/04/2013,08:45,87,70,17
17/04/2013,09:00,23,7,16
17/04/2013,09:15,10,5,5
17/04/2013,09:30,8,5,3
17/04/2013,09:45,16,15,1
17/04/2013,10:00,20,16,4
17/04/2013,10:15,55,13,42
17/04/2013,10:30,31,23,8
17/04/2013,10:45,17,12,5
17/04/2013,11:00,20,14,6
17/04/2013,11:15,38,29,9
17/04/2013,11:30,70,63,7
17/04/2013,11:45,77,64,13
17/04/2013,12:00,55,49,6
17/04/2013,12:15,47,40,7
17/04/2013,12:30,17,10,7
17/04/2013,12:45,8,0,8
17/04/2013,13:00,10,2,8
17/04/2013,13:15,20,13,7
17/04/2013,13:30,35,18,17
17/04/2013,13:45,11,6,5
17/04/2013,14:00,9,5,4
17/04/2013,14:15,24,15,9
17/04/2013,14:30,13,3,10
17/04/2013,14:45,15,7,8
17/04/2013,15:00,14,6,8
17/04/2013,15:15,18,8,10
17/04/2013,15:30,20,12,8
17/04/2013,15:45,24,11,13
17/04/2013,16:00,12,5,7
17/04/2013,16:15,22,12,10
17/04/2013,16:30,21,8,13
17/04/2013,16:45,36,20,16
17/04/2013,17:00,38,21,17
17/04/2013,17:15,51,29,22
17/04/2013,17:30,44,24,20
17/04/2013,17:45,70,29,41
17/04/2013,18:00,56,24,32
17/04/2013,18:15,59,35,24
17/04/2013,18:30,46,16,30
17/04/2013,18:45,53,27,26
17/04/2013,19:00,33,20,13
17/04/2013,19:15,24,10,14
17/04/2013,19:30,26,12,14
17/04/2013,19:45,19,15,4
17/04/2013,20:00,18,11,7
17/04/2013,20:15,10,4,6
17/04/2013,20:30,10,7,3
17/04/2013,20:45,9,6,3
17/04/2013,21:00,6,1,5
17/04/2013,21:15,5,3,2
17/04/2013,21:30,9,5,4
17/04/2013,21:45,4,3,1
17/04/2013,22:00,4,3,1
17/04/2013,22:15,2,0,2
17/04/2013,22:30,6,3,3
17/04/2013,22:45,5,4,1
17/04/2013,23:00,0,0,0
17/04/2013,23:15,1,1,0
17/04/2013,23:30,3,3,0
17/04/2013,23:45,5,1,4
18/04/2013,00:00,0,0,0
18/04/2013,00:15,0,0,0
18/04/2013,00:30,2,1,1
18/04/2013,00:45,2,0,2
18/04/2013,01:00,0,0,0
18/04/2013,01:15,1,0,1
18/04/2013,01:30,0,0,0
18/04/2013,01:45,0,0,0
18/04/2013,02:00,0,0,0
18/04/2013,02:15,0,0,0
18/04/2013,02:30,1,1,0
18/04/2013,02:45,0,0,0
18/04/2013,03:00,1,1,0
18/04/2013,03:15,0,0,0
18/04/2013,03:30,0,0,0
18/04/2013,03:45,0,0,0
18/04/2013,04:00,1,1,0
18/04/2013,04:15,1,1,0
18/04/2013,04:30,2,1,1
18/04/2013,04:45,1,0,1
18/04/2013,05:00,4,2,2
18/04/2013,05:15,9,4,5
18/04/2013,05:30,9,5,4
18/04/2013,05:45,12,6,6
18/04/2013,06:00,13,8,5
18/04/2013,06:15,9,3,6
18/04/2013,06:30,19,6,13
18/04/2013,06:45,30,9,21
18/04/2013,07:00,27,7,20
18/04/2013,07:15,32,5,27
18/04/2013,07:30,20,7,13
18/04/2013,07:45,24,4,20
18/04/2013,08:00,23,13,10
18/04/2013,08:15,11,6,5
18/04/2013,08:30,23,7,16
18/04/2013,08:45,11,5,6
18/04/2013,09:00,7,2,5
18/04/2013,09:15,7,3,4
18/04/2013,09:30,4,3,1
18/04/2013,09:45,8,5,3
18/04/2013,10:00,8,3,5
18/04/2013,10:15,1,0,1
18/04/2013,10:30,3,2,1
18/04/2013,10:45,5,3,2
18/04/2013,11:00,6,0,6
18/04/2013,11:15,7,3,4
18/04/2013,11:30,4,2,2
18/04/2013,11:45,4,1,3
18/04/2013,12:00,10,4,6
18/04/2013,12:15,4,2,2
18/04/2013,12:30,4,1,3
18/04/2013,12:45,10,7,3
18/04/2013,13:00,7,4,3
18/04/2013,13:15,25,19,6
18/04/2013,13:30,10,7,3
18/04/2013,13:45,5,4,1
18/04/2013,14:00,6,1,5
18/04/2013,14:15,13,7,6
18/04/2013,14:30,15,11,4
18/04/2013,14:45,25,19,6
18/04/2013,15:00,28,20,8
18/04/2013,15:15,14,4,10
18/04/2013,15:30,20,15,5
18/04/2013,15:45,16,7,9
18/04/2013,16:00,29,13,16
18/04/2013,16:15,30,18,12
18/04/2013,16:30,28,16,12
18/04/2013,16:45,37,15,22
18/04/2013,17:00,38,24,14
18/04/2013,17:15,48,20,28
18/04/2013,17:30,45,18,27
18/04/2013,17:45,41,19,22
18/04/2013,18:00,57,34,23
18/04/2013,18:15,52,32,20
18/04/2013,18:30,42,20,22
18/04/2013,18:45,41,24,17
18/04/2013,19:00,39,28,11
18/04/2013,19:15,23,18,5
18/04/2013,19:30,47,26,21
18/04/2013,19:45,17,8,9
18/04/2013,20:00,16,8,8
18/04/2013,20:15,15,6,9
18/04/2013,20:30,12,4,8
18/04/2013,20:45,9,4,5
18/04/2013,21:00,3,2,1
18/04/2013,21:15,3,2,1
18/04/2013,21:30,3,1,2
18/04/2013,21:45,5,2,3
18/04/2013,22:00,3,1,2
18/04/2013,22:15,2,1,1
18/04/2013,22:30,1,1,0
18/04/2013,22:45,0,0,0
18/04/2013,23:00,2,0,2
18/04/2013,23:15,1,1,0
18/04/2013,23:30,0,0,0
18/04/2013,23:45,0,0,0
19/04/2013,00:00,2,2,0
19/04/2013,00:15,1,0,1
19/04/2013,00:30,0,0,0
19/04/2013,00:45,1,0,1
19/04/2013,01:00,0,0,0
19/04/2013,01:15,1,0,1
19/04/2013,01:30,0,0,0
19/04/2013,01:45,0,0,0
19/04/2013,02:00,0,0,0
19/04/2013,02:15,0,0,0
19/04/2013,02:30,0,0,0
19/04/2013,02:45,0,0,0
19/04/2013,03:00,0,0,0
19/04/2013,03:15,0,0,0
19/04/2013,03:30,0,0,0
19/04/2013,03:45,3,3,0
19/04/2013,04:00,1,1,0
19/04/2013,04:15,0,0,0
19/04/2013,04:30,1,1,0
19/04/2013,04:45,2,1,1
19/04/2013,05:00,1,1,0
19/04/2013,05:15,3,1,2
19/04/2013,05:30,9,5,4
19/04/2013,05:45,13,5,8
19/04/2013,06:00,6,4,2
19/04/2013,06:15,6,3,3
19/04/2013,06:30,9,2,7
19/04/2013,06:45,17,8,9
19/04/2013,07:00,17,3,14
19/04/2013,07:15,13,6,7
19/04/2013,07:30,11,3,8
19/04/2013,07:45,16,9,7
19/04/2013,08:00,19,9,10
19/04/2013,08:15,18,6,12
19/04/2013,08:30,18,8,10
19/04/2013,08:45,20,15,5
19/04/2013,09:00,9,4,5
19/04/2013,09:15,9,3,6
19/04/2013,09:30,12,5,7
19/04/2013,09:45,9,5,4
19/04/2013,10:00,8,5,3
19/04/2013,10:15,12,10,2
19/04/2013,10:30,13,5,8
19/04/2013,10:45,9,3,6
19/04/2013,11:00,7,2,5
19/04/2013,11:15,7,2,5
19/04/2013,11:30,9,3,6
19/04/2013,11:45,2,1,1
19/04/2013,12:00,8,5,3
19/04/2013,12:15,11,7,4
19/04/2013,12:30,9,3,6
19/04/2013,12:45,7,4,3
19/04/2013,13:00,12,7,5
19/04/2013,13:15,11,4,7
19/04/2013,13:30,9,2,7
19/04/2013,13:45,10,1,9
19/04/2013,14:00,13,5,8
19/04/2013,14:15,6,4,2
19/04/2013,14:30,11,6,5
19/04/2013,14:45,4,1,3
19/04/2013,15:00,12,7,5
19/04/2013,15:15,11,6,5
19/04/2013,15:30,14,7,7
19/04/2013,15:45,20,12,8
19/04/2013,16:00,16,8,8
19/04/2013,16:15,16,3,13
19/04/2013,16:30,21,10,11
19/04/2013,16:45,18,10,8
19/04/2013,17:00,20,10,10
19/04/2013,17:15,15,8,7
19/04/2013,17:30,14,3,11
19/04/2013,17:45,15,14,1
19/04/2013,18:00,6,3,3
19/04/2013,18:15,12,7,5
19/04/2013,18:30,13,4,9
19/04/2013,18:45,9,7,2
19/04/2013,19:00,2,0,2
19/04/2013,19:15,7,7,0
19/04/2013,19:30,4,3,1
19/04/2013,19:45,0,0,0
19/04/2013,20:00,1,1,0
19/04/2013,20:15,0,0,0
19/04/2013,20:30,1,1,0
19/04/2013,20:45,0,0,0
19/04/2013,21:00,0,0,0
19/04/2013,21:15,1,0,1
19/04/2013,21:30,1,0,1
19/04/2013,21:45,1,0,1
19/04/2013,22:00,0,0,0
19/04/2013,22:15,0,0,0
19/04/2013,22:30,0,0,0
19/04/2013,22:45,1,0,1
19/04/2013,23:00,0,0,0
19/04/2013,23:15,0,0,0
19/04/2013,23:30,0,0,0
19/04/2013,23:45,6,0,6
20/04/2013,00:00,0,0,0
20/04/2013,00:15,0,0,0
20/04/2013,00:30,0,0,0
20/04/2013,00:45,2,1,1
20/04/2013,01:00,0,0,0
20/04/2013,01:15,1,1,0
20/04/2013,01:30,0,0,0
20/04/2013,01:45,1,0,1
20/04/2013,02:00,0,0,0
20/04/2013,02:15,0,0,0
20/04/2013,02:30,0,0,0
20/04/2013,02:45,0,0,0
20/04/2013,03:00,0,0,0
20/04/2013,03:15,0,0,0
20/04/2013,03:30,0,0,0
20/04/2013,03:45,0,0,0
20/04/2013,04:00,0,0,0
20/04/2013,04:15,0,0,0
20/04/2013,04:30,0,0,0
20/04/2013,04:45,1,1,0
20/04/2013,05:00,0,0,0
20/04/2013,05:15,1,1,0
20/04/2013,05:30,2,2,0
20/04/2013,05:45,1,0,1
20/04/2013,06:00,2,2,0
20/04/2013,06:15,8,4,4
20/04/2013,06:30,4,3,1
20/04/2013,06:45,10,9,1
20/04/2013,07:00,13,9,4
20/04/2013,07:15,17,9,8
20/04/2013,07:30,14,6,8
20/04/2013,07:45,5,3,2
20/04/2013,08:00,14,8,6
20/04/2013,08:15,17,6,11
20/04/2013,08:30,13,5,8
20/04/2013,08:45,15,9,6
20/04/2013,09:00,23,9,14
20/04/2013,09:15,21,3,18
20/04/2013,09:30,20,8,12
20/04/2013,09:45,13,4,9
20/04/2013,10:00,17,6,11
20/04/2013,10:15,24,13,11
20/04/2013,10:30,18,11,7
20/04/2013,10:45,22,12,10
20/04/2013,11:00,29,15,14
20/04/2013,11:15,45,17,28
20/04/2013,11:30,52,22,30
20/04/2013,11:45,31,20,11
20/04/2013,12:00,33,18,15
20/04/2013,12:15,57,30,27
20/04/2013,12:30,33,23,10
20/04/2013,12:45,38,22,16
20/04/2013,13:00,47,16,31
20/04/2013,13:15,27,14,13
20/04/2013,13:30,54,27,27
20/04/2013,13:45,33,12,21
20/04/2013,14:00,49,35,14
20/04/2013,14:15,41,20,21
20/04/2013,14:30,39,16,23
20/04/2013,14:45,43,21,22
20/04/2013,15:00,32,10,22
20/04/2013,15:15,33,15,18
20/04/2013,15:30,44,25,19
20/04/2013,15:45,34,13,21
20/04/2013,16:00,33,10,23
20/04/2013,16:15,52,13,39
20/04/2013,16:30,24,7,17
20/04/2013,16:45,44,23,21
20/04/2013,17:00,39,23,16
20/04/2013,17:15,27,7,20
20/04/2013,17:30,25,6,19
20/04/2013,17:45,25,6,19
20/04/2013,18:00,26,9,17
20/04/2013,18:15,20,11,9
20/04/2013,18:30,21,9,12
20/04/2013,18:45,26,15,11
20/04/2013,19:00,18,13,5
20/04/2013,19:15,11,5,6
20/04/2013,19:30,12,4,8
20/04/2013,19:45,11,3,8
20/04/2013,20:00,8,2,6
20/04/2013,20:15,13,7,6
20/04/2013,20:30,3,1,2
20/04/2013,20:45,3,2,1
20/04/2013,21:00,2,2,0
20/04/2013,21:15,2,2,0
20/04/2013,21:30,1,1,0
20/04/2013,21:45,1,1,0
20/04/2013,22:00,1,0,1
20/04/2013,22:15,3,1,2
20/04/2013,22:30,1,0,1
20/04/2013,22:45,0,0,0
20/04/2013,23:00,0,0,0
20/04/2013,23:15,0,0,0
20/04/2013,23:30,0,0,0
20/04/2013,23:45,0,0,0
21/04/2013,00:00,0,0,0
21/04/2013,00:15,0,0,0
21/04/2013,00:30,2,1,1
21/04/2013,00:45,2,2,0
21/04/2013,01:00,0,0,0
21/04/2013,01:15,1,0,1
21/04/2013,01:30,1,0,1
21/04/2013,01:45,0,0,0
21/04/2013,02:00,2,1,1
21/04/2013,02:15,0,0,0
21/04/2013,02:30,0,0,0
21/04/2013,02:45,0,0,0
21/04/2013,03:00,0,0,0
21/04/2013,03:15,0,0,0
21/04/2013,03:30,1,1,0
21/04/2013,03:45,0,0,0
21/04/2013,04:00,3,3,0
21/04/2013,04:15,0,0,0
21/04/2013,04:30,0,0,0
21/04/2013,04:45,1,1,0
21/04/2013,05:00,0,0,0
21/04/2013,05:15,1,0,1
21/04/2013,05:30,0,0,0
21/04/2013,05:45,1,1,0
21/04/2013,06:00,0,0,0
21/04/2013,06:15,4,3,1
21/04/2013,06:30,2,1,1
21/04/2013,06:45,4,4,0
21/04/2013,07:00,5,4,1
21/04/2013,07:15,8,5,3
21/04/2013,07:30,13,6,7
21/04/2013,07:45,5,3,2
21/04/2013,08:00,11,6,5
21/04/2013,08:15,7,2,5
21/04/2013,08:30,25,13,12
21/04/2013,08:45,12,9,3
21/04/2013,09:00,22,14,8
21/04/2013,09:15,27,18,9
21/04/2013,09:30,27,17,10
21/04/2013,09:45,28,24,4
21/04/2013,10:00,43,32,11
21/04/2013,10:15,30,23,7
21/04/2013,10:30,39,27,12
21/04/2013,10:45,53,33,20
21/04/2013,11:00,55,39,16
21/04/2013,11:15,58,39,19
21/04/2013,11:30,63,43,20
21/04/2013,11:45,74,47,27
21/04/2013,12:00,41,24,17
21/04/2013,12:15,41,25,16
21/04/2013,12:30,62,37,25
21/04/2013,12:45,34,21,13
21/04/2013,13:00,35,20,15
21/04/2013,13:15,42,27,15
21/04/2013,13:30,48,24,24
21/04/2013,13:45,31,15,16
21/04/2013,14:00,31,13,18
21/04/2013,14:15,42,18,24
21/04/2013,14:30,38,21,17
21/04/2013,14:45,44,7,37
21/04/2013,15:00,45,19,26
21/04/2013,15:15,39,19,20
21/04/2013,15:30,47,24,23
21/04/2013,15:45,31,11,20
21/04/2013,16:00,35,20,15
21/04/2013,16:15,34,13,21
21/04/2013,16:30,24,9,15
21/04/2013,16:45,40,16,24
21/04/2013,17:00,37,13,24
21/04/2013,17:15,21,7,14
21/04/2013,17:30,34,21,13
21/04/2013,17:45,24,12,12
21/04/2013,18:00,18,8,10
21/04/2013,18:15,13,8,5
21/04/2013,18:30,26,16,10
21/04/2013,18:45,14,7,7
21/04/2013,19:00,14,4,10
21/04/2013,19:15,11,8,3
21/04/2013,19:30,5,3,2
21/04/2013,19:45,2,2,0
21/04/2013,20:00,3,2,1
21/04/2013,20:15,6,3,3
21/04/2013,20:30,13,1,12
21/04/2013,20:45,4,2,2
21/04/2013,21:00,3,2,1
21/04/2013,21:15,1,0,1
21/04/2013,21:30,0,0,0
21/04/2013,21:45,1,1,0
21/04/2013,22:00,0,0,0
21/04/2013,22:15,2,2,0
21/04/2013,22:30,0,0,0
21/04/2013,22:45,0,0,0
21/04/2013,23:00,0,0,0
21/04/2013,23:15,1,0,1
21/04/2013,23:30,1,1,0
21/04/2013,23:45,2,1,1
22/04/2013,00:00,5,5,0
22/04/2013,00:15,0,0,0
22/04/2013,00:30,1,0,1
22/04/2013,00:45,0,0,0
22/04/2013,01:00,0,0,0
22/04/2013,01:15,1,0,1
22/04/2013,01:30,0,0,0
22/04/2013,01:45,0,0,0
22/04/2013,02:00,0,0,0
22/04/2013,02:15,0,0,0
22/04/2013,02:30,0,0,0
22/04/2013,02:45,0,0,0
22/04/2013,03:00,0,0,0
22/04/2013,03:15,0,0,0
22/04/2013,03:30,1,1,0
22/04/2013,03:45,0,0,0
22/04/2013,04:00,2,1,1
22/04/2013,04:15,0,0,0
22/04/2013,04:30,0,0,0
22/04/2013,04:45,1,1,0
22/04/2013,05:00,2,1,1
22/04/2013,05:15,3,2,1
22/04/2013,05:30,3,2,1
22/04/2013,05:45,14,8,6
22/04/2013,06:00,6,5,1
22/04/2013,06:15,2,2,0
22/04/2013,06:30,12,2,10
22/04/2013,06:45,20,8,12
22/04/2013,07:00,26,9,17
22/04/2013,07:15,23,6,17
22/04/2013,07:30,20,6,14
22/04/2013,07:45,44,16,28
22/04/2013,08:00,18,7,11
22/04/2013,08:15,21,5,16
22/04/2013,08:30,17,2,15
22/04/2013,08:45,14,4,10
22/04/2013,09:00,13,6,7
22/04/2013,09:15,7,2,5
22/04/2013,09:30,5,3,2
22/04/2013,09:45,9,3,6
22/04/2013,10:00,9,4,5
22/04/2013,10:15,12,5,7
22/04/2013,10:30,3,1,2
22/04/2013,10:45,7,4,3
22/04/2013,11:00,4,2,2
22/04/2013,11:15,6,2,4
22/04/2013,11:30,5,2,3
22/04/2013,11:45,9,3,6
22/04/2013,12:00,10,7,3
22/04/2013,12:15,10,7,3
22/04/2013,12:30,11,7,4
22/04/2013,12:45,9,5,4
22/04/2013,13:00,6,2,4
22/04/2013,13:15,12,7,5
22/04/2013,13:30,9,6,3
22/04/2013,13:45,9,0,9
22/04/2013,14:00,6,3,3
22/04/2013,14:15,17,8,9
22/04/2013,14:30,16,11,5
22/04/2013,14:45,15,7,8
22/04/2013,15:00,8,6,2
22/04/2013,15:15,17,12,5
22/04/2013,15:30,21,10,11
22/04/2013,15:45,9,4,5
22/04/2013,16:00,15,7,8
22/04/2013,16:15,18,9,9
22/04/2013,16:30,21,12,9
22/04/2013,16:45,35,20,15
22/04/2013,17:00,18,11,7
22/04/2013,17:15,21,7,14
22/04/2013,17:30,40,19,21
22/04/2013,17:45,42,25,17
22/04/2013,18:00,37,23,14
22/04/2013,18:15,36,17,19
22/04/2013,18:30,23,11,12
22/04/2013,18:45,30,16,14
22/04/2013,19:00,23,12,11
22/04/2013,19:15,20,15,5
22/04/2013,19:30,19,14,5
22/04/2013,19:45,9,7,2
22/04/2013,20:00,7,5,2
22/04/2013,20:15,10,2,8
22/04/2013,20:30,10,2,8
22/04/2013,20:45,5,2,3
22/04/2013,21:00,6,5,1
22/04/2013,21:15,2,1,1
22/04/2013,21:30,3,3,0
22/04/2013,21:45,2,2,0
22/04/2013,22:00,0,0,0
22/04/2013,22:15,0,0,0
22/04/2013,22:30,0,0,0
22/04/2013,22:45,1,1,0
22/04/2013,23:00,1,1,0
22/04/2013,23:15,0,0,0
22/04/2013,23:30,0,0,0
22/04/2013,23:45,1,1,0
23/04/2013,00:00,2,0,2
23/04/2013,00:15,0,0,0
23/04/2013,00:30,0,0,0
23/04/2013,00:45,2,0,2
23/04/2013,01:00,1,1,0
23/04/2013,01:15,1,0,1
23/04/2013,01:30,0,0,0
23/04/2013,01:45,0,0,0
23/04/2013,02:00,0,0,0
23/04/2013,02:15,0,0,0
23/04/2013,02:30,0,0,0
23/04/2013,02:45,0,0,0
23/04/2013,03:00,0,0,0
23/04/2013,03:15,0,0,0
23/04/2013,03:30,0,0,0
23/04/2013,03:45,3,1,2
23/04/2013,04:00,0,0,0
23/04/2013,04:15,1,0,1
23/04/2013,04:30,2,2,0
23/04/2013,04:45,2,1,1
23/04/2013,05:00,3,1,2
23/04/2013,05:15,3,2,1
23/04/2013,05:30,7,5,2
23/04/2013,05:45,15,7,8
23/04/2013,06:00,8,4,4
23/04/2013,06:15,8,3,5
23/04/2013,06:30,18,8,10
23/04/2013,06:45,21,6,15
23/04/2013,07:00,23,9,14
23/04/2013,07:15,33,10,23
23/04/2013,07:30,24,7,17
23/04/2013,07:45,25,5,20
23/04/2013,08:00,25,10,15
23/04/2013,08:15,17,6,11
23/04/2013,08:30,20,3,17
23/04/2013,08:45,11,2,9
23/04/2013,09:00,18,9,9
23/04/2013,09:15,5,1,4
23/04/2013,09:30,4,4,0
23/04/2013,09:45,5,0,5
23/04/2013,10:00,4,1,3
23/04/2013,10:15,7,4,3
23/04/2013,10:30,5,2,3
23/04/2013,10:45,10,4,6
23/04/2013,11:00,10,3,7
23/04/2013,11:15,5,1,4
23/04/2013,11:30,5,2,3
23/04/2013,11:45,11,7,4
23/04/2013,12:00,6,2,4
23/04/2013,12:15,7,3,4
23/04/2013,12:30,8,5,3
23/04/2013,12:45,7,3,4
23/04/2013,13:00,12,6,6
23/04/2013,13:15,6,2,4
23/04/2013,13:30,12,8,4
23/04/2013,13:45,9,5,4
23/04/2013,14:00,19,4,15
23/04/2013,14:15,6,2,4
23/04/2013,14:30,11,5,6
23/04/2013,14:45,19,7,12
23/04/2013,15:00,15,5,10
23/04/2013,15:15,9,4,5
23/04/2013,15:30,27,15,12
23/04/2013,15:45,19,14,5
23/04/2013,16:00,25,8,17
23/04/2013,16:15,25,9,16
23/04/2013,16:30,40,21,19
23/04/2013,16:45,30,17,13
23/04/2013,17:00,28,12,16
23/04/2013,17:15,43,19,24
23/04/2013,17:30,60,28,32
23/04/2013,17:45,71,38,33
23/04/2013,18:00,57,27,30
23/04/2013,18:15,48,20,28
23/04/2013,18:30,44,16,28
23/04/2013,18:45,42,19,23
23/04/2013,19:00,41,17,24
23/04/2013,19:15,43,21,22
23/04/2013,19:30,26,12,14
23/04/2013,19:45,25,13,12
23/04/2013,20:00,18,11,7
23/04/2013,20:15,10,2,8
23/04/2013,20:30,11,6,5
23/04/2013,20:45,6,5,1
23/04/2013,21:00,3,1,2
23/04/2013,21:15,6,5,1
23/04/2013,21:30,4,4,0
23/04/2013,21:45,3,1,2
23/04/2013,22:00,3,1,2
23/04/2013,22:15,1,0,1
23/04/2013,22:30,1,0,1
23/04/2013,22:45,0,0,0
23/04/2013,23:00,0,0,0
23/04/2013,23:15,0,0,0
23/04/2013,23:30,1,1,0
23/04/2013,23:45,1,1,0
24/04/2013,00:00,0,0,0
24/04/2013,00:15,0,0,0
24/04/2013,00:30,0,0,0
24/04/2013,00:45,2,0,2
24/04/2013,01:00,0,0,0
24/04/2013,01:15,1,0,1
24/04/2013,01:30,1,1,0
24/04/2013,01:45,2,1,1
24/04/2013,02:00,0,0,0
24/04/2013,02:15,0,0,0
24/04/2013,02:30,0,0,0
24/04/2013,02:45,1,1,0
24/04/2013,03:00,0,0,0
24/04/2013,03:15,0,0,0
24/04/2013,03:30,0,0,0
24/04/2013,03:45,1,1,0
24/04/2013,04:00,3,2,1
24/04/2013,04:15,0,0,0
24/04/2013,04:30,0,0,0
24/04/2013,04:45,0,0,0
24/04/2013,05:00,2,1,1
24/04/2013,05:15,2,2,0
24/04/2013,05:30,4,1,3
24/04/2013,05:45,12,8,4
24/04/2013,06:00,12,8,4
24/04/2013,06:15,7,5,2
24/04/2013,06:30,14,3,11
24/04/2013,06:45,20,9,11
24/04/2013,07:00,30,9,21
24/04/2013,07:15,30,8,22
24/04/2013,07:30,24,7,17
24/04/2013,07:45,29,10,19
24/04/2013,08:00,30,15,15
24/04/2013,08:15,28,7,21
24/04/2013,08:30,13,3,10
24/04/2013,08:45,22,6,16
24/04/2013,09:00,18,7,11
24/04/2013,09:15,8,2,6
24/04/2013,09:30,9,4,5
24/04/2013,09:45,11,4,7
24/04/2013,10:00,7,3,4
24/04/2013,10:15,8,4,4
24/04/2013,10:30,9,4,5
24/04/2013,10:45,9,5,4
24/04/2013,11:00,22,9,13
24/04/2013,11:15,23,17,6
24/04/2013,11:30,19,12,7
24/04/2013,11:45,23,8,15
24/04/2013,12:00,13,7,6
24/04/2013,12:15,10,3,7
24/04/2013,12:30,13,7,6
24/04/2013,12:45,25,14,11
24/04/2013,13:00,15,10,5
24/04/2013,13:15,22,17,5
24/04/2013,13:30,24,15,9
24/04/2013,13:45,12,8,4
24/04/2013,14:00,13,10,3
24/04/2013,14:15,17,8,9
24/04/2013,14:30,15,8,7
24/04/2013,14:45,14,12,2
24/04/2013,15:00,15,8,7
24/04/2013,15:15,17,8,9
24/04/2013,15:30,20,7,13
24/04/2013,15:45,12,7,5
24/04/2013,16:00,29,16,13
24/04/2013,16:15,43,16,27
24/04/2013,16:30,43,19,24
24/04/2013,16:45,40,19,21
24/04/2013,17:00,41,17,24
24/04/2013,17:15,45,16,29
24/04/2013,17:30,44,18,26
24/04/2013,17:45,52,28,24
24/04/2013,18:00,61,20,41
24/04/2013,18:15,50,23,27
24/04/2013,18:30,58,19,39
24/04/2013,18:45,46,25,21
24/04/2013,19:00,38,22,16
24/04/2013,19:15,30,19,11
24/04/2013,19:30,31,14,17
24/04/2013,19:45,13,6,7
24/04/2013,20:00,17,8,9
24/04/2013,20:15,11,5,6
24/04/2013,20:30,9,3,6
24/04/2013,20:45,3,0,3
24/04/2013,21:00,5,4,1
24/04/2013,21:15,2,0,2
24/04/2013,21:30,0,0,0
24/04/2013,21:45,1,1,0
24/04/2013,22:00,0,0,0
24/04/2013,22:15,1,0,1
24/04/2013,22:30,1,1,0
24/04/2013,22:45,4,1,3
24/04/2013,23:00,3,0,3
24/04/2013,23:15,1,0,1
24/04/2013,23:30,0,0,0
24/04/2013,23:45,0,0,0
25/04/2013,00:00,3,0,3
25/04/2013,00:15,0,0,0
25/04/2013,00:30,1,0,1
25/04/2013,00:45,0,0,0
25/04/2013,01:00,1,0,1
25/04/2013,01:15,0,0,0
25/04/2013,01:30,1,0,1
25/04/2013,01:45,0,0,0
25/04/2013,02:00,1,1,0
25/04/2013,02:15,0,0,0
25/04/2013,02:30,0,0,0
25/04/2013,02:45,3,1,2
25/04/2013,03:00,0,0,0
25/04/2013,03:15,0,0,0
25/04/2013,03:30,0,0,0
25/04/2013,03:45,1,1,0
25/04/2013,04:00,2,2,0
25/04/2013,04:15,2,1,1
25/04/2013,04:30,3,1,2
25/04/2013,04:45,2,0,2
25/04/2013,05:00,5,3,2
25/04/2013,05:15,3,2,1
25/04/2013,05:30,11,9,2
25/04/2013,05:45,8,4,4
25/04/2013,06:00,14,7,7
25/04/2013,06:15,7,1,6
25/04/2013,06:30,25,6,19
25/04/2013,06:45,20,8,12
25/04/2013,07:00,19,8,11
25/04/2013,07:15,20,5,15
25/04/2013,07:30,23,6,17
25/04/2013,07:45,25,7,18
25/04/2013,08:00,24,9,15
25/04/2013,08:15,23,6,17
25/04/2013,08:30,20,10,10
25/04/2013,08:45,15,8,7
25/04/2013,09:00,15,3,12
25/04/2013,09:15,13,10,3
25/04/2013,09:30,14,9,5
25/04/2013,09:45,8,5,3
25/04/2013,10:00,13,7,6
25/04/2013,10:15,7,1,6
25/04/2013,10:30,18,15,3
25/04/2013,10:45,7,4,3
25/04/2013,11:00,14,11,3
25/04/2013,11:15,15,13,2
25/04/2013,11:30,18,11,7
25/04/2013,11:45,10,6,4
25/04/2013,12:00,11,6,5
25/04/2013,12:15,34,27,7
25/04/2013,12:30,9,6,3
25/04/2013,12:45,25,21,4
25/04/2013,13:00,21,19,2
25/04/2013,13:15,12,7,5
25/04/2013,13:30,9,5,4
25/04/2013,13:45,18,10,8
25/04/2013,14:00,22,15,7
25/04/2013,14:15,15,7,8
25/04/2013,14:30,12,4,8
25/04/2013,14:45,16,8,8
25/04/2013,15:00,11,9,2
25/04/2013,15:15,22,10,12
25/04/2013,15:30,14,4,10
25/04/2013,15:45,24,10,14
25/04/2013,16:00,21,10,11
25/04/2013,16:15,25,12,13
25/04/2013,16:30,25,10,15
25/04/2013,16:45,40,21,19
25/04/2013,17:00,27,15,12
25/04/2013,17:15,46,20,26
25/04/2013,17:30,38,19,19
25/04/2013,17:45,34,17,17
25/04/2013,18:00,52,30,22
25/04/2013,18:15,56,25,31
25/04/2013,18:30,64,27,37
25/04/2013,18:45,34,13,21
25/04/2013,19:00,54,25,29
25/04/2013,19:15,44,21,23
25/04/2013,19:30,28,13,15
25/04/2013,19:45,17,13,4
25/04/2013,20:00,17,7,10
25/04/2013,20:15,9,5,4
25/04/2013,20:30,10,3,7
25/04/2013,20:45,5,4,1
25/04/2013,21:00,3,1,2
25/04/2013,21:15,0,0,0
25/04/2013,21:30,2,2,0
25/04/2013,21:45,1,1,0
25/04/2013,22:00,3,1,2
25/04/2013,22:15,1,1,0
25/04/2013,22:30,0,0,0
25/04/2013,22:45,2,1,1
25/04/2013,23:00,3,0,3
25/04/2013,23:15,0,0,0
25/04/2013,23:30,1,1,0
25/04/2013,23:45,0,0,0
26/04/2013,00:00,1,0,1
26/04/2013,00:15,0,0,0
26/04/2013,00:30,1,0,1
26/04/2013,00:45,0,0,0
26/04/2013,01:00,0,0,0
26/04/2013,01:15,0,0,0
26/04/2013,01:30,1,0,1
26/04/2013,01:45,1,1,0
26/04/2013,02:00,0,0,0
26/04/2013,02:15,0,0,0
26/04/2013,02:30,0,0,0
26/04/2013,02:45,0,0,0
26/04/2013,03:00,0,0,0
26/04/2013,03:15,0,0,0
26/04/2013,03:30,0,0,0
26/04/2013,03:45,0,0,0
26/04/2013,04:00,1,1,0
26/04/2013,04:15,1,1,0
26/04/2013,04:30,0,0,0
26/04/2013,04:45,3,2,1
26/04/2013,05:00,2,1,1
26/04/2013,05:15,3,2,1
26/04/2013,05:30,9,5,4
26/04/2013,05:45,14,11,3
26/04/2013,06:00,12,3,9
26/04/2013,06:15,6,2,4
26/04/2013,06:30,19,8,11
26/04/2013,06:45,16,4,12
26/04/2013,07:00,20,4,16
26/04/2013,07:15,32,9,23
26/04/2013,07:30,20,8,12
26/04/2013,07:45,17,7,10
26/04/2013,08:00,34,16,18
26/04/2013,08:15,23,8,15
26/04/2013,08:30,16,4,12
26/04/2013,08:45,34,11,23
26/04/2013,09:00,17,8,9
26/04/2013,09:15,16,9,7
26/04/2013,09:30,19,13,6
26/04/2013,09:45,20,8,12
26/04/2013,10:00,10,4,6
26/04/2013,10:15,14,12,2
26/04/2013,10:30,19,11,8
26/04/2013,10:45,71,62,9
26/04/2013,11:00,23,10,13
26/04/2013,11:15,16,12,4
26/04/2013,11:30,17,9,8
26/04/2013,11:45,23,20,3
26/04/2013,12:00,30,19,11
26/04/2013,12:15,29,13,16
26/04/2013,12:30,38,26,12
26/04/2013,12:45,11,6,5
26/04/2013,13:00,29,22,7
26/04/2013,13:15,21,17,4
26/04/2013,13:30,20,12,8
26/04/2013,13:45,18,7,11
26/04/2013,14:00,11,5,6
26/04/2013,14:15,28,21,7
26/04/2013,14:30,19,7,12
26/04/2013,14:45,14,7,7
26/04/2013,15:00,27,14,13
26/04/2013,15:15,26,18,8
26/04/2013,15:30,24,11,13
26/04/2013,15:45,27,12,15
26/04/2013,16:00,35,18,17
26/04/2013,16:15,39,17,22
26/04/2013,16:30,34,13,21
26/04/2013,16:45,29,13,16
26/04/2013,17:00,26,12,14
26/04/2013,17:15,47,30,17
26/04/2013,17:30,59,30,29
26/04/2013,17:45,27,15,12
26/04/2013,18:00,51,27,24
26/04/2013,18:15,42,16,26
26/04/2013,18:30,29,13,16
26/04/2013,18:45,36,18,18
26/04/2013,19:00,30,11,19
26/04/2013,19:15,26,15,11
26/04/2013,19:30,19,9,10
26/04/2013,19:45,10,7,3
26/04/2013,20:00,13,5,8
26/04/2013,20:15,10,6,4
26/04/2013,20:30,6,1,5
26/04/2013,20:45,3,2,1
26/04/2013,21:00,4,2,2
26/04/2013,21:15,3,0,3
26/04/2013,21:30,3,1,2
26/04/2013,21:45,4,1,3
26/04/2013,22:00,2,0,2
26/04/2013,22:15,1,0,1
26/04/2013,22:30,0,0,0
26/04/2013,22:45,0,0,0
26/04/2013,23:00,1,1,0
26/04/2013,23:15,0,0,0
26/04/2013,23:30,2,0,2
26/04/2013,23:45,1,1,0
27/04/2013,00:00,1,0,1
27/04/2013,00:15,1,0,1
27/04/2013,00:30,1,0,1
27/04/2013,00:45,0,0,0
27/04/2013,01:00,0,0,0
27/04/2013,01:15,1,0,1
27/04/2013,01:30,1,1,0
27/04/2013,01:45,0,0,0
27/04/2013,02:00,2,1,1
27/04/2013,02:15,0,0,0
27/04/2013,02:30,0,0,0
27/04/2013,02:45,0,0,0
27/04/2013,03:00,0,0,0
27/04/2013,03:15,0,0,0
27/04/2013,03:30,0,0,0
27/04/2013,03:45,1,1,0
27/04/2013,04:00,0,0,0
27/04/2013,04:15,3,2,1
27/04/2013,04:30,0,0,0
27/04/2013,04:45,0,0,0
27/04/2013,05:00,0,0,0
27/04/2013,05:15,2,2,0
27/04/2013,05:30,2,1,1
27/04/2013,05:45,2,2,0
27/04/2013,06:00,1,0,1
27/04/2013,06:15,5,1,4
27/04/2013,06:30,6,5,1
27/04/2013,06:45,8,5,3
27/04/2013,07:00,11,5,6
27/04/2013,07:15,12,10,2
27/04/2013,07:30,16,10,6
27/04/2013,07:45,23,13,10
27/04/2013,08:00,23,19,4
27/04/2013,08:15,14,5,9
27/04/2013,08:30,29,18,11
27/04/2013,08:45,20,10,10
27/04/2013,09:00,45,26,19
27/04/2013,09:15,48,25,23
27/04/2013,09:30,44,23,21
27/04/2013,09:45,49,27,22
27/04/2013,10:00,49,26,23
27/04/2013,10:15,40,31,9
27/04/2013,10:30,31,16,15
27/04/2013,10:45,50,29,21
27/04/2013,11:00,46,22,24
27/04/2013,11:15,62,35,27
27/04/2013,11:30,53,32,21
27/04/2013,11:45,61,35,26
27/04/2013,12:00,64,34,30
27/04/2013,12:15,46,21,25
27/04/2013,12:30,58,24,34
27/04/2013,12:45,60,34,26
27/04/2013,13:00,65,32,33
27/04/2013,13:15,80,45,35
27/04/2013,13:30,61,40,21
27/04/2013,13:45,63,28,35
27/04/2013,14:00,48,24,24
27/04/2013,14:15,52,24,28
27/04/2013,14:30,59,30,29
27/04/2013,14:45,62,30,32
27/04/2013,15:00,42,22,20
27/04/2013,15:15,69,32,37
27/04/2013,15:30,63,31,32
27/04/2013,15:45,50,20,30
27/04/2013,16:00,65,23,42
27/04/2013,16:15,51,27,24
27/04/2013,16:30,39,21,18
27/04/2013,16:45,53,29,24
27/04/2013,17:00,56,32,24
27/04/2013,17:15,36,14,22
27/04/2013,17:30,30,11,19
27/04/2013,17:45,35,12,23
27/04/2013,18:00,34,11,23
27/04/2013,18:15,32,19,13
27/04/2013,18:30,50,21,29
27/04/2013,18:45,15,8,7
27/04/2013,19:00,19,13,6
27/04/2013,19:15,24,12,12
27/04/2013,19:30,11,2,9
27/04/2013,19:45,15,2,13
27/04/2013,20:00,14,4,10
27/04/2013,20:15,3,2,1
27/04/2013,20:30,3,2,1
27/04/2013,20:45,1,1,0
27/04/2013,21:00,5,2,3
27/04/2013,21:15,6,1,5
27/04/2013,21:30,2,2,0
27/04/2013,21:45,2,1,1
27/04/2013,22:00,2,1,1
27/04/2013,22:15,0,0,0
27/04/2013,22:30,1,1,0
27/04/2013,22:45,1,1,0
27/04/2013,23:00,2,1,1
27/04/2013,23:15,1,0,1
27/04/2013,23:30,1,0,1
27/04/2013,23:45,3,0,3
28/04/2013,00:00,2,0,2
28/04/2013,00:15,1,1,0
28/04/2013,00:30,8,6,2
28/04/2013,00:45,1,1,0
28/04/2013,01:00,0,0,0
28/04/2013,01:15,0,0,0
28/04/2013,01:30,1,0,1
28/04/2013,01:45,1,0,1
28/04/2013,02:00,0,0,0
28/04/2013,02:15,0,0,0
28/04/2013,02:30,0,0,0
28/04/2013,02:45,0,0,0
28/04/2013,03:00,0,0,0
28/04/2013,03:15,1,1,0
28/04/2013,03:30,0,0,0
28/04/2013,03:45,0,0,0
28/04/2013,04:00,1,1,0
28/04/2013,04:15,0,0,0
28/04/2013,04:30,0,0,0
28/04/2013,04:45,1,0,1
28/04/2013,05:00,0,0,0
28/04/2013,05:15,1,0,1
28/04/2013,05:30,2,0,2
28/04/2013,05:45,1,1,0
28/04/2013,06:00,0,0,0
28/04/2013,06:15,3,2,1
28/04/2013,06:30,5,1,4
28/04/2013,06:45,4,1,3
28/04/2013,07:00,7,3,4
28/04/2013,07:15,12,8,4
28/04/2013,07:30,9,3,6
28/04/2013,07:45,13,3,10
28/04/2013,08:00,22,13,9
28/04/2013,08:15,19,11,8
28/04/2013,08:30,17,9,8
28/04/2013,08:45,23,13,10
28/04/2013,09:00,23,14,9
28/04/2013,09:15,28,16,12
28/04/2013,09:30,34,16,18
28/04/2013,09:45,30,19,11
28/04/2013,10:00,32,22,10
28/04/2013,10:15,56,28,28
28/04/2013,10:30,42,18,24
28/04/2013,10:45,54,29,25
28/04/2013,11:00,63,29,34
28/04/2013,11:15,38,16,22
28/04/2013,11:30,57,32,25
28/04/2013,11:45,79,44,35
28/04/2013,12:00,41,17,24
28/04/2013,12:15,58,27,31
28/04/2013,12:30,42,13,29
28/04/2013,12:45,33,14,19
28/04/2013,13:00,30,20,10
28/04/2013,13:15,40,17,23
28/04/2013,13:30,38,15,23
28/04/2013,13:45,50,25,25
28/04/2013,14:00,40,17,23
28/04/2013,14:15,39,17,22
28/04/2013,14:30,27,13,14
28/04/2013,14:45,34,19,15
28/04/2013,15:00,40,20,20
28/04/2013,15:15,16,5,11
28/04/2013,15:30,26,17,9
28/04/2013,15:45,13,9,4
28/04/2013,16:00,16,8,8
28/04/2013,16:15,11,5,6
28/04/2013,16:30,18,9,9
28/04/2013,16:45,19,11,8
28/04/2013,17:00,13,5,8
28/04/2013,17:15,13,7,6
28/04/2013,17:30,10,3,7
28/04/2013,17:45,13,7,6
28/04/2013,18:00,9,4,5
28/04/2013,18:15,13,7,6
28/04/2013,18:30,14,5,9
28/04/2013,18:45,13,7,6
28/04/2013,19:00,13,4,9
28/04/2013,19:15,10,4,6
28/04/2013,19:30,14,5,9
28/04/2013,19:45,4,1,3
28/04/2013,20:00,1,0,1
28/04/2013,20:15,7,3,4
28/04/2013,20:30,3,1,2
28/04/2013,20:45,1,0,1
28/04/2013,21:00,0,0,0
28/04/2013,21:15,1,0,1
28/04/2013,21:30,1,1,0
28/04/2013,21:45,1,1,0
28/04/2013,22:00,0,0,0
28/04/2013,22:15,0,0,0
28/04/2013,22:30,2,2,0
28/04/2013,22:45,0,0,0
28/04/2013,23:00,2,1,1
28/04/2013,23:15,0,0,0
28/04/2013,23:30,1,1,0
28/04/2013,23:45,0,0,0
29/04/2013,00:00,0,0,0
29/04/2013,00:15,1,0,1
29/04/2013,00:30,0,0,0
29/04/2013,00:45,0,0,0
29/04/2013,01:00,0,0,0
29/04/2013,01:15,1,0,1
29/04/2013,01:30,0,0,0
29/04/2013,01:45,0,0,0
29/04/2013,02:00,0,0,0
29/04/2013,02:15,0,0,0
29/04/2013,02:30,0,0,0
29/04/2013,02:45,1,1,0
29/04/2013,03:00,0,0,0
29/04/2013,03:15,0,0,0
29/04/2013,03:30,0,0,0
29/04/2013,03:45,2,2,0
29/04/2013,04:00,1,1,0
29/04/2013,04:15,1,1,0
29/04/2013,04:30,0,0,0
29/04/2013,04:45,1,0,1
29/04/2013,05:00,1,0,1
29/04/2013,05:15,1,1,0
29/04/2013,05:30,7,4,3
29/04/2013,05:45,7,4,3
29/04/2013,06:00,1,0,1
29/04/2013,06:15,4,1,3
29/04/2013,06:30,3,1,2
29/04/2013,06:45,9,3,6
29/04/2013,07:00,7,4,3
29/04/2013,07:15,13,4,9
29/04/2013,07:30,7,2,5
29/04/2013,07:45,21,9,12
29/04/2013,08:00,9,4,5
29/04/2013,08:15,9,2,7
29/04/2013,08:30,8,5,3
29/04/2013,08:45,5,4,1
29/04/2013,09:00,5,2,3
29/04/2013,09:15,2,2,0
29/04/2013,09:30,1,1,0
29/04/2013,09:45,4,1,3
29/04/2013,10:00,6,4,2
29/04/2013,10:15,6,3,3
29/04/2013,10:30,4,2,2
29/04/2013,10:45,0,0,0
29/04/2013,11:00,2,1,1
29/04/2013,11:15,4,1,3
29/04/2013,11:30,2,1,1
29/04/2013,11:45,4,1,3
29/04/2013,12:00,2,1,1
29/04/2013,12:15,4,3,1
29/04/2013,12:30,7,3,4
29/04/2013,12:45,1,0,1
29/04/2013,13:00,1,0,1
29/04/2013,13:15,8,3,5
29/04/2013,13:30,2,0,2
29/04/2013,13:45,5,5,0
29/04/2013,14:00,2,0,2
29/04/2013,14:15,4,1,3
29/04/2013,14:30,5,2,3
29/04/2013,14:45,4,2,2
29/04/2013,15:00,6,3,3
29/04/2013,15:15,2,0,2
29/04/2013,15:30,4,1,3
29/04/2013,15:45,3,2,1
29/04/2013,16:00,5,2,3
29/04/2013,16:15,6,3,3
29/04/2013,16:30,8,5,3
29/04/2013,16:45,11,10,1
29/04/2013,17:00,13,6,7
29/04/2013,17:15,12,5,7
29/04/2013,17:30,13,7,6
29/04/2013,17:45,20,12,8
29/04/2013,18:00,17,6,11
29/04/2013,18:15,16,8,8
29/04/2013,18:30,10,5,5
29/04/2013,18:45,5,3,2
29/04/2013,19:00,19,11,8
29/04/2013,19:15,10,6,4
29/04/2013,19:30,14,6,8
29/04/2013,19:45,11,9,2
29/04/2013,20:00,6,2,4
29/04/2013,20:15,5,2,3
29/04/2013,20:30,3,1,2
29/04/2013,20:45,3,1,2
29/04/2013,21:00,3,1,2
29/04/2013,21:15,2,1,1
29/04/2013,21:30,0,0,0
29/04/2013,21:45,1,0,1
29/04/2013,22:00,0,0,0
29/04/2013,22:15,0,0,0
29/04/2013,22:30,1,1,0
29/04/2013,22:45,2,2,0
29/04/2013,23:00,1,0,1
29/04/2013,23:15,0,0,0
29/04/2013,23:30,0,0,0
29/04/2013,23:45,0,0,0
30/04/2013,00:00,0,0,0
30/04/2013,00:15,2,1,1
30/04/2013,00:30,0,0,0
30/04/2013,00:45,0,0,0
30/04/2013,01:00,0,0,0
30/04/2013,01:15,0,0,0
30/04/2013,01:30,1,1,0
30/04/2013,01:45,0,0,0
30/04/2013,02:00,0,0,0
30/04/2013,02:15,0,0,0
30/04/2013,02:30,0,0,0
30/04/2013,02:45,1,0,1
30/04/2013,03:00,0,0,0
30/04/2013,03:15,0,0,0
30/04/2013,03:30,1,1,0
30/04/2013,03:45,1,1,0
30/04/2013,04:00,2,2,0
30/04/2013,04:15,0,0,0
30/04/2013,04:30,1,1,0
30/04/2013,04:45,2,0,2
30/04/2013,05:00,2,1,1
30/04/2013,05:15,2,1,1
30/04/2013,05:30,10,4,6
30/04/2013,05:45,9,4,5
30/04/2013,06:00,9,4,5
30/04/2013,06:15,5,3,2
30/04/2013,06:30,14,5,9
30/04/2013,06:45,23,11,12
30/04/2013,07:00,20,4,16
30/04/2013,07:15,29,6,23
30/04/2013,07:30,25,10,15
30/04/2013,07:45,21,6,15
30/04/2013,08:00,27,6,21
30/04/2013,08:15,21,5,16
30/04/2013,08:30,16,5,11
30/04/2013,08:45,24,12,12
30/04/2013,09:00,11,5,6
30/04/2013,09:15,9,7,2
30/04/2013,09:30,9,6,3
30/04/2013,09:45,7,5,2
30/04/2013,10:00,4,3,1
30/04/2013,10:15,6,1,5
30/04/2013,10:30,6,1,5
30/04/2013,10:45,3,0,3
30/04/2013,11:00,6,1,5
30/04/2013,11:15,7,4,3
30/04/2013,11:30,3,0,3
30/04/2013,11:45,26,14,12
30/04/2013,12:00,7,2,5
30/04/2013,12:15,8,2,6
30/04/2013,12:30,6,1,5
30/04/2013,12:45,3,2,1
30/04/2013,13:00,7,5,2
30/04/2013,13:15,1,1,0
30/04/2013,13:30,4,3,1
30/04/2013,13:45,3,1,2
30/04/2013,14:00,9,4,5
30/04/2013,14:15,4,2,2
30/04/2013,14:30,4,0,4
30/04/2013,14:45,6,2,4
30/04/2013,15:00,7,6,1
30/04/2013,15:15,8,3,5
30/04/2013,15:30,9,4,5
30/04/2013,15:45,14,4,10
30/04/2013,16:00,7,4,3
30/04/2013,16:15,12,7,5
30/04/2013,16:30,13,8,5
30/04/2013,16:45,18,12,6
30/04/2013,17:00,23,15,8
30/04/2013,17:15,18,12,6
30/04/2013,17:30,12,5,7
30/04/2013,17:45,26,15,11
30/04/2013,18:00,17,10,7
30/04/2013,18:15,20,13,7
30/04/2013,18:30,16,6,10
30/04/2013,18:45,18,11,7
30/04/2013,19:00,17,10,7
30/04/2013,19:15,11,9,2
30/04/2013,19:30,12,8,4
30/04/2013,19:45,17,10,7
30/04/2013,20:00,4,2,2
30/04/2013,20:15,6,2,4
30/04/2013,20:30,5,3,2
30/04/2013,20:45,4,2,2
30/04/2013,21:00,3,1,2
30/04/2013,21:15,1,0,1
30/04/2013,21:30,2,1,1
30/04/2013,21:45,2,1,1
30/04/2013,22:00,1,0,1
30/04/2013,22:15,0,0,0
30/04/2013,22:30,0,0,0
30/04/2013,22:45,0,0,0
30/04/2013,23:00,0,0,0
30/04/2013,23:15,2,2,0
30/04/2013,23:30,0,0,0
30/04/2013,23:45,0,0,0
01/05/2013,00:00,0,0,0
01/05/2013,00:15,1,0,1
01/05/2013,00:30,2,1,1
01/05/2013,00:45,0,0,0
01/05/2013,01:00,1,1,0
01/05/2013,01:15,0,0,0
01/05/2013,01:30,0,0,0
01/05/2013,01:45,0,0,0
01/05/2013,02:00,0,0,0
01/05/2013,02:15,0,0,0
01/05/2013,02:30,0,0,0
01/05/2013,02:45,1,0,1
01/05/2013,03:00,1,1,0
01/05/2013,03:15,0,0,0
01/05/2013,03:30,1,1,0
01/05/2013,03:45,2,2,0
01/05/2013,04:00,2,1,1
01/05/2013,04:15,0,0,0
01/05/2013,04:30,2,2,0
01/05/2013,04:45,1,1,0
01/05/2013,05:00,1,1,0
01/05/2013,05:15,1,1,0
01/05/2013,05:30,10,3,7
01/05/2013,05:45,9,6,3
01/05/2013,06:00,7,5,2
01/05/2013,06:15,8,1,7
01/05/2013,06:30,18,7,11
01/05/2013,06:45,22,10,12
01/05/2013,07:00,31,10,21
01/05/2013,07:15,21,6,15
01/05/2013,07:30,29,9,20
01/05/2013,07:45,25,9,16
01/05/2013,08:00,29,4,25
01/05/2013,08:15,28,6,22
01/05/2013,08:30,34,12,22
01/05/2013,08:45,24,12,12
01/05/2013,09:00,23,13,10
01/05/2013,09:15,24,16,8
01/05/2013,09:30,6,1,5
01/05/2013,09:45,20,15,5
01/05/2013,10:00,21,15,6
01/05/2013,10:15,20,14,6
01/05/2013,10:30,19,9,10
01/05/2013,10:45,19,10,9
01/05/2013,11:00,16,13,3
01/05/2013,11:15,22,18,4
01/05/2013,11:30,16,9,7
01/05/2013,11:45,19,14,5
01/05/2013,12:00,21,11,10
01/05/2013,12:15,12,8,4
01/05/2013,12:30,25,22,3
01/05/2013,12:45,27,14,13
01/05/2013,13:00,24,11,13
01/05/2013,13:15,24,17,7
01/05/2013,13:30,13,8,5
01/05/2013,13:45,18,8,10
01/05/2013,14:00,17,8,9
01/05/2013,14:15,18,9,9
01/05/2013,14:30,13,6,7
01/05/2013,14:45,9,4,5
01/05/2013,15:00,21,7,14
01/05/2013,15:15,15,6,9
01/05/2013,15:30,24,5,19
01/05/2013,15:45,25,13,12
01/05/2013,16:00,31,18,13
01/05/2013,16:15,37,12,25
01/05/2013,16:30,42,21,21
01/05/2013,16:45,37,22,15
01/05/2013,17:00,39,20,19
01/05/2013,17:15,48,26,22
01/05/2013,17:30,61,21,40
01/05/2013,17:45,72,35,37
01/05/2013,18:00,74,41,33
01/05/2013,18:15,80,37,43
01/05/2013,18:30,61,30,31
01/05/2013,18:45,49,24,25
01/05/2013,19:00,50,18,32
01/05/2013,19:15,45,30,15
01/05/2013,19:30,46,21,25
01/05/2013,19:45,26,18,8
01/05/2013,20:00,24,11,13
01/05/2013,20:15,23,13,10
01/05/2013,20:30,12,4,8
01/05/2013,20:45,6,2,4
01/05/2013,21:00,5,3,2
01/05/2013,21:15,4,2,2
01/05/2013,21:30,2,2,0
01/05/2013,21:45,1,1,0
01/05/2013,22:00,0,0,0
01/05/2013,22:15,0,0,0
01/05/2013,22:30,0,0,0
01/05/2013,22:45,1,1,0
01/05/2013,23:00,5,3,2
01/05/2013,23:15,0,0,0
01/05/2013,23:30,2,1,1
01/05/2013,23:45,2,0,2
02/05/2013,00:00,0,0,0
02/05/2013,00:15,1,0,1
02/05/2013,00:30,0,0,0
02/05/2013,00:45,1,1,0
02/05/2013,01:00,0,0,0
02/05/2013,01:15,0,0,0
02/05/2013,01:30,0,0,0
02/05/2013,01:45,0,0,0
02/05/2013,02:00,0,0,0
02/05/2013,02:15,0,0,0
02/05/2013,02:30,0,0,0
02/05/2013,02:45,1,1,0
02/05/2013,03:00,0,0,0
02/05/2013,03:15,0,0,0
02/05/2013,03:30,0,0,0
02/05/2013,03:45,2,1,1
02/05/2013,04:00,4,3,1
02/05/2013,04:15,0,0,0
02/05/2013,04:30,1,0,1
02/05/2013,04:45,3,0,3
02/05/2013,05:00,3,3,0
02/05/2013,05:15,3,1,2
02/05/2013,05:30,14,5,9
02/05/2013,05:45,8,4,4
02/05/2013,06:00,16,6,10
02/05/2013,06:15,8,4,4
02/05/2013,06:30,28,11,17
02/05/2013,06:45,26,4,22
02/05/2013,07:00,25,6,19
02/05/2013,07:15,32,12,20
02/05/2013,07:30,31,8,23
02/05/2013,07:45,33,9,24
02/05/2013,08:00,23,4,19
02/05/2013,08:15,29,11,18
02/05/2013,08:30,26,11,15
02/05/2013,08:45,13,7,6
02/05/2013,09:00,12,4,8
02/05/2013,09:15,15,7,8
02/05/2013,09:30,11,5,6
02/05/2013,09:45,11,2,9
02/05/2013,10:00,9,5,4
02/05/2013,10:15,7,2,5
02/05/2013,10:30,11,8,3
02/05/2013,10:45,17,13,4
02/05/2013,11:00,15,10,5
02/05/2013,11:15,11,5,6
02/05/2013,11:30,16,10,6
02/05/2013,11:45,20,15,5
02/05/2013,12:00,17,15,2
02/05/2013,12:15,22,18,4
02/05/2013,12:30,13,10,3
02/05/2013,12:45,22,13,9
02/05/2013,13:00,18,10,8
02/05/2013,13:15,8,5,3
02/05/2013,13:30,14,7,7
02/05/2013,13:45,14,5,9
02/05/2013,14:00,18,11,7
02/05/2013,14:15,15,7,8
02/05/2013,14:30,16,9,7
02/05/2013,14:45,18,8,10
02/05/2013,15:00,21,12,9
02/05/2013,15:15,24,10,14
02/05/2013,15:30,16,12,4
02/05/2013,15:45,25,10,15
02/05/2013,16:00,32,20,12
02/05/2013,16:15,29,16,13
02/05/2013,16:30,39,22,17
02/05/2013,16:45,43,21,22
02/05/2013,17:00,41,18,23
02/05/2013,17:15,58,24,34
02/05/2013,17:30,45,22,23
02/05/2013,17:45,44,19,25
02/05/2013,18:00,66,37,29
02/05/2013,18:15,55,28,27
02/05/2013,18:30,47,17,30
02/05/2013,18:45,50,28,22
02/05/2013,19:00,38,25,13
02/05/2013,19:15,45,20,25
02/05/2013,19:30,25,12,13
02/05/2013,19:45,21,15,6
02/05/2013,20:00,13,8,5
02/05/2013,20:15,7,4,3
02/05/2013,20:30,5,2,3
02/05/2013,20:45,14,9,5
02/05/2013,21:00,1,1,0
02/05/2013,21:15,1,0,1
02/05/2013,21:30,1,1,0
02/05/2013,21:45,2,1,1
02/05/2013,22:00,0,0,0
02/05/2013,22:15,0,0,0
02/05/2013,22:30,0,0,0
02/05/2013,22:45,0,0,0
02/05/2013,23:00,0,0,0
02/05/2013,23:15,3,0,3
02/05/2013,23:30,3,3,0
02/05/2013,23:45,1,0,1
03/05/2013,00:00,2,1,1
03/05/2013,00:15,1,1,1
03/05/2013,00:30,1,0,0
03/05/2013,00:45,0,0,0
03/05/2013,01:00,0,0,0
03/05/2013,01:15,0,0,0
03/05/2013,01:30,0,0,0
03/05/2013,01:45,0,0,0
03/05/2013,02:00,0,0,0
03/05/2013,02:15,0,0,0
03/05/2013,02:30,0,0,0
03/05/2013,02:45,0,0,0
03/05/2013,03:00,0,0,0
03/05/2013,03:15,0,0,0
03/05/2013,03:30,0,0,0
03/05/2013,03:45,2,2,0
03/05/2013,04:00,1,1,0
03/05/2013,04:15,1,1,1
03/05/2013,04:30,1,1,0
03/05/2013,04:45,2,1,1
03/05/2013,05:00,2,2,0
03/05/2013,05:15,3,2,1
03/05/2013,05:30,9,5,4
03/05/2013,05:45,12,6,5
03/05/2013,06:00,13,6,7
03/05/2013,06:15,13,5,8
03/05/2013,06:30,25,8,17
03/05/2013,06:45,27,10,17
03/05/2013,07:00,33,10,23
03/05/2013,07:15,35,11,25
03/05/2013,07:30,26,9,17
03/05/2013,07:45,29,11,19
03/05/2013,08:00,34,13,21
03/05/2013,08:15,30,10,20
03/05/2013,08:30,24,9,15
03/05/2013,08:45,37,17,20
03/05/2013,09:00,19,9,10
03/05/2013,09:15,21,10,11
03/05/2013,09:30,19,9,10
03/05/2013,09:45,14,7,7
03/05/2013,10:00,12,5,6
03/05/2013,10:15,15,11,5
03/05/2013,10:30,19,9,10
03/05/2013,10:45,32,24,8
03/05/2013,11:00,15,7,8
03/05/2013,11:15,17,10,8
03/05/2013,11:30,19,8,10
03/05/2013,11:45,17,12,5
03/05/2013,12:00,17,10,7
03/05/2013,12:15,17,10,7
03/05/2013,12:30,23,15,9
03/05/2013,12:45,16,9,7
03/05/2013,13:00,21,15,6
03/05/2013,13:15,20,12,8
03/05/2013,13:30,18,8,10
03/05/2013,13:45,16,6,10
03/05/2013,14:00,15,8,7
03/05/2013,14:15,16,9,7
03/05/2013,14:30,18,7,11
03/05/2013,14:45,16,5,11
03/05/2013,15:00,20,10,11
03/05/2013,15:15,22,11,11
03/05/2013,15:30,24,13,12
03/05/2013,15:45,26,15,12
03/05/2013,16:00,27,15,12
03/05/2013,16:15,35,15,20
03/05/2013,16:30,35,17,18
03/05/2013,16:45,38,21,17
03/05/2013,17:00,35,16,20
03/05/2013,17:15,51,30,21
03/05/2013,17:30,41,22,19
03/05/2013,17:45,39,24,16
03/05/2013,18:00,46,22,24
03/05/2013,18:15,43,18,25
03/05/2013,18:30,32,18,14
03/05/2013,18:45,29,15,14
03/05/2013,19:00,27,14,13
03/05/2013,19:15,24,15,10
03/05/2013,19:30,19,9,10
03/05/2013,19:45,13,8,5
03/05/2013,20:00,9,3,6
03/05/2013,20:15,9,6,3
03/05/2013,20:30,3,1,2
03/05/2013,20:45,2,2,1
03/05/2013,21:00,5,2,2
03/05/2013,21:15,4,1,3
03/05/2013,21:30,3,1,2
03/05/2013,21:45,2,1,1
03/05/2013,22:00,2,1,2
03/05/2013,22:15,2,1,2
03/05/2013,22:30,2,1,1
03/05/2013,22:45,1,0,1
03/05/2013,23:00,1,1,0
03/05/2013,23:15,2,1,0
03/05/2013,23:30,1,0,1
03/05/2013,23:45,2,1,2
04/05/2013,00:00,3,2,1
04/05/2013,00:15,1,0,1
04/05/2013,00:30,1,0,1
04/05/2013,00:45,0,0,0
04/05/2013,01:00,0,0,0
04/05/2013,01:15,7,6,1
04/05/2013,01:30,0,0,0
04/05/2013,01:45,1,0,1
04/05/2013,02:00,0,0,0
04/05/2013,02:15,1,1,0
04/05/2013,02:30,1,1,0
04/05/2013,02:45,0,0,0
04/05/2013,03:00,0,0,0
04/05/2013,03:15,0,0,0
04/05/2013,03:30,0,0,0
04/05/2013,03:45,0,0,0
04/05/2013,04:00,1,1,0
04/05/2013,04:15,0,0,0
04/05/2013,04:30,1,1,0
04/05/2013,04:45,0,0,0
04/05/2013,05:00,0,0,0
04/05/2013,05:15,0,0,0
04/05/2013,05:30,2,2,0
04/05/2013,05:45,1,1,0
04/05/2013,06:00,1,1,0
04/05/2013,06:15,3,3,0
04/05/2013,06:30,5,5,0
04/05/2013,06:45,10,7,3
04/05/2013,07:00,11,10,1
04/05/2013,07:15,15,5,10
04/05/2013,07:30,13,8,5
04/05/2013,07:45,21,9,12
04/05/2013,08:00,20,15,5
04/05/2013,08:15,22,11,11
04/05/2013,08:30,35,22,13
04/05/2013,08:45,22,16,6
04/05/2013,09:00,25,13,12
04/05/2013,09:15,28,11,17
04/05/2013,09:30,32,14,18
04/05/2013,09:45,36,19,17
04/05/2013,10:00,38,26,12
04/05/2013,10:15,34,20,14
04/05/2013,10:30,51,29,22
04/05/2013,10:45,53,38,15
04/05/2013,11:00,56,30,26
04/05/2013,11:15,40,26,14
04/05/2013,11:30,42,18,24
04/05/2013,11:45,49,30,19
04/05/2013,12:00,65,49,16
04/05/2013,12:15,36,17,19
04/05/2013,12:30,47,27,20
04/05/2013,12:45,31,17,14
04/05/2013,13:00,45,18,27
04/05/2013,13:15,45,22,23
04/05/2013,13:30,46,22,24
04/05/2013,13:45,41,19,22
04/05/2013,14:00,41,18,23
04/05/2013,14:15,37,20,17
04/05/2013,14:30,45,27,18
04/05/2013,14:45,43,16,27
04/05/2013,15:00,50,25,25
04/05/2013,15:15,49,19,30
04/05/2013,15:30,40,18,22
04/05/2013,15:45,54,34,20
04/05/2013,16:00,62,29,33
04/05/2013,16:15,46,21,25
04/05/2013,16:30,38,17,21
04/05/2013,16:45,59,21,38
04/05/2013,17:00,44,22,22
04/05/2013,17:15,32,14,18
04/05/2013,17:30,30,15,15
04/05/2013,17:45,28,12,16
04/05/2013,18:00,25,15,10
04/05/2013,18:15,28,19,9
04/05/2013,18:30,15,5,10
04/05/2013,18:45,28,15,13
04/05/2013,19:00,18,8,10
04/05/2013,19:15,17,12,5
04/05/2013,19:30,17,11,6
04/05/2013,19:45,11,6,5
04/05/2013,20:00,4,3,1
04/05/2013,20:15,6,0,6
04/05/2013,20:30,2,1,1
04/05/2013,20:45,5,4,1
04/05/2013,21:00,3,0,3
04/05/2013,21:15,2,2,0
04/05/2013,21:30,2,1,1
04/05/2013,21:45,0,0,0
04/05/2013,22:00,2,2,0
04/05/2013,22:15,1,0,1
04/05/2013,22:30,1,1,0
04/05/2013,22:45,2,1,1
04/05/2013,23:00,1,1,0
04/05/2013,23:15,0,0,0
04/05/2013,23:30,0,0,0
04/05/2013,23:45,0,0,0
05/05/2013,00:00,1,1,0
05/05/2013,00:15,3,2,1
05/05/2013,00:30,1,0,1
05/05/2013,00:45,2,0,2
05/05/2013,01:00,0,0,0
05/05/2013,01:15,0,0,0
05/05/2013,01:30,0,0,0
05/05/2013,01:45,0,0,0
05/05/2013,02:00,1,0,1
05/05/2013,02:15,0,0,0
05/05/2013,02:30,0,0,0
05/05/2013,02:45,0,0,0
05/05/2013,03:00,0,0,0
05/05/2013,03:15,0,0,0
05/05/2013,03:30,1,1,0
05/05/2013,03:45,0,0,0
05/05/2013,04:00,0,0,0
05/05/2013,04:15,0,0,0
05/05/2013,04:30,0,0,0
05/05/2013,04:45,1,0,1
05/05/2013,05:00,0,0,0
05/05/2013,05:15,1,0,1
05/05/2013,05:30,3,2,1
05/05/2013,05:45,1,1,0
05/05/2013,06:00,3,1,2
05/05/2013,06:15,1,1,0
05/05/2013,06:30,6,4,2
05/05/2013,06:45,4,1,3
05/05/2013,07:00,6,3,3
05/05/2013,07:15,11,5,6
05/05/2013,07:30,14,7,7
05/05/2013,07:45,5,1,4
05/05/2013,08:00,14,5,9
05/05/2013,08:15,9,6,3
05/05/2013,08:30,14,11,3
05/05/2013,08:45,21,7,14
05/05/2013,09:00,14,8,6
05/05/2013,09:15,19,9,10
05/05/2013,09:30,21,8,13
05/05/2013,09:45,28,20,8
05/05/2013,10:00,19,9,10
05/05/2013,10:15,23,11,12
05/05/2013,10:30,29,17,12
05/05/2013,10:45,31,17,14
05/05/2013,11:00,42,26,16
05/05/2013,11:15,37,20,17
05/05/2013,11:30,37,28,9
05/05/2013,11:45,47,30,17
05/05/2013,12:00,41,28,13
05/05/2013,12:15,47,29,18
05/05/2013,12:30,40,17,23
05/05/2013,12:45,27,12,15
05/05/2013,13:00,49,32,17
05/05/2013,13:15,58,34,24
05/05/2013,13:30,89,67,22
05/05/2013,13:45,92,55,37
05/05/2013,14:00,50,28,22
05/05/2013,14:15,41,18,23
05/05/2013,14:30,37,20,17
05/05/2013,14:45,50,22,28
05/05/2013,15:00,54,25,29
05/05/2013,15:15,34,19,15
05/05/2013,15:30,36,19,17
05/05/2013,15:45,47,20,27
05/05/2013,16:00,52,25,27
05/05/2013,16:15,55,18,37
05/05/2013,16:30,43,18,25
05/05/2013,16:45,47,20,27
05/05/2013,17:00,34,16,18
05/05/2013,17:15,34,23,11
05/05/2013,17:30,36,27,9
05/05/2013,17:45,39,18,21
05/05/2013,18:00,37,27,10
05/05/2013,18:15,27,21,6
05/05/2013,18:30,30,13,17
05/05/2013,18:45,29,16,13
05/05/2013,19:00,24,9,15
05/05/2013,19:15,19,11,8
05/05/2013,19:30,16,10,6
05/05/2013,19:45,13,5,8
05/05/2013,20:00,6,2,4
05/05/2013,20:15,9,5,4
05/05/2013,20:30,2,0,2
05/05/2013,20:45,9,2,7
05/05/2013,21:00,4,3,1
05/05/2013,21:15,1,1,0
05/05/2013,21:30,1,0,1
05/05/2013,21:45,0,0,0
05/05/2013,22:00,0,0,0
05/05/2013,22:15,0,0,0
05/05/2013,22:30,2,1,1
05/05/2013,22:45,0,0,0
05/05/2013,23:00,2,2,0
05/05/2013,23:15,0,0,0
05/05/2013,23:30,0,0,0
05/05/2013,23:45,1,0,1
06/05/2013,00:00,1,1,0
06/05/2013,00:15,1,0,1
06/05/2013,00:30,0,0,0
06/05/2013,00:45,0,0,0
06/05/2013,01:00,0,0,0
06/05/2013,01:15,0,0,0
06/05/2013,01:30,0,0,0
06/05/2013,01:45,1,0,1
06/05/2013,02:00,0,0,0
06/05/2013,02:15,1,0,1
06/05/2013,02:30,0,0,0
06/05/2013,02:45,0,0,0
06/05/2013,03:00,0,0,0
06/05/2013,03:15,0,0,0
06/05/2013,03:30,1,1,0
06/05/2013,03:45,1,0,1
06/05/2013,04:00,0,0,0
06/05/2013,04:15,0,0,0
06/05/2013,04:30,0,0,0
06/05/2013,04:45,3,2,1
06/05/2013,05:00,2,1,1
06/05/2013,05:15,5,2,3
06/05/2013,05:30,7,4,3
06/05/2013,05:45,9,5,4
06/05/2013,06:00,15,10,5
06/05/2013,06:15,9,5,4
06/05/2013,06:30,21,9,12
06/05/2013,06:45,21,6,15
06/05/2013,07:00,22,7,15
06/05/2013,07:15,32,10,22
06/05/2013,07:30,30,9,21
06/05/2013,07:45,19,4,15
06/05/2013,08:00,25,9,16
06/05/2013,08:15,18,6,12
06/05/2013,08:30,14,3,11
06/05/2013,08:45,10,6,4
06/05/2013,09:00,20,7,13
06/05/2013,09:15,15,4,11
06/05/2013,09:30,7,3,4
06/05/2013,09:45,4,2,2
06/05/2013,10:00,8,2,6
06/05/2013,10:15,3,1,2
06/05/2013,10:30,2,1,1
06/05/2013,10:45,2,0,2
06/05/2013,11:00,5,3,2
06/05/2013,11:15,5,0,5
06/05/2013,11:30,3,1,2
06/05/2013,11:45,6,4,2
06/05/2013,12:00,7,3,4
06/05/2013,12:15,5,2,3
06/05/2013,12:30,4,3,1
06/05/2013,12:45,11,5,6
06/05/2013,13:00,3,1,2
06/05/2013,13:15,11,8,3
06/05/2013,13:30,3,2,1
06/05/2013,13:45,9,3,6
06/05/2013,14:00,10,6,4
06/05/2013,14:15,8,5,3
06/05/2013,14:30,7,2,5
06/05/2013,14:45,11,4,7
06/05/2013,15:00,9,6,3
06/05/2013,15:15,9,5,4
06/05/2013,15:30,13,5,8
06/05/2013,15:45,5,2,3
06/05/2013,16:00,19,9,10
06/05/2013,16:15,12,7,5
06/05/2013,16:30,29,18,11
06/05/2013,16:45,23,17,6
06/05/2013,17:00,28,14,14
06/05/2013,17:15,20,12,8
06/05/2013,17:30,25,14,11
06/05/2013,17:45,24,13,11
06/05/2013,18:00,28,17,11
06/05/2013,18:15,31,16,15
06/05/2013,18:30,21,11,10
06/05/2013,18:45,18,13,5
06/05/2013,19:00,15,6,9
06/05/2013,19:15,11,8,3
06/05/2013,19:30,8,5,3
06/05/2013,19:45,12,6,6
06/05/2013,20:00,7,5,2
06/05/2013,20:15,5,2,3
06/05/2013,20:30,10,4,6
06/05/2013,20:45,6,2,4
06/05/2013,21:00,2,1,1
06/05/2013,21:15,1,0,1
06/05/2013,21:30,1,1,0
06/05/2013,21:45,0,0,0
06/05/2013,22:00,0,0,0
06/05/2013,22:15,1,0,1
06/05/2013,22:30,1,1,0
06/05/2013,22:45,0,0,0
06/05/2013,23:00,1,1,0
06/05/2013,23:15,0,0,0
06/05/2013,23:30,2,1,1
06/05/2013,23:45,0,0,0
07/05/2013,00:00,2,0,2
07/05/2013,00:15,1,1,0
07/05/2013,00:30,0,0,0
07/05/2013,00:45,1,1,0
07/05/2013,01:00,0,0,0
07/05/2013,01:15,0,0,0
07/05/2013,01:30,0,0,0
07/05/2013,01:45,1,1,0
07/05/2013,02:00,1,0,1
07/05/2013,02:15,0,0,0
07/05/2013,02:30,0,0,0
07/05/2013,02:45,0,0,0
07/05/2013,03:00,0,0,0
07/05/2013,03:15,1,1,0
07/05/2013,03:30,0,0,0
07/05/2013,03:45,1,0,1
07/05/2013,04:00,1,1,0
07/05/2013,04:15,1,0,1
07/05/2013,04:30,1,1,0
07/05/2013,04:45,3,2,1
07/05/2013,05:00,3,1,2
07/05/2013,05:15,7,4,3
07/05/2013,05:30,6,3,3
07/05/2013,05:45,10,7,3
07/05/2013,06:00,12,4,8
07/05/2013,06:15,13,3,10
07/05/2013,06:30,11,4,7
07/05/2013,06:45,13,4,9
07/05/2013,07:00,18,7,11
07/05/2013,07:15,17,9,8
07/05/2013,07:30,17,3,14
07/05/2013,07:45,6,3,3
07/05/2013,08:00,17,6,11
07/05/2013,08:15,8,3,5
07/05/2013,08:30,13,7,6
07/05/2013,08:45,6,4,2
07/05/2013,09:00,3,1,2
07/05/2013,09:15,4,1,3
07/05/2013,09:30,3,2,1
07/05/2013,09:45,4,1,3
07/05/2013,10:00,5,3,2
07/05/2013,10:15,3,1,2
07/05/2013,10:30,1,0,1
07/05/2013,10:45,3,2,1
07/05/2013,11:00,3,0,3
07/05/2013,11:15,2,0,2
07/05/2013,11:30,5,2,3
07/05/2013,11:45,2,0,2
07/05/2013,12:00,0,0,0
07/05/2013,12:15,2,1,1
07/05/2013,12:30,6,2,4
07/05/2013,12:45,2,0,2
07/05/2013,13:00,2,1,1
07/05/2013,13:15,1,1,0
07/05/2013,13:30,3,0,3
07/05/2013,13:45,2,2,0
07/05/2013,14:00,2,1,1
07/05/2013,14:15,2,2,0
07/05/2013,14:30,4,2,2
07/05/2013,14:45,10,4,6
07/05/2013,15:00,5,0,5
07/05/2013,15:15,2,2,0
07/05/2013,15:30,3,1,2
07/05/2013,15:45,3,2,1
07/05/2013,16:00,7,5,2
07/05/2013,16:15,5,4,1
07/05/2013,16:30,7,3,4
07/05/2013,16:45,12,10,2
07/05/2013,17:00,13,6,7
07/05/2013,17:15,13,6,7
07/05/2013,17:30,12,6,6
07/05/2013,17:45,12,8,4
07/05/2013,18:00,16,8,8
07/05/2013,18:15,17,13,4
07/05/2013,18:30,11,9,2
07/05/2013,18:45,9,7,2
07/05/2013,19:00,8,4,4
07/05/2013,19:15,9,5,4
07/05/2013,19:30,12,8,4
07/05/2013,19:45,5,3,2
07/05/2013,20:00,5,1,4
07/05/2013,20:15,8,3,5
07/05/2013,20:30,3,2,1
07/05/2013,20:45,4,1,3
07/05/2013,21:00,5,2,3
07/05/2013,21:15,1,0,1
07/05/2013,21:30,1,0,1
07/05/2013,21:45,2,0,2
07/05/2013,22:00,2,2,0
07/05/2013,22:15,2,0,2
07/05/2013,22:30,0,0,0
07/05/2013,22:45,1,1,0
07/05/2013,23:00,1,1,0
07/05/2013,23:15,1,1,0
07/05/2013,23:30,0,0,0
07/05/2013,23:45,2,2,0
08/05/2013,00:00,0,0,0
08/05/2013,00:15,0,0,0
08/05/2013,00:30,1,0,1
08/05/2013,00:45,0,0,0
08/05/2013,01:00,0,0,0
08/05/2013,01:15,0,0,0
08/05/2013,01:30,0,0,0
08/05/2013,01:45,0,0,0
08/05/2013,02:00,0,0,0
08/05/2013,02:15,0,0,0
08/05/2013,02:30,0,0,0
08/05/2013,02:45,0,0,0
08/05/2013,03:00,0,0,0
08/05/2013,03:15,1,1,0
08/05/2013,03:30,0,0,0
08/05/2013,03:45,1,0,1
08/05/2013,04:00,1,1,0
08/05/2013,04:15,0,0,0
08/05/2013,04:30,0,0,0
08/05/2013,04:45,2,2,0
08/05/2013,05:00,2,0,2
08/05/2013,05:15,7,4,3
08/05/2013,05:30,7,4,3
08/05/2013,05:45,8,3,5
08/05/2013,06:00,8,4,4
08/05/2013,06:15,7,3,4
08/05/2013,06:30,26,13,13
08/05/2013,06:45,17,4,13
08/05/2013,07:00,23,11,12
08/05/2013,07:15,18,5,13
08/05/2013,07:30,21,11,10
08/05/2013,07:45,26,8,18
08/05/2013,08:00,19,8,11
08/05/2013,08:15,16,3,13
08/05/2013,08:30,16,4,12
08/05/2013,08:45,14,5,9
08/05/2013,09:00,14,5,9
08/05/2013,09:15,17,16,1
08/05/2013,09:30,15,10,5
08/05/2013,09:45,11,5,6
08/05/2013,10:00,6,3,3
08/05/2013,10:15,13,4,9
08/05/2013,10:30,15,7,8
08/05/2013,10:45,20,10,10
08/05/2013,11:00,13,4,9
08/05/2013,11:15,43,40,3
08/05/2013,11:30,10,4,6
08/05/2013,11:45,10,4,6
08/05/2013,12:00,15,10,5
08/05/2013,12:15,12,5,7
08/05/2013,12:30,14,5,9
08/05/2013,12:45,5,4,1
08/05/2013,13:00,10,3,7
08/05/2013,13:15,8,2,6
08/05/2013,13:30,0,0,0
08/05/2013,13:45,5,0,5
08/05/2013,14:00,10,3,7
08/05/2013,14:15,10,4,6
08/05/2013,14:30,21,13,8
08/05/2013,14:45,13,4,9
08/05/2013,15:00,22,9,13
08/05/2013,15:15,10,8,2
08/05/2013,15:30,11,5,6
08/05/2013,15:45,13,7,6
08/05/2013,16:00,20,8,12
08/05/2013,16:15,23,8,15
08/05/2013,16:30,19,9,10
08/05/2013,16:45,19,12,7
08/05/2013,17:00,18,14,4
08/05/2013,17:15,14,9,5
08/05/2013,17:30,12,8,4
08/05/2013,17:45,10,4,6
08/05/2013,18:00,12,5,7
08/05/2013,18:15,16,9,7
08/05/2013,18:30,9,2,7
08/05/2013,18:45,11,6,5
08/05/2013,19:00,9,6,3
08/05/2013,19:15,9,8,1
08/05/2013,19:30,8,5,3
08/05/2013,19:45,3,2,1
08/05/2013,20:00,5,2,3
08/05/2013,20:15,0,0,0
08/05/2013,20:30,3,2,1
08/05/2013,20:45,1,1,0
08/05/2013,21:00,1,0,1
08/05/2013,21:15,2,1,1
08/05/2013,21:30,1,0,1
08/05/2013,21:45,1,0,1
08/05/2013,22:00,2,0,2
08/05/2013,22:15,0,0,0
08/05/2013,22:30,2,1,1
08/05/2013,22:45,2,2,0
08/05/2013,23:00,0,0,0
08/05/2013,23:15,0,0,0
08/05/2013,23:30,0,0,0
08/05/2013,23:45,0,0,0
09/05/2013,00:00,2,1,1
09/05/2013,00:15,0,0,0
09/05/2013,00:30,0,0,0
09/05/2013,00:45,0,0,0
09/05/2013,01:00,0,0,0
09/05/2013,01:15,2,0,2
09/05/2013,01:30,0,0,0
09/05/2013,01:45,0,0,0
09/05/2013,02:00,0,0,0
09/05/2013,02:15,0,0,0
09/05/2013,02:30,0,0,0
09/05/2013,02:45,0,0,0
09/05/2013,03:00,1,1,0
09/05/2013,03:15,0,0,0
09/05/2013,03:30,0,0,0
09/05/2013,03:45,2,0,2
09/05/2013,04:00,2,2,0
09/05/2013,04:15,0,0,0
09/05/2013,04:30,2,1,1
09/05/2013,04:45,1,1,0
09/05/2013,05:00,2,1,1
09/05/2013,05:15,1,1,0
09/05/2013,05:30,9,5,4
09/05/2013,05:45,6,2,4
09/05/2013,06:00,9,6,3
09/05/2013,06:15,14,5,9
09/05/2013,06:30,28,9,19
09/05/2013,06:45,23,5,18
09/05/2013,07:00,19,8,11
09/05/2013,07:15,22,5,17
09/05/2013,07:30,29,5,24
09/05/2013,07:45,31,11,20
09/05/2013,08:00,25,12,13
09/05/2013,08:15,25,2,23
09/05/2013,08:30,16,5,11
09/05/2013,08:45,17,7,10
09/05/2013,09:00,12,5,7
09/05/2013,09:15,11,5,6
09/05/2013,09:30,11,4,7
09/05/2013,09:45,8,2,6
09/05/2013,10:00,9,6,3
09/05/2013,10:15,5,3,2
09/05/2013,10:30,8,5,3
09/05/2013,10:45,12,3,9
09/05/2013,11:00,5,2,3
09/05/2013,11:15,10,1,9
09/05/2013,11:30,10,2,8
09/05/2013,11:45,8,6,2
09/05/2013,12:00,9,3,6
09/05/2013,12:15,12,6,6
09/05/2013,12:30,16,8,8
09/05/2013,12:45,5,1,4
09/05/2013,13:00,10,8,2
09/05/2013,13:15,9,2,7
09/05/2013,13:30,10,4,6
09/05/2013,13:45,19,10,9
09/05/2013,14:00,9,3,6
09/05/2013,14:15,19,8,11
09/05/2013,14:30,17,3,14
09/05/2013,14:45,21,10,11
09/05/2013,15:00,13,7,6
09/05/2013,15:15,23,9,14
09/05/2013,15:30,27,12,15
09/05/2013,15:45,10,2,8
09/05/2013,16:00,14,5,9
09/05/2013,16:15,36,22,14
09/05/2013,16:30,32,17,15
09/05/2013,16:45,33,8,25
09/05/2013,17:00,19,12,7
09/05/2013,17:15,29,14,15
09/05/2013,17:30,24,13,11
09/05/2013,17:45,41,21,20
09/05/2013,18:00,33,12,21
09/05/2013,18:15,33,16,17
09/05/2013,18:30,43,13,30
09/05/2013,18:45,34,16,18
09/05/2013,19:00,42,17,25
09/05/2013,19:15,43,25,18
09/05/2013,19:30,32,17,15
09/05/2013,19:45,14,7,7
09/05/2013,20:00,11,4,7
09/05/2013,20:15,12,8,4
09/05/2013,20:30,7,3,4
09/05/2013,20:45,4,4,0
09/05/2013,21:00,0,0,0
09/05/2013,21:15,2,0,2
09/05/2013,21:30,5,2,3
09/05/2013,21:45,4,0,4
09/05/2013,22:00,2,2,0
09/05/2013,22:15,0,0,0
09/05/2013,22:30,2,1,1
09/05/2013,22:45,2,1,1
09/05/2013,23:00,0,0,0
09/05/2013,23:15,0,0,0
09/05/2013,23:30,3,1,2
09/05/2013,23:45,0,0,0
10/05/2013,00:00,2,1,1
10/05/2013,00:15,2,1,1
10/05/2013,00:30,0,0,0
10/05/2013,00:45,0,0,0
10/05/2013,01:00,1,0,1
10/05/2013,01:15,0,0,0
10/05/2013,01:30,0,0,0
10/05/2013,01:45,0,0,0
10/05/2013,02:00,0,0,0
10/05/2013,02:15,0,0,0
10/05/2013,02:30,0,0,0
10/05/2013,02:45,0,0,0
10/05/2013,03:00,0,0,0
10/05/2013,03:15,0,0,0
10/05/2013,03:30,0,0,0
10/05/2013,03:45,2,1,1
10/05/2013,04:00,1,1,0
10/05/2013,04:15,2,1,1
10/05/2013,04:30,1,1,0
10/05/2013,04:45,1,0,1
10/05/2013,05:00,2,2,0
10/05/2013,05:15,3,3,0
10/05/2013,05:30,8,5,3
10/05/2013,05:45,7,4,3
10/05/2013,06:00,14,8,6
10/05/2013,06:15,14,8,6
10/05/2013,06:30,28,7,21
10/05/2013,06:45,25,10,15
10/05/2013,07:00,33,10,23
10/05/2013,07:15,38,15,23
10/05/2013,07:30,26,10,16
10/05/2013,07:45,27,8,19
10/05/2013,08:00,25,7,18
10/05/2013,08:15,28,9,19
10/05/2013,08:30,18,9,9
10/05/2013,08:45,17,6,11
10/05/2013,09:00,17,6,11
10/05/2013,09:15,17,3,14
10/05/2013,09:30,14,2,12
10/05/2013,09:45,5,3,2
10/05/2013,10:00,12,4,8
10/05/2013,10:15,16,7,9
10/05/2013,10:30,19,6,13
10/05/2013,10:45,21,17,4
10/05/2013,11:00,15,8,7
10/05/2013,11:15,25,16,9
10/05/2013,11:30,31,13,18
10/05/2013,11:45,15,8,7
10/05/2013,12:00,16,8,8
10/05/2013,12:15,16,10,6
10/05/2013,12:30,20,8,12
10/05/2013,12:45,17,10,7
10/05/2013,13:00,24,18,6
10/05/2013,13:15,27,15,12
10/05/2013,13:30,19,8,11
10/05/2013,13:45,18,7,11
10/05/2013,14:00,16,11,5
10/05/2013,14:15,14,5,9
10/05/2013,14:30,19,6,13
10/05/2013,14:45,24,7,17
10/05/2013,15:00,20,7,13
10/05/2013,15:15,23,11,12
10/05/2013,15:30,32,17,15
10/05/2013,15:45,24,14,10
10/05/2013,16:00,31,18,13
10/05/2013,16:15,37,17,20
10/05/2013,16:30,41,16,25
10/05/2013,16:45,43,23,20
10/05/2013,17:00,27,11,16
10/05/2013,17:15,65,38,27
10/05/2013,17:30,40,28,12
10/05/2013,17:45,41,23,18
10/05/2013,18:00,57,28,29
10/05/2013,18:15,52,26,26
10/05/2013,18:30,41,27,14
10/05/2013,18:45,31,17,14
10/05/2013,19:00,25,19,6
10/05/2013,19:15,28,13,15
10/05/2013,19:30,28,11,17
10/05/2013,19:45,13,7,6
10/05/2013,20:00,9,1,8
10/05/2013,20:15,11,7,4
10/05/2013,20:30,1,0,1
10/05/2013,20:45,1,0,1
10/05/2013,21:00,9,4,5
10/05/2013,21:15,4,0,4
10/05/2013,21:30,5,3,2
10/05/2013,21:45,0,0,0
10/05/2013,22:00,7,2,5
10/05/2013,22:15,4,1,3
10/05/2013,22:30,3,1,2
10/05/2013,22:45,0,0,0
10/05/2013,23:00,0,0,0
10/05/2013,23:15,1,1,0
10/05/2013,23:30,1,0,1
10/05/2013,23:45,0,0,0
11/05/2013,00:00,0,0,0
11/05/2013,00:15,2,0,2
11/05/2013,00:30,1,1,0
11/05/2013,00:45,1,0,1
11/05/2013,01:00,0,0,0
11/05/2013,01:15,0,0,0
11/05/2013,01:30,1,1,0
11/05/2013,01:45,1,1,0
11/05/2013,02:00,0,0,0
11/05/2013,02:15,1,1,0
11/05/2013,02:30,2,1,1
11/05/2013,02:45,1,0,1
11/05/2013,03:00,0,0,0
11/05/2013,03:15,1,1,0
11/05/2013,03:30,0,0,0
11/05/2013,03:45,0,0,0
11/05/2013,04:00,0,0,0
11/05/2013,04:15,0,0,0
11/05/2013,04:30,0,0,0
11/05/2013,04:45,0,0,0
11/05/2013,05:00,0,0,0
11/05/2013,05:15,1,1,0
11/05/2013,05:30,6,6,0
11/05/2013,05:45,3,2,1
11/05/2013,06:00,5,2,3
11/05/2013,06:15,6,2,4
11/05/2013,06:30,5,1,4
11/05/2013,06:45,12,5,7
11/05/2013,07:00,5,4,1
11/05/2013,07:15,6,3,3
11/05/2013,07:30,8,4,4
11/05/2013,07:45,14,6,8
11/05/2013,08:00,8,6,2
11/05/2013,08:15,10,7,3
11/05/2013,08:30,13,5,8
11/05/2013,08:45,20,12,8
11/05/2013,09:00,19,10,9
11/05/2013,09:15,19,9,10
11/05/2013,09:30,23,10,13
11/05/2013,09:45,14,9,5
11/05/2013,10:00,31,15,16
11/05/2013,10:15,18,3,15
11/05/2013,10:30,24,10,14
11/05/2013,10:45,13,7,6
11/05/2013,11:00,23,13,10
11/05/2013,11:15,18,5,13
11/05/2013,11:30,22,9,13
11/05/2013,11:45,12,5,7
11/05/2013,12:00,20,10,10
11/05/2013,12:15,20,5,15
11/05/2013,12:30,17,6,11
11/05/2013,12:45,18,10,8
11/05/2013,13:00,24,12,12
11/05/2013,13:15,28,15,13
11/05/2013,13:30,34,20,14
11/05/2013,13:45,13,6,7
11/05/2013,14:00,14,8,6
11/05/2013,14:15,19,4,15
11/05/2013,14:30,24,8,16
11/05/2013,14:45,26,13,13
11/05/2013,15:00,21,7,14
11/05/2013,15:15,25,12,13
11/05/2013,15:30,23,14,9
11/05/2013,15:45,17,9,8
11/05/2013,16:00,17,7,10
11/05/2013,16:15,14,7,7
11/05/2013,16:30,25,7,18
11/05/2013,16:45,33,15,18
11/05/2013,17:00,17,8,9
11/05/2013,17:15,22,7,15
11/05/2013,17:30,15,5,10
11/05/2013,17:45,22,8,14
11/05/2013,18:00,21,11,10
11/05/2013,18:15,17,6,11
11/05/2013,18:30,16,6,10
11/05/2013,18:45,8,5,3
11/05/2013,19:00,5,2,3
11/05/2013,19:15,13,6,7
11/05/2013,19:30,9,6,3
11/05/2013,19:45,5,0,5
11/05/2013,20:00,14,5,9
11/05/2013,20:15,3,1,2
11/05/2013,20:30,2,2,0
11/05/2013,20:45,1,1,0
11/05/2013,21:00,3,2,1
11/05/2013,21:15,2,2,0
11/05/2013,21:30,0,0,0
11/05/2013,21:45,0,0,0
11/05/2013,22:00,1,1,0
11/05/2013,22:15,2,0,2
11/05/2013,22:30,0,0,0
11/05/2013,22:45,0,0,0
11/05/2013,23:00,2,2,0
11/05/2013,23:15,0,0,0
11/05/2013,23:30,0,0,0
11/05/2013,23:45,0,0,0
12/05/2013,00:00,0,0,0
12/05/2013,00:15,1,1,0
12/05/2013,00:30,2,1,1
12/05/2013,00:45,0,0,0
12/05/2013,01:00,0,0,0
12/05/2013,01:15,0,0,0
12/05/2013,01:30,1,1,0
12/05/2013,01:45,1,0,1
12/05/2013,02:00,0,0,0
12/05/2013,02:15,1,0,1
12/05/2013,02:30,0,0,0
12/05/2013,02:45,0,0,0
12/05/2013,03:00,1,1,0
12/05/2013,03:15,0,0,0
12/05/2013,03:30,2,2,0
12/05/2013,03:45,2,1,1
12/05/2013,04:00,1,1,0
12/05/2013,04:15,0,0,0
12/05/2013,04:30,1,1,0
12/05/2013,04:45,1,0,1
12/05/2013,05:00,1,0,1
12/05/2013,05:15,0,0,0
12/05/2013,05:30,0,0,0
12/05/2013,05:45,0,0,0
12/05/2013,06:00,1,1,0
12/05/2013,06:15,2,1,1
12/05/2013,06:30,4,1,3
12/05/2013,06:45,9,5,4
12/05/2013,07:00,5,5,0
12/05/2013,07:15,12,5,7
12/05/2013,07:30,11,4,7
12/05/2013,07:45,19,12,7
12/05/2013,08:00,20,8,12
12/05/2013,08:15,15,9,6
12/05/2013,08:30,16,8,8
12/05/2013,08:45,29,14,15
12/05/2013,09:00,18,12,6
12/05/2013,09:15,38,15,23
12/05/2013,09:30,48,30,18
12/05/2013,09:45,31,21,10
12/05/2013,10:00,32,19,13
12/05/2013,10:15,42,19,23
12/05/2013,10:30,46,27,19
12/05/2013,10:45,43,22,21
12/05/2013,11:00,48,17,31
12/05/2013,11:15,71,29,42
12/05/2013,11:30,49,23,26
12/05/2013,11:45,62,39,23
12/05/2013,12:00,45,24,21
12/05/2013,12:15,63,25,38
12/05/2013,12:30,37,15,22
12/05/2013,12:45,46,16,30
12/05/2013,13:00,54,18,36
12/05/2013,13:15,39,20,19
12/05/2013,13:30,29,12,17
12/05/2013,13:45,47,12,35
12/05/2013,14:00,58,40,18
12/05/2013,14:15,46,24,22
12/05/2013,14:30,59,27,32
12/05/2013,14:45,53,33,20
12/05/2013,15:00,34,14,20
12/05/2013,15:15,73,24,49
12/05/2013,15:30,42,21,21
12/05/2013,15:45,56,36,20
12/05/2013,16:00,30,7,23
12/05/2013,16:15,38,22,16
12/05/2013,16:30,44,18,26
12/05/2013,16:45,25,12,13
12/05/2013,17:00,28,12,16
12/05/2013,17:15,27,15,12
12/05/2013,17:30,46,26,20
12/05/2013,17:45,33,17,16
12/05/2013,18:00,26,10,16
12/05/2013,18:15,29,16,13
12/05/2013,18:30,25,14,11
12/05/2013,18:45,16,9,7
12/05/2013,19:00,18,8,10
12/05/2013,19:15,13,7,6
12/05/2013,19:30,7,6,1
12/05/2013,19:45,3,1,2
12/05/2013,20:00,5,2,3
12/05/2013,20:15,8,4,4
12/05/2013,20:30,5,3,2
12/05/2013,20:45,3,2,1
12/05/2013,21:00,2,1,1
12/05/2013,21:15,3,1,2
12/05/2013,21:30,4,2,2
12/05/2013,21:45,2,2,0
12/05/2013,22:00,1,0,1
12/05/2013,22:15,2,0,2
12/05/2013,22:30,1,0,1
12/05/2013,22:45,0,0,0
12/05/2013,23:00,1,1,0
12/05/2013,23:15,2,2,0
12/05/2013,23:30,0,0,0
12/05/2013,23:45,0,0,0
13/05/2013,00:00,0,0,0
13/05/2013,00:15,1,0,1
13/05/2013,00:30,1,1,0
13/05/2013,00:45,0,0,0
13/05/2013,01:00,0,0,0
13/05/2013,01:15,0,0,0
13/05/2013,01:30,0,0,0
13/05/2013,01:45,0,0,0
13/05/2013,02:00,1,1,0
13/05/2013,02:15,0,0,0
13/05/2013,02:30,2,0,2
13/05/2013,02:45,0,0,0
13/05/2013,03:00,0,0,0
13/05/2013,03:15,0,0,0
13/05/2013,03:30,2,2,0
13/05/2013,03:45,2,1,1
13/05/2013,04:00,1,1,0
13/05/2013,04:15,0,0,0
13/05/2013,04:30,0,0,0
13/05/2013,04:45,0,0,0
13/05/2013,05:00,2,1,1
13/05/2013,05:15,3,3,0
13/05/2013,05:30,11,5,6
13/05/2013,05:45,10,5,5
13/05/2013,06:00,14,10,4
13/05/2013,06:15,11,9,2
13/05/2013,06:30,19,8,11
13/05/2013,06:45,33,8,25
13/05/2013,07:00,26,6,20
13/05/2013,07:15,23,7,16
13/05/2013,07:30,32,13,19
13/05/2013,07:45,28,8,20
13/05/2013,08:00,24,4,20
13/05/2013,08:15,18,5,13
13/05/2013,08:30,16,7,9
13/05/2013,08:45,19,4,15
13/05/2013,09:00,14,5,9
13/05/2013,09:15,10,4,6
13/05/2013,09:30,10,3,7
13/05/2013,09:45,9,3,6
13/05/2013,10:00,9,4,5
13/05/2013,10:15,8,1,7
13/05/2013,10:30,11,5,6
13/05/2013,10:45,6,2,4
13/05/2013,11:00,15,10,5
13/05/2013,11:15,10,4,6
13/05/2013,11:30,10,6,4
13/05/2013,11:45,8,8,0
13/05/2013,12:00,18,8,10
13/05/2013,12:15,12,5,7
13/05/2013,12:30,7,2,5
13/05/2013,12:45,17,4,13
13/05/2013,13:00,8,6,2
13/05/2013,13:15,8,6,2
13/05/2013,13:30,8,6,2
13/05/2013,13:45,9,5,4
13/05/2013,14:00,10,3,7
13/05/2013,14:15,14,7,7
13/05/2013,14:30,10,7,3
13/05/2013,14:45,14,6,8
13/05/2013,15:00,7,3,4
13/05/2013,15:15,12,6,6
13/05/2013,15:30,13,7,6
13/05/2013,15:45,24,11,13
13/05/2013,16:00,7,2,5
13/05/2013,16:15,17,9,8
13/05/2013,16:30,20,10,10
13/05/2013,16:45,34,14,20
13/05/2013,17:00,26,14,12
13/05/2013,17:15,33,17,16
13/05/2013,17:30,40,25,15
13/05/2013,17:45,52,29,23
13/05/2013,18:00,34,25,9
13/05/2013,18:15,38,21,17
13/05/2013,18:30,39,20,19
13/05/2013,18:45,43,23,20
13/05/2013,19:00,31,12,19
13/05/2013,19:15,28,19,9
13/05/2013,19:30,30,16,14
13/05/2013,19:45,23,12,11
13/05/2013,20:00,6,3,3
13/05/2013,20:15,10,8,2
13/05/2013,20:30,5,4,1
13/05/2013,20:45,6,4,2
13/05/2013,21:00,4,2,2
13/05/2013,21:15,0,0,0
13/05/2013,21:30,1,1,0
13/05/2013,21:45,2,1,1
13/05/2013,22:00,1,1,0
13/05/2013,22:15,0,0,0
13/05/2013,22:30,2,2,0
13/05/2013,22:45,1,1,0
13/05/2013,23:00,0,0,0
13/05/2013,23:15,0,0,0
13/05/2013,23:30,0,0,0
13/05/2013,23:45,1,1,0
14/05/2013,00:00,3,1,2
14/05/2013,00:15,2,0,2
14/05/2013,00:30,0,0,0
14/05/2013,00:45,0,0,0
14/05/2013,01:00,0,0,0
14/05/2013,01:15,0,0,0
14/05/2013,01:30,0,0,0
14/05/2013,01:45,0,0,0
14/05/2013,02:00,0,0,0
14/05/2013,02:15,1,0,1
14/05/2013,02:30,0,0,0
14/05/2013,02:45,0,0,0
14/05/2013,03:00,0,0,0
14/05/2013,03:15,0,0,0
14/05/2013,03:30,1,1,0
14/05/2013,03:45,3,0,3
14/05/2013,04:00,2,1,1
14/05/2013,04:15,0,0,0
14/05/2013,04:30,1,0,1
14/05/2013,04:45,0,0,0
14/05/2013,05:00,3,1,2
14/05/2013,05:15,3,1,2
14/05/2013,05:30,5,3,2
14/05/2013,05:45,8,5,3
14/05/2013,06:00,10,5,5
14/05/2013,06:15,12,6,6
14/05/2013,06:30,15,3,12
14/05/2013,06:45,23,8,15
14/05/2013,07:00,35,6,29
14/05/2013,07:15,20,6,14
14/05/2013,07:30,29,8,21
14/05/2013,07:45,32,6,26
14/05/2013,08:00,36,13,23
14/05/2013,08:15,29,4,25
14/05/2013,08:30,16,4,12
14/05/2013,08:45,14,5,9
14/05/2013,09:00,9,4,5
14/05/2013,09:15,14,5,9
14/05/2013,09:30,7,3,4
14/05/2013,09:45,10,4,6
14/05/2013,10:00,3,1,2
14/05/2013,10:15,5,3,2
14/05/2013,10:30,6,2,4
14/05/2013,10:45,12,12,0
14/05/2013,11:00,12,9,3
14/05/2013,11:15,11,10,1
14/05/2013,11:30,7,6,1
14/05/2013,11:45,10,6,4
14/05/2013,12:00,4,1,3
14/05/2013,12:15,17,9,8
14/05/2013,12:30,10,3,7
14/05/2013,12:45,14,6,8
14/05/2013,13:00,15,10,5
14/05/2013,13:15,9,4,5
14/05/2013,13:30,13,11,2
14/05/2013,13:45,8,4,4
14/05/2013,14:00,17,4,13
14/05/2013,14:15,13,8,5
14/05/2013,14:30,15,6,9
14/05/2013,14:45,22,11,11
14/05/2013,15:00,13,1,12
14/05/2013,15:15,17,11,6
14/05/2013,15:30,21,10,11
14/05/2013,15:45,24,12,12
14/05/2013,16:00,26,11,15
14/05/2013,16:15,25,9,16
14/05/2013,16:30,27,16,11
14/05/2013,16:45,33,22,11
14/05/2013,17:00,29,19,10
14/05/2013,17:15,34,16,18
14/05/2013,17:30,39,25,14
14/05/2013,17:45,58,31,27
14/05/2013,18:00,52,27,25
14/05/2013,18:15,50,23,27
14/05/2013,18:30,44,27,17
14/05/2013,18:45,29,21,8
14/05/2013,19:00,37,19,18
14/05/2013,19:15,33,16,17
14/05/2013,19:30,18,8,10
14/05/2013,19:45,20,14,6
14/05/2013,20:00,10,5,5
14/05/2013,20:15,6,4,2
14/05/2013,20:30,5,2,3
14/05/2013,20:45,7,3,4
14/05/2013,21:00,4,2,2
14/05/2013,21:15,8,1,7
14/05/2013,21:30,2,2,0
14/05/2013,21:45,3,1,2
14/05/2013,22:00,1,0,1
14/05/2013,22:15,2,1,1
14/05/2013,22:30,1,1,0
14/05/2013,22:45,2,1,1
14/05/2013,23:00,0,0,0
14/05/2013,23:15,2,2,0
14/05/2013,23:30,1,1,0
14/05/2013,23:45,2,2,0
15/05/2013,00:00,1,0,1
15/05/2013,00:15,2,0,2
15/05/2013,00:30,0,0,0
15/05/2013,00:45,0,0,0
15/05/2013,01:00,2,1,1
15/05/2013,01:15,0,0,0
15/05/2013,01:30,0,0,0
15/05/2013,01:45,0,0,0
15/05/2013,02:00,0,0,0
15/05/2013,02:15,0,0,0
15/05/2013,02:30,0,0,0
15/05/2013,02:45,0,0,0
15/05/2013,03:00,0,0,0
15/05/2013,03:15,0,0,0
15/05/2013,03:30,1,1,0
15/05/2013,03:45,65,22,43
15/05/2013,04:00,3,2,1
15/05/2013,04:15,1,1,0
15/05/2013,04:30,0,0,0
15/05/2013,04:45,1,1,0
15/05/2013,05:00,1,1,0
15/05/2013,05:15,3,3,0
15/05/2013,05:30,6,2,4
15/05/2013,05:45,11,7,4
15/05/2013,06:00,18,6,12
15/05/2013,06:15,14,8,6
15/05/2013,06:30,15,5,10
15/05/2013,06:45,33,13,20
15/05/2013,07:00,26,7,19
15/05/2013,07:15,24,9,15
15/05/2013,07:30,30,6,24
15/05/2013,07:45,35,15,20
15/05/2013,08:00,32,7,25
15/05/2013,08:15,34,7,27
15/05/2013,08:30,27,4,23
15/05/2013,08:45,21,7,14
15/05/2013,09:00,20,7,13
15/05/2013,09:15,12,9,3
15/05/2013,09:30,4,3,1
15/05/2013,09:45,12,9,3
15/05/2013,10:00,3,1,2
15/05/2013,10:15,6,2,4
15/05/2013,10:30,8,4,4
15/05/2013,10:45,12,5,7
15/05/2013,11:00,8,5,3
15/05/2013,11:15,6,3,3
15/05/2013,11:30,7,2,5
15/05/2013,11:45,3,2,1
15/05/2013,12:00,5,2,3
15/05/2013,12:15,8,6,2
15/05/2013,12:30,5,3,2
15/05/2013,12:45,9,4,5
15/05/2013,13:00,9,5,4
15/05/2013,13:15,6,3,3
15/05/2013,13:30,15,5,10
15/05/2013,13:45,10,6,4
15/05/2013,14:00,17,11,6
15/05/2013,14:15,20,6,14
15/05/2013,14:30,13,4,9
15/05/2013,14:45,17,9,8
15/05/2013,15:00,15,9,6
15/05/2013,15:15,10,6,4
15/05/2013,15:30,13,6,7
15/05/2013,15:45,17,8,9
15/05/2013,16:00,23,7,16
15/05/2013,16:15,37,17,20
15/05/2013,16:30,20,14,6
15/05/2013,16:45,41,26,15
15/05/2013,17:00,34,17,17
15/05/2013,17:15,49,17,32
15/05/2013,17:30,60,26,34
15/05/2013,17:45,56,35,21
15/05/2013,18:00,67,38,29
15/05/2013,18:15,44,29,15
15/05/2013,18:30,45,25,20
15/05/2013,18:45,59,35,24
15/05/2013,19:00,41,32,9
15/05/2013,19:15,46,27,19
15/05/2013,19:30,28,15,13
15/05/2013,19:45,29,19,10
15/05/2013,20:00,25,11,14
15/05/2013,20:15,19,7,12
15/05/2013,20:30,17,9,8
15/05/2013,20:45,7,4,3
15/05/2013,21:00,5,3,2
15/05/2013,21:15,5,2,3
15/05/2013,21:30,3,0,3
15/05/2013,21:45,1,1,0
15/05/2013,22:00,6,3,3
15/05/2013,22:15,2,1,1
15/05/2013,22:30,5,4,1
15/05/2013,22:45,4,4,0
15/05/2013,23:00,1,0,1
15/05/2013,23:15,0,0,0
15/05/2013,23:30,0,0,0
15/05/2013,23:45,3,1,2
16/05/2013,00:00,2,1,1
16/05/2013,00:15,1,1,0
16/05/2013,00:30,2,1,1
16/05/2013,00:45,0,0,0
16/05/2013,01:00,0,0,0
16/05/2013,01:15,0,0,0
16/05/2013,01:30,0,0,0
16/05/2013,01:45,0,0,0
16/05/2013,02:00,1,0,1
16/05/2013,02:15,0,0,0
16/05/2013,02:30,0,0,0
16/05/2013,02:45,0,0,0
16/05/2013,03:00,0,0,0
16/05/2013,03:15,0,0,0
16/05/2013,03:30,1,1,0
16/05/2013,03:45,0,0,0
16/05/2013,04:00,2,2,0
16/05/2013,04:15,0,0,0
16/05/2013,04:30,2,1,1
16/05/2013,04:45,0,0,0
16/05/2013,05:00,4,2,2
16/05/2013,05:15,6,4,2
16/05/2013,05:30,4,3,1
16/05/2013,05:45,11,6,5
16/05/2013,06:00,15,7,8
16/05/2013,06:15,9,4,5
16/05/2013,06:30,28,14,14
16/05/2013,06:45,37,10,27
16/05/2013,07:00,40,16,24
16/05/2013,07:15,25,5,20
16/05/2013,07:30,31,7,24
16/05/2013,07:45,35,14,21
16/05/2013,08:00,33,16,17
16/05/2013,08:15,19,8,11
16/05/2013,08:30,36,12,24
16/05/2013,08:45,18,5,13
16/05/2013,09:00,10,5,5
16/05/2013,09:15,13,6,7
16/05/2013,09:30,9,4,5
16/05/2013,09:45,14,6,8
16/05/2013,10:00,12,6,6
16/05/2013,10:15,14,6,8
16/05/2013,10:30,9,2,7
16/05/2013,10:45,10,7,3
16/05/2013,11:00,15,5,10
16/05/2013,11:15,24,14,10
16/05/2013,11:30,18,11,7
16/05/2013,11:45,10,7,3
16/05/2013,12:00,15,8,7
16/05/2013,12:15,11,4,7
16/05/2013,12:30,16,6,10
16/05/2013,12:45,12,6,6
16/05/2013,13:00,7,5,2
16/05/2013,13:15,10,6,4
16/05/2013,13:30,8,4,4
16/05/2013,13:45,5,0,5
16/05/2013,14:00,10,7,3
16/05/2013,14:15,7,3,4
16/05/2013,14:30,15,3,12
16/05/2013,14:45,15,6,9
16/05/2013,15:00,1,1,0
16/05/2013,15:15,14,5,9
16/05/2013,15:30,16,10,6
16/05/2013,15:45,21,13,8
16/05/2013,16:00,20,10,10
16/05/2013,16:15,26,7,19
16/05/2013,16:30,19,11,8
16/05/2013,16:45,39,23,16
16/05/2013,17:00,37,18,19
16/05/2013,17:15,58,25,33
16/05/2013,17:30,56,18,38
16/05/2013,17:45,49,25,24
16/05/2013,18:00,55,15,40
16/05/2013,18:15,49,26,23
16/05/2013,18:30,32,10,22
16/05/2013,18:45,48,25,23
16/05/2013,19:00,44,20,24
16/05/2013,19:15,34,22,12
16/05/2013,19:30,17,9,8
16/05/2013,19:45,30,14,16
16/05/2013,20:00,18,13,5
16/05/2013,20:15,12,9,3
16/05/2013,20:30,15,9,6
16/05/2013,20:45,7,3,4
16/05/2013,21:00,5,3,2
16/05/2013,21:15,4,3,1
16/05/2013,21:30,1,1,0
16/05/2013,21:45,6,4,2
16/05/2013,22:00,1,1,0
16/05/2013,22:15,5,1,4
16/05/2013,22:30,2,1,1
16/05/2013,22:45,5,3,2
16/05/2013,23:00,0,0,0
16/05/2013,23:15,1,1,0
16/05/2013,23:30,5,3,2
16/05/2013,23:45,0,0,0
17/05/2013,00:00,4,2,2
17/05/2013,00:15,1,1,0
17/05/2013,00:30,1,1,0
17/05/2013,00:45,0,0,0
17/05/2013,01:00,0,0,0
17/05/2013,01:15,0,0,0
17/05/2013,01:30,0,0,0
17/05/2013,01:45,0,0,0
17/05/2013,02:00,0,0,0
17/05/2013,02:15,0,0,0
17/05/2013,02:30,0,0,0
17/05/2013,02:45,0,0,0
17/05/2013,03:00,0,0,0
17/05/2013,03:15,0,0,0
17/05/2013,03:30,0,0,0
17/05/2013,03:45,3,3,0
17/05/2013,04:00,2,1,1
17/05/2013,04:15,2,1,1
17/05/2013,04:30,3,3,0
17/05/2013,04:45,2,2,0
17/05/2013,05:00,2,2,0
17/05/2013,05:15,4,2,2
17/05/2013,05:30,10,6,4
17/05/2013,05:45,12,5,7
17/05/2013,06:00,20,9,11
17/05/2013,06:15,24,7,17
17/05/2013,06:30,43,14,29
17/05/2013,06:45,50,19,31
17/05/2013,07:00,61,21,40
17/05/2013,07:15,58,12,46
17/05/2013,07:30,47,15,32
17/05/2013,07:45,57,19,38
17/05/2013,08:00,57,20,37
17/05/2013,08:15,49,16,33
17/05/2013,08:30,43,15,28
17/05/2013,08:45,76,36,40
17/05/2013,09:00,32,17,15
17/05/2013,09:15,40,23,17
17/05/2013,09:30,32,16,16
17/05/2013,09:45,21,10,11
17/05/2013,10:00,16,8,8
17/05/2013,10:15,18,13,5
17/05/2013,10:30,26,14,12
17/05/2013,10:45,26,13,13
17/05/2013,11:00,15,7,8
17/05/2013,11:15,20,8,12
17/05/2013,11:30,17,8,9
17/05/2013,11:45,27,17,10
17/05/2013,12:00,14,9,5
17/05/2013,12:15,12,10,2
17/05/2013,12:30,25,21,4
17/05/2013,12:45,28,16,12
17/05/2013,13:00,19,13,6
17/05/2013,13:15,20,13,7
17/05/2013,13:30,24,11,13
17/05/2013,13:45,16,8,8
17/05/2013,14:00,20,10,10
17/05/2013,14:15,17,6,11
17/05/2013,14:30,24,10,14
17/05/2013,14:45,21,5,16
17/05/2013,15:00,22,10,12
17/05/2013,15:15,26,9,17
17/05/2013,15:30,27,16,11
17/05/2013,15:45,34,20,14
17/05/2013,16:00,26,17,9
17/05/2013,16:15,47,24,23
17/05/2013,16:30,44,29,15
17/05/2013,16:45,61,36,25
17/05/2013,17:00,68,30,38
17/05/2013,17:15,77,44,33
17/05/2013,17:30,50,28,22
17/05/2013,17:45,73,42,31
17/05/2013,18:00,70,30,40
17/05/2013,18:15,66,23,43
17/05/2013,18:30,44,26,18
17/05/2013,18:45,40,19,21
17/05/2013,19:00,50,27,23
17/05/2013,19:15,35,23,12
17/05/2013,19:30,25,13,12
17/05/2013,19:45,27,17,10
17/05/2013,20:00,12,6,6
17/05/2013,20:15,14,10,4
17/05/2013,20:30,2,2,0
17/05/2013,20:45,5,4,1
17/05/2013,21:00,5,3,2
17/05/2013,21:15,6,2,4
17/05/2013,21:30,3,0,3
17/05/2013,21:45,2,1,1
17/05/2013,22:00,0,0,0
17/05/2013,22:15,3,1,2
17/05/2013,22:30,4,1,3
17/05/2013,22:45,1,0,1
17/05/2013,23:00,1,1,0
17/05/2013,23:15,5,4,1
17/05/2013,23:30,0,0,0
17/05/2013,23:45,2,1,1
18/05/2013,00:00,0,0,0
18/05/2013,00:15,0,0,0
18/05/2013,00:30,1,0,1
18/05/2013,00:45,2,1,1
18/05/2013,01:00,5,0,5
18/05/2013,01:15,1,0,1
18/05/2013,01:30,1,0,1
18/05/2013,01:45,0,0,0
18/05/2013,02:00,1,1,0
18/05/2013,02:15,0,0,0
18/05/2013,02:30,0,0,0
18/05/2013,02:45,0,0,0
18/05/2013,03:00,1,1,0
18/05/2013,03:15,0,0,0
18/05/2013,03:30,1,1,0
18/05/2013,03:45,0,0,0
18/05/2013,04:00,0,0,0
18/05/2013,04:15,0,0,0
18/05/2013,04:30,0,0,0
18/05/2013,04:45,1,1,0
18/05/2013,05:00,1,1,0
18/05/2013,05:15,0,0,0
18/05/2013,05:30,1,1,0
18/05/2013,05:45,6,5,1
18/05/2013,06:00,5,5,0
18/05/2013,06:15,3,2,1
18/05/2013,06:30,5,3,2
18/05/2013,06:45,9,7,2
18/05/2013,07:00,10,7,3
18/05/2013,07:15,18,12,6
18/05/2013,07:30,8,4,4
18/05/2013,07:45,16,7,9
18/05/2013,08:00,24,19,5
18/05/2013,08:15,16,10,6
18/05/2013,08:30,18,10,8
18/05/2013,08:45,26,14,12
18/05/2013,09:00,24,17,7
18/05/2013,09:15,27,17,10
18/05/2013,09:30,30,16,14
18/05/2013,09:45,18,12,6
18/05/2013,10:00,39,21,18
18/05/2013,10:15,27,9,18
18/05/2013,10:30,22,15,7
18/05/2013,10:45,28,16,12
18/05/2013,11:00,36,10,26
18/05/2013,11:15,17,8,9
18/05/2013,11:30,21,13,8
18/05/2013,11:45,19,10,9
18/05/2013,12:00,16,10,6
18/05/2013,12:15,17,13,4
18/05/2013,12:30,7,4,3
18/05/2013,12:45,7,4,3
18/05/2013,13:00,19,5,14
18/05/2013,13:15,12,4,8
18/05/2013,13:30,5,1,4
18/05/2013,13:45,15,12,3
18/05/2013,14:00,9,3,6
18/05/2013,14:15,9,3,6
18/05/2013,14:30,18,10,8
18/05/2013,14:45,9,4,5
18/05/2013,15:00,11,6,5
18/05/2013,15:15,8,6,2
18/05/2013,15:30,9,4,5
18/05/2013,15:45,2,1,1
18/05/2013,16:00,10,6,4
18/05/2013,16:15,9,6,3
18/05/2013,16:30,14,4,10
18/05/2013,16:45,9,5,4
18/05/2013,17:00,14,8,6
18/05/2013,17:15,12,6,6
18/05/2013,17:30,14,5,9
18/05/2013,17:45,11,4,7
18/05/2013,18:00,7,4,3
18/05/2013,18:15,9,6,3
18/05/2013,18:30,11,4,7
18/05/2013,18:45,7,4,3
18/05/2013,19:00,7,4,3
18/05/2013,19:15,4,1,3
18/05/2013,19:30,4,1,3
18/05/2013,19:45,2,1,1
18/05/2013,20:00,6,3,3
18/05/2013,20:15,3,2,1
18/05/2013,20:30,3,2,1
18/05/2013,20:45,4,0,4
18/05/2013,21:00,1,1,0
18/05/2013,21:15,3,1,2
18/05/2013,21:30,2,0,2
18/05/2013,21:45,0,0,0
18/05/2013,22:00,0,0,0
18/05/2013,22:15,1,1,0
18/05/2013,22:30,1,0,1
18/05/2013,22:45,0,0,0
18/05/2013,23:00,3,3,0
18/05/2013,23:15,1,1,0
18/05/2013,23:30,0,0,0
18/05/2013,23:45,0,0,0
19/05/2013,00:00,0,0,0
19/05/2013,00:15,0,0,0
19/05/2013,00:30,0,0,0
19/05/2013,00:45,0,0,0
19/05/2013,01:00,0,0,0
19/05/2013,01:15,1,0,1
19/05/2013,01:30,1,0,1
19/05/2013,01:45,1,1,0
19/05/2013,02:00,0,0,0
19/05/2013,02:15,0,0,0
19/05/2013,02:30,0,0,0
19/05/2013,02:45,1,0,1
19/05/2013,03:00,0,0,0
19/05/2013,03:15,0,0,0
19/05/2013,03:30,2,1,1
19/05/2013,03:45,1,1,0
19/05/2013,04:00,0,0,0
19/05/2013,04:15,0,0,0
19/05/2013,04:30,1,1,0
19/05/2013,04:45,1,0,1
19/05/2013,05:00,0,0,0
19/05/2013,05:15,0,0,0
19/05/2013,05:30,0,0,0
19/05/2013,05:45,5,2,3
19/05/2013,06:00,1,1,0
19/05/2013,06:15,2,1,1
19/05/2013,06:30,4,4,0
19/05/2013,06:45,8,3,5
19/05/2013,07:00,7,3,4
19/05/2013,07:15,9,8,1
19/05/2013,07:30,13,9,4
19/05/2013,07:45,14,8,6
19/05/2013,08:00,10,9,1
19/05/2013,08:15,10,8,2
19/05/2013,08:30,11,7,4
19/05/2013,08:45,15,9,6
19/05/2013,09:00,11,8,3
19/05/2013,09:15,13,11,2
19/05/2013,09:30,9,7,2
19/05/2013,09:45,13,12,1
19/05/2013,10:00,20,13,7
19/05/2013,10:15,15,7,8
19/05/2013,10:30,14,7,7
19/05/2013,10:45,20,13,7
19/05/2013,11:00,19,9,10
19/05/2013,11:15,13,7,6
19/05/2013,11:30,21,11,10
19/05/2013,11:45,27,14,13
19/05/2013,12:00,15,7,8
19/05/2013,12:15,41,24,17
19/05/2013,12:30,20,8,12
19/05/2013,12:45,23,10,13
19/05/2013,13:00,32,17,15
19/05/2013,13:15,32,12,20
19/05/2013,13:30,22,12,10
19/05/2013,13:45,27,9,18
19/05/2013,14:00,19,14,5
19/05/2013,14:15,37,18,19
19/05/2013,14:30,25,11,14
19/05/2013,14:45,27,11,16
19/05/2013,15:00,20,10,10
19/05/2013,15:15,24,11,13
19/05/2013,15:30,32,12,20
19/05/2013,15:45,18,8,10
19/05/2013,16:00,30,8,22
19/05/2013,16:15,25,11,14
19/05/2013,16:30,39,16,23
19/05/2013,16:45,31,7,24
19/05/2013,17:00,29,16,13
19/05/2013,17:15,28,14,14
19/05/2013,17:30,27,12,15
19/05/2013,17:45,26,10,16
19/05/2013,18:00,39,11,28
19/05/2013,18:15,21,8,13
19/05/2013,18:30,21,16,5
19/05/2013,18:45,14,5,9
19/05/2013,19:00,17,8,9
19/05/2013,19:15,12,7,5
19/05/2013,19:30,13,3,10
19/05/2013,19:45,6,1,5
19/05/2013,20:00,16,5,11
19/05/2013,20:15,9,5,4
19/05/2013,20:30,3,1,2
19/05/2013,20:45,5,3,2
19/05/2013,21:00,2,2,0
19/05/2013,21:15,1,0,1
19/05/2013,21:30,5,3,2
19/05/2013,21:45,1,1,0
19/05/2013,22:00,1,1,0
19/05/2013,22:15,3,1,2
19/05/2013,22:30,3,3,0
19/05/2013,22:45,2,0,2
19/05/2013,23:00,0,0,0
19/05/2013,23:15,3,1,2
19/05/2013,23:30,2,2,0
19/05/2013,23:45,1,1,0
20/05/2013,00:00,1,1,0
20/05/2013,00:15,1,0,1
20/05/2013,00:30,0,0,0
20/05/2013,00:45,0,0,0
20/05/2013,01:00,0,0,0
20/05/2013,01:15,0,0,0
20/05/2013,01:30,0,0,0
20/05/2013,01:45,0,0,0
20/05/2013,02:00,0,0,0
20/05/2013,02:15,0,0,0
20/05/2013,02:30,0,0,0
20/05/2013,02:45,0,0,0
20/05/2013,03:00,0,0,0
20/05/2013,03:15,0,0,0
20/05/2013,03:30,0,0,0
20/05/2013,03:45,2,1,1
20/05/2013,04:00,1,1,0
20/05/2013,04:15,0,0,0
20/05/2013,04:30,0,0,0
20/05/2013,04:45,1,0,1
20/05/2013,05:00,1,1,0
20/05/2013,05:15,8,3,5
20/05/2013,05:30,8,6,2
20/05/2013,05:45,14,10,4
20/05/2013,06:00,9,3,6
20/05/2013,06:15,6,1,5
20/05/2013,06:30,22,13,9
20/05/2013,06:45,35,19,16
20/05/2013,07:00,25,10,15
20/05/2013,07:15,22,11,11
20/05/2013,07:30,30,13,17
20/05/2013,07:45,19,12,7
20/05/2013,08:00,34,24,10
20/05/2013,08:15,22,12,10
20/05/2013,08:30,19,11,8
20/05/2013,08:45,7,3,4
20/05/2013,09:00,16,7,9
20/05/2013,09:15,9,6,3
20/05/2013,09:30,12,8,4
20/05/2013,09:45,10,5,5
20/05/2013,10:00,13,6,7
20/05/2013,10:15,15,10,5
20/05/2013,10:30,12,2,10
20/05/2013,10:45,10,4,6
20/05/2013,11:00,13,5,8
20/05/2013,11:15,13,5,8
20/05/2013,11:30,11,7,4
20/05/2013,11:45,12,2,10
20/05/2013,12:00,11,4,7
20/05/2013,12:15,11,6,5
20/05/2013,12:30,10,5,5
20/05/2013,12:45,8,4,4
20/05/2013,13:00,8,1,7
20/05/2013,13:15,13,5,8
20/05/2013,13:30,13,4,9
20/05/2013,13:45,9,5,4
20/05/2013,14:00,7,4,3
20/05/2013,14:15,4,2,2
20/05/2013,14:30,11,4,7
20/05/2013,14:45,7,3,4
20/05/2013,15:00,15,8,7
20/05/2013,15:15,14,4,10
20/05/2013,15:30,22,1,21
20/05/2013,15:45,21,8,13
20/05/2013,16:00,14,7,7
20/05/2013,16:15,17,8,9
20/05/2013,16:30,42,21,21
20/05/2013,16:45,38,22,16
20/05/2013,17:00,29,13,16
20/05/2013,17:15,39,18,21
20/05/2013,17:30,41,24,17
20/05/2013,17:45,44,21,23
20/05/2013,18:00,51,23,28
20/05/2013,18:15,48,20,28
20/05/2013,18:30,52,25,27
20/05/2013,18:45,56,27,29
20/05/2013,19:00,60,28,32
20/05/2013,19:15,44,24,20
20/05/2013,19:30,60,31,29
20/05/2013,19:45,42,18,24
20/05/2013,20:00,28,19,9
20/05/2013,20:15,25,9,16
20/05/2013,20:30,12,7,5
20/05/2013,20:45,12,5,7
20/05/2013,21:00,10,7,3
20/05/2013,21:15,9,4,5
20/05/2013,21:30,2,2,0
20/05/2013,21:45,2,2,0
20/05/2013,22:00,3,2,1
20/05/2013,22:15,3,1,2
20/05/2013,22:30,2,2,0
20/05/2013,22:45,2,1,1
20/05/2013,23:00,0,0,0
20/05/2013,23:15,2,1,1
20/05/2013,23:30,3,3,0
20/05/2013,23:45,2,1,1
21/05/2013,00:00,2,0,2
21/05/2013,00:15,1,1,0
21/05/2013,00:30,0,0,0
21/05/2013,00:45,0,0,0
21/05/2013,01:00,0,0,0
21/05/2013,01:15,0,0,0
21/05/2013,01:30,2,0,2
21/05/2013,01:45,0,0,0
21/05/2013,02:00,3,2,1
21/05/2013,02:15,0,0,0
21/05/2013,02:30,0,0,0
21/05/2013,02:45,1,1,0
21/05/2013,03:00,0,0,0
21/05/2013,03:15,0,0,0
21/05/2013,03:30,0,0,0
21/05/2013,03:45,1,1,0
21/05/2013,04:00,1,1,0
21/05/2013,04:15,1,1,0
21/05/2013,04:30,0,0,0
21/05/2013,04:45,3,0,3
21/05/2013,05:00,4,2,2
21/05/2013,05:15,6,3,3
21/05/2013,05:30,7,4,3
21/05/2013,05:45,13,9,4
21/05/2013,06:00,18,11,7
21/05/2013,06:15,14,5,9
21/05/2013,06:30,23,10,13
21/05/2013,06:45,34,15,19
21/05/2013,07:00,30,10,20
21/05/2013,07:15,34,9,25
21/05/2013,07:30,43,14,29
21/05/2013,07:45,24,5,19
21/05/2013,08:00,26,11,15
21/05/2013,08:15,42,14,28
21/05/2013,08:30,21,5,16
21/05/2013,08:45,28,6,22
21/05/2013,09:00,15,4,11
21/05/2013,09:15,17,9,8
21/05/2013,09:30,9,6,3
21/05/2013,09:45,15,3,12
21/05/2013,10:00,5,3,2
21/05/2013,10:15,14,5,9
21/05/2013,10:30,10,4,6
21/05/2013,10:45,10,3,7
21/05/2013,11:00,11,5,6
21/05/2013,11:15,18,7,11
21/05/2013,11:30,7,5,2
21/05/2013,11:45,7,3,4
21/05/2013,12:00,13,4,9
21/05/2013,12:15,9,4,5
21/05/2013,12:30,11,8,3
21/05/2013,12:45,16,10,6
21/05/2013,13:00,11,4,7
21/05/2013,13:15,11,3,8
21/05/2013,13:30,8,4,4
21/05/2013,13:45,11,3,8
21/05/2013,14:00,20,12,8
21/05/2013,14:15,17,10,7
21/05/2013,14:30,13,4,9
21/05/2013,14:45,8,5,3
21/05/2013,15:00,16,8,8
21/05/2013,15:15,17,12,5
21/05/2013,15:30,14,4,10
21/05/2013,15:45,19,6,13
21/05/2013,16:00,24,13,11
21/05/2013,16:15,38,14,24
21/05/2013,16:30,33,15,18
21/05/2013,16:45,40,13,27
21/05/2013,17:00,40,19,21
21/05/2013,17:15,48,19,29
21/05/2013,17:30,56,26,30
21/05/2013,17:45,64,26,38
21/05/2013,18:00,74,40,34
21/05/2013,18:15,77,39,38
21/05/2013,18:30,48,22,26
21/05/2013,18:45,51,16,35
21/05/2013,19:00,70,35,35
21/05/2013,19:15,61,26,35
21/05/2013,19:30,31,9,22
21/05/2013,19:45,47,24,23
21/05/2013,20:00,24,12,12
21/05/2013,20:15,29,13,16
21/05/2013,20:30,23,8,15
21/05/2013,20:45,10,5,5
21/05/2013,21:00,10,1,9
21/05/2013,21:15,6,4,2
21/05/2013,21:30,5,3,2
21/05/2013,21:45,7,5,2
21/05/2013,22:00,2,1,1
21/05/2013,22:15,1,0,1
21/05/2013,22:30,2,1,1
21/05/2013,22:45,1,0,1
21/05/2013,23:00,0,0,0
21/05/2013,23:15,2,1,1
21/05/2013,23:30,1,0,1
21/05/2013,23:45,1,1,0
22/05/2013,00:00,1,0,1
22/05/2013,00:15,4,3,1
22/05/2013,00:30,1,0,1
22/05/2013,00:45,1,0,1
22/05/2013,01:00,0,0,0
22/05/2013,01:15,1,0,1
22/05/2013,01:30,0,0,0
22/05/2013,01:45,0,0,0
22/05/2013,02:00,1,1,0
22/05/2013,02:15,0,0,0
22/05/2013,02:30,0,0,0
22/05/2013,02:45,0,0,0
22/05/2013,03:00,1,1,0
22/05/2013,03:15,0,0,0
22/05/2013,03:30,0,0,0
22/05/2013,03:45,2,1,1
22/05/2013,04:00,1,1,0
22/05/2013,04:15,0,0,0
22/05/2013,04:30,0,0,0
22/05/2013,04:45,1,0,1
22/05/2013,05:00,3,2,1
22/05/2013,05:15,6,6,0
22/05/2013,05:30,12,9,3
22/05/2013,05:45,12,8,4
22/05/2013,06:00,8,5,3
22/05/2013,06:15,26,18,8
22/05/2013,06:30,26,15,11
22/05/2013,06:45,39,31,8
22/05/2013,07:00,37,24,13
22/05/2013,07:15,39,25,14
22/05/2013,07:30,28,22,6
22/05/2013,07:45,37,31,6
22/05/2013,08:00,34,17,17
22/05/2013,08:15,23,9,14
22/05/2013,08:30,15,5,10
22/05/2013,08:45,27,5,22
22/05/2013,09:00,11,4,7
22/05/2013,09:15,15,8,7
22/05/2013,09:30,11,2,9
22/05/2013,09:45,8,6,2
22/05/2013,10:00,10,5,5
22/05/2013,10:15,9,5,4
22/05/2013,10:30,10,5,5
22/05/2013,10:45,13,5,8
22/05/2013,11:00,12,4,8
22/05/2013,11:15,21,12,9
22/05/2013,11:30,19,17,2
22/05/2013,11:45,16,12,4
22/05/2013,12:00,17,7,10
22/05/2013,12:15,20,14,6
22/05/2013,12:30,17,9,8
22/05/2013,12:45,16,11,5
22/05/2013,13:00,20,16,4
22/05/2013,13:15,28,23,5
22/05/2013,13:30,11,6,5
22/05/2013,13:45,16,9,7
22/05/2013,14:00,18,11,7
22/05/2013,14:15,15,13,2
22/05/2013,14:30,10,7,3
22/05/2013,14:45,12,8,4
22/05/2013,15:00,18,12,6
22/05/2013,15:15,13,8,5
22/05/2013,15:30,12,5,7
22/05/2013,15:45,22,12,10
22/05/2013,16:00,28,14,14
22/05/2013,16:15,28,21,7
22/05/2013,16:30,18,12,6
22/05/2013,16:45,35,16,19
22/05/2013,17:00,40,20,20
22/05/2013,17:15,40,22,18
22/05/2013,17:30,43,25,18
22/05/2013,17:45,46,27,19
22/05/2013,18:00,53,34,19
22/05/2013,18:15,51,32,19
22/05/2013,18:30,45,29,16
22/05/2013,18:45,40,26,14
22/05/2013,19:00,44,20,24
22/05/2013,19:15,18,12,6
22/05/2013,19:30,47,26,21
22/05/2013,19:45,35,16,19
22/05/2013,20:00,20,11,9
22/05/2013,20:15,18,12,6
22/05/2013,20:30,15,10,5
22/05/2013,20:45,9,7,2
22/05/2013,21:00,2,1,1
22/05/2013,21:15,5,2,3
22/05/2013,21:30,2,1,1
22/05/2013,21:45,3,2,1
22/05/2013,22:00,1,0,1
22/05/2013,22:15,1,0,1
22/05/2013,22:30,3,3,0
22/05/2013,22:45,3,0,3
22/05/2013,23:00,0,0,0
22/05/2013,23:15,1,0,1
22/05/2013,23:30,4,3,1
22/05/2013,23:45,1,1,0
23/05/2013,00:00,0,0,0
23/05/2013,00:15,0,0,0
23/05/2013,00:30,2,1,1
23/05/2013,00:45,0,0,0
23/05/2013,01:00,1,0,1
23/05/2013,01:15,0,0,0
23/05/2013,01:30,0,0,0
23/05/2013,01:45,0,0,0
23/05/2013,02:00,1,0,1
23/05/2013,02:15,0,0,0
23/05/2013,02:30,1,0,1
23/05/2013,02:45,0,0,0
23/05/2013,03:00,0,0,0
23/05/2013,03:15,1,1,0
23/05/2013,03:30,0,0,0
23/05/2013,03:45,0,0,0
23/05/2013,04:00,1,1,0
23/05/2013,04:15,0,0,0
23/05/2013,04:30,1,1,0
23/05/2013,04:45,1,0,1
23/05/2013,05:00,0,0,0
23/05/2013,05:15,4,3,1
23/05/2013,05:30,9,7,2
23/05/2013,05:45,14,10,4
23/05/2013,06:00,15,11,4
23/05/2013,06:15,10,7,3
23/05/2013,06:30,22,13,9
23/05/2013,06:45,29,15,14
23/05/2013,07:00,20,7,13
23/05/2013,07:15,24,9,15
23/05/2013,07:30,31,12,19
23/05/2013,07:45,25,9,16
23/05/2013,08:00,22,10,12
23/05/2013,08:15,21,10,11
23/05/2013,08:30,16,9,7
23/05/2013,08:45,10,8,2
23/05/2013,09:00,11,5,6
23/05/2013,09:15,9,3,6
23/05/2013,09:30,10,6,4
23/05/2013,09:45,15,7,8
23/05/2013,10:00,11,4,7
23/05/2013,10:15,14,6,8
23/05/2013,10:30,8,4,4
23/05/2013,10:45,6,1,5
23/05/2013,11:00,7,0,7
23/05/2013,11:15,10,4,6
23/05/2013,11:30,9,3,6
23/05/2013,11:45,12,6,6
23/05/2013,12:00,13,1,12
23/05/2013,12:15,13,2,11
23/05/2013,12:30,3,2,1
23/05/2013,12:45,6,2,4
23/05/2013,13:00,6,1,5
23/05/2013,13:15,9,3,6
23/05/2013,13:30,8,4,4
23/05/2013,13:45,8,4,4
23/05/2013,14:00,13,3,10
23/05/2013,14:15,3,2,1
23/05/2013,14:30,10,3,7
23/05/2013,14:45,13,7,6
23/05/2013,15:00,13,5,8
23/05/2013,15:15,7,3,4
23/05/2013,15:30,12,1,11
23/05/2013,15:45,13,7,6
23/05/2013,16:00,26,9,17
23/05/2013,16:15,20,11,9
23/05/2013,16:30,23,10,13
23/05/2013,16:45,27,11,16
23/05/2013,17:00,33,21,12
23/05/2013,17:15,33,18,15
23/05/2013,17:30,32,14,18
23/05/2013,17:45,32,13,19
23/05/2013,18:00,26,12,14
23/05/2013,18:15,37,16,21
23/05/2013,18:30,24,10,14
23/05/2013,18:45,14,10,4
23/05/2013,19:00,34,16,18
23/05/2013,19:15,17,7,10
23/05/2013,19:30,19,10,9
23/05/2013,19:45,14,9,5
23/05/2013,20:00,11,1,10
23/05/2013,20:15,11,4,7
23/05/2013,20:30,10,4,6
23/05/2013,20:45,9,5,4
23/05/2013,21:00,4,3,1
23/05/2013,21:15,5,4,1
23/05/2013,21:30,4,4,0
23/05/2013,21:45,4,0,4
23/05/2013,22:00,2,0,2
23/05/2013,22:15,1,1,0
23/05/2013,22:30,2,2,0
23/05/2013,22:45,1,0,1
23/05/2013,23:00,0,0,0
23/05/2013,23:15,0,0,0
23/05/2013,23:30,0,0,0
23/05/2013,23:45,0,0,0
24/05/2013,00:00,1,1,0
24/05/2013,00:15,2,2,0
24/05/2013,00:30,0,0,0
24/05/2013,00:45,0,0,0
24/05/2013,01:00,2,1,1
24/05/2013,01:15,2,1,1
24/05/2013,01:30,0,0,0
24/05/2013,01:45,2,0,2
24/05/2013,02:00,0,0,0
24/05/2013,02:15,10,10,0
24/05/2013,02:30,2,2,0
24/05/2013,02:45,0,0,0
24/05/2013,03:00,0,0,0
24/05/2013,03:15,0,0,0
24/05/2013,03:30,0,0,0
24/05/2013,03:45,1,1,0
24/05/2013,04:00,0,0,0
24/05/2013,04:15,1,0,1
24/05/2013,04:30,2,2,0
24/05/2013,04:45,0,0,0
24/05/2013,05:00,0,0,0
24/05/2013,05:15,4,3,1
24/05/2013,05:30,7,4,3
24/05/2013,05:45,6,1,5
24/05/2013,06:00,8,7,1
24/05/2013,06:15,14,8,6
24/05/2013,06:30,21,10,11
24/05/2013,06:45,19,12,7
24/05/2013,07:00,15,10,5
24/05/2013,07:15,33,11,22
24/05/2013,07:30,19,9,10
24/05/2013,07:45,16,5,11
24/05/2013,08:00,16,7,9
24/05/2013,08:15,16,5,11
24/05/2013,08:30,10,5,5
24/05/2013,08:45,13,5,8
24/05/2013,09:00,11,6,5
24/05/2013,09:15,3,1,2
24/05/2013,09:30,12,3,9
24/05/2013,09:45,7,2,5
24/05/2013,10:00,5,3,2
24/05/2013,10:15,4,2,2
24/05/2013,10:30,5,2,3
24/05/2013,10:45,7,2,5
24/05/2013,11:00,5,1,4
24/05/2013,11:15,7,3,4
24/05/2013,11:30,4,1,3
24/05/2013,11:45,13,8,5
24/05/2013,12:00,7,2,5
24/05/2013,12:15,9,3,6
24/05/2013,12:30,4,3,1
24/05/2013,12:45,6,3,3
24/05/2013,13:00,10,1,9
24/05/2013,13:15,5,1,4
24/05/2013,13:30,14,7,7
24/05/2013,13:45,6,2,4
24/05/2013,14:00,10,4,6
24/05/2013,14:15,10,5,5
24/05/2013,14:30,11,3,8
24/05/2013,14:45,15,8,7
24/05/2013,15:00,12,6,6
24/05/2013,15:15,10,6,4
24/05/2013,15:30,13,9,4
24/05/2013,15:45,6,3,3
24/05/2013,16:00,11,6,5
24/05/2013,16:15,19,12,7
24/05/2013,16:30,14,11,3
24/05/2013,16:45,13,6,7
24/05/2013,17:00,17,5,12
24/05/2013,17:15,33,18,15
24/05/2013,17:30,14,10,4
24/05/2013,17:45,20,7,13
24/05/2013,18:00,11,3,8
24/05/2013,18:15,11,1,10
24/05/2013,18:30,10,7,3
24/05/2013,18:45,9,2,7
24/05/2013,19:00,2,0,2
24/05/2013,19:15,10,4,6
24/05/2013,19:30,2,1,1
24/05/2013,19:45,3,2,1
24/05/2013,20:00,2,2,0
24/05/2013,20:15,4,0,4
24/05/2013,20:30,2,2,0
24/05/2013,20:45,4,3,1
24/05/2013,21:00,6,1,5
24/05/2013,21:15,3,1,2
24/05/2013,21:30,0,0,0
24/05/2013,21:45,2,0,2
24/05/2013,22:00,0,0,0
24/05/2013,22:15,0,0,0
24/05/2013,22:30,4,2,2
24/05/2013,22:45,0,0,0
24/05/2013,23:00,0,0,0
24/05/2013,23:15,3,1,2
24/05/2013,23:30,0,0,0
24/05/2013,23:45,0,0,0
25/05/2013,00:00,0,0,0
25/05/2013,00:15,1,1,0
25/05/2013,00:30,0,0,0
25/05/2013,00:45,3,3,0
25/05/2013,01:00,0,0,0
25/05/2013,01:15,1,1,0
25/05/2013,01:30,2,0,2
25/05/2013,01:45,1,1,0
25/05/2013,02:00,3,0,3
25/05/2013,02:15,2,0,2
25/05/2013,02:30,0,0,0
25/05/2013,02:45,0,0,0
25/05/2013,03:00,2,2,0
25/05/2013,03:15,0,0,0
25/05/2013,03:30,0,0,0
25/05/2013,03:45,0,0,0
25/05/2013,04:00,0,0,0
25/05/2013,04:15,0,0,0
25/05/2013,04:30,2,0,2
25/05/2013,04:45,0,0,0
25/05/2013,05:00,1,1,0
25/05/2013,05:15,0,0,0
25/05/2013,05:30,4,4,0
25/05/2013,05:45,4,3,1
25/05/2013,06:00,2,2,0
25/05/2013,06:15,2,1,1
25/05/2013,06:30,6,4,2
25/05/2013,06:45,10,9,1
25/05/2013,07:00,11,4,7
25/05/2013,07:15,11,7,4
25/05/2013,07:30,9,6,3
25/05/2013,07:45,17,9,8
25/05/2013,08:00,8,5,3
25/05/2013,08:15,14,6,8
25/05/2013,08:30,19,12,7
25/05/2013,08:45,14,8,6
25/05/2013,09:00,24,12,12
25/05/2013,09:15,18,11,7
25/05/2013,09:30,19,9,10
25/05/2013,09:45,24,14,10
25/05/2013,10:00,22,11,11
25/05/2013,10:15,17,10,7
25/05/2013,10:30,46,23,23
25/05/2013,10:45,53,20,33
25/05/2013,11:00,38,22,16
25/05/2013,11:15,33,17,16
25/05/2013,11:30,27,16,11
25/05/2013,11:45,35,21,14
25/05/2013,12:00,43,18,25
25/05/2013,12:15,45,29,16
25/05/2013,12:30,29,10,19
25/05/2013,12:45,31,15,16
25/05/2013,13:00,33,20,13
25/05/2013,13:15,28,11,17
25/05/2013,13:30,31,20,11
25/05/2013,13:45,26,18,8
25/05/2013,14:00,31,11,20
25/05/2013,14:15,37,14,23
25/05/2013,14:30,22,11,11
25/05/2013,14:45,29,17,12
25/05/2013,15:00,26,13,13
25/05/2013,15:15,37,14,23
25/05/2013,15:30,41,14,27
25/05/2013,15:45,22,14,8
25/05/2013,16:00,28,19,9
25/05/2013,16:15,38,16,22
25/05/2013,16:30,31,20,11
25/05/2013,16:45,22,13,9
25/05/2013,17:00,23,11,12
25/05/2013,17:15,22,11,11
25/05/2013,17:30,34,15,19
25/05/2013,17:45,44,12,32
25/05/2013,18:00,17,8,9
25/05/2013,18:15,30,18,12
25/05/2013,18:30,17,9,8
25/05/2013,18:45,20,13,7
25/05/2013,19:00,24,5,19
25/05/2013,19:15,11,1,10
25/05/2013,19:30,12,5,7
25/05/2013,19:45,17,7,10
25/05/2013,20:00,7,1,6
25/05/2013,20:15,14,9,5
25/05/2013,20:30,9,4,5
25/05/2013,20:45,2,1,1
25/05/2013,21:00,5,2,3
25/05/2013,21:15,3,0,3
25/05/2013,21:30,5,2,3
25/05/2013,21:45,0,0,0
25/05/2013,22:00,1,1,0
25/05/2013,22:15,0,0,0
25/05/2013,22:30,0,0,0
25/05/2013,22:45,1,0,1
25/05/2013,23:00,0,0,0
25/05/2013,23:15,0,0,0
25/05/2013,23:30,1,1,0
25/05/2013,23:45,1,1,0
26/05/2013,00:00,1,1,0
26/05/2013,00:15,0,0,0
26/05/2013,00:30,3,2,1
26/05/2013,00:45,0,0,0
26/05/2013,01:00,1,1,0
26/05/2013,01:15,1,0,1
26/05/2013,01:30,0,0,0
26/05/2013,01:45,0,0,0
26/05/2013,02:00,2,2,0
26/05/2013,02:15,1,0,1
26/05/2013,02:30,0,0,0
26/05/2013,02:45,1,0,1
26/05/2013,03:00,0,0,0
26/05/2013,03:15,0,0,0
26/05/2013,03:30,0,0,0
26/05/2013,03:45,0,0,0
26/05/2013,04:00,1,1,0
26/05/2013,04:15,0,0,0
26/05/2013,04:30,0,0,0
26/05/2013,04:45,0,0,0
26/05/2013,05:00,0,0,0
26/05/2013,05:15,2,0,2
26/05/2013,05:30,1,1,0
26/05/2013,05:45,3,3,0
26/05/2013,06:00,4,4,0
26/05/2013,06:15,3,3,0
26/05/2013,06:30,3,3,0
26/05/2013,06:45,4,2,2
26/05/2013,07:00,6,3,3
26/05/2013,07:15,9,5,4
26/05/2013,07:30,12,7,5
26/05/2013,07:45,7,4,3
26/05/2013,08:00,11,7,4
26/05/2013,08:15,12,2,10
26/05/2013,08:30,10,2,8
26/05/2013,08:45,15,4,11
26/05/2013,09:00,28,13,15
26/05/2013,09:15,18,10,8
26/05/2013,09:30,35,21,14
26/05/2013,09:45,21,9,12
26/05/2013,10:00,32,10,22
26/05/2013,10:15,24,15,9
26/05/2013,10:30,40,27,13
26/05/2013,10:45,50,32,18
26/05/2013,11:00,36,23,13
26/05/2013,11:15,45,27,18
26/05/2013,11:30,66,35,31
26/05/2013,11:45,61,34,27
26/05/2013,12:00,54,37,17
26/05/2013,12:15,44,23,21
26/05/2013,12:30,49,22,27
26/05/2013,12:45,46,13,33
26/05/2013,13:00,49,22,27
26/05/2013,13:15,51,27,24
26/05/2013,13:30,40,21,19
26/05/2013,13:45,67,36,31
26/05/2013,14:00,43,24,19
26/05/2013,14:15,42,22,20
26/05/2013,14:30,38,21,17
26/05/2013,14:45,52,31,21
26/05/2013,15:00,29,15,14
26/05/2013,15:15,61,34,27
26/05/2013,15:30,46,24,22
26/05/2013,15:45,46,24,22
26/05/2013,16:00,46,22,24
26/05/2013,16:15,55,27,28
26/05/2013,16:30,45,22,23
26/05/2013,16:45,48,19,29
26/05/2013,17:00,38,16,22
26/05/2013,17:15,22,11,11
26/05/2013,17:30,31,16,15
26/05/2013,17:45,33,15,18
26/05/2013,18:00,47,29,18
26/05/2013,18:15,26,9,17
26/05/2013,18:30,21,14,7
26/05/2013,18:45,21,12,9
26/05/2013,19:00,23,12,11
26/05/2013,19:15,23,11,12
26/05/2013,19:30,17,7,10
26/05/2013,19:45,15,5,10
26/05/2013,20:00,9,6,3
26/05/2013,20:15,10,4,6
26/05/2013,20:30,7,4,3
26/05/2013,20:45,1,1,0
26/05/2013,21:00,4,3,1
26/05/2013,21:15,3,1,2
26/05/2013,21:30,2,1,1
26/05/2013,21:45,3,3,0
26/05/2013,22:00,2,2,0
26/05/2013,22:15,4,2,2
26/05/2013,22:30,0,0,0
26/05/2013,22:45,0,0,0
26/05/2013,23:00,0,0,0
26/05/2013,23:15,1,1,0
26/05/2013,23:30,2,0,2
26/05/2013,23:45,5,2,3
27/05/2013,00:00,0,0,0
27/05/2013,00:15,0,0,0
27/05/2013,00:30,0,0,0
27/05/2013,00:45,0,0,0
27/05/2013,01:00,0,0,0
27/05/2013,01:15,1,0,1
27/05/2013,01:30,0,0,0
27/05/2013,01:45,0,0,0
27/05/2013,02:00,2,0,2
27/05/2013,02:15,0,0,0
27/05/2013,02:30,0,0,0
27/05/2013,02:45,0,0,0
27/05/2013,03:00,2,0,2
27/05/2013,03:15,1,0,1
27/05/2013,03:30,0,0,0
27/05/2013,03:45,1,1,0
27/05/2013,04:00,0,0,0
27/05/2013,04:15,0,0,0
27/05/2013,04:30,0,0,0
27/05/2013,04:45,0,0,0
27/05/2013,05:00,2,2,0
27/05/2013,05:15,0,0,0
27/05/2013,05:30,1,0,1
27/05/2013,05:45,4,4,0
27/05/2013,06:00,1,1,0
27/05/2013,06:15,4,3,1
27/05/2013,06:30,4,4,0
27/05/2013,06:45,6,2,4
27/05/2013,07:00,5,5,0
27/05/2013,07:15,11,4,7
27/05/2013,07:30,14,5,9
27/05/2013,07:45,11,4,7
27/05/2013,08:00,19,12,7
27/05/2013,08:15,25,12,13
27/05/2013,08:30,28,14,14
27/05/2013,08:45,33,14,19
27/05/2013,09:00,40,27,13
27/05/2013,09:15,30,14,16
27/05/2013,09:30,29,10,19
27/05/2013,09:45,51,19,32
27/05/2013,10:00,37,21,16
27/05/2013,10:15,49,25,24
27/05/2013,10:30,50,33,17
27/05/2013,10:45,47,21,26
27/05/2013,11:00,72,24,48
27/05/2013,11:15,70,32,38
27/05/2013,11:30,73,38,35
27/05/2013,11:45,74,29,45
27/05/2013,12:00,45,21,24
27/05/2013,12:15,47,21,26
27/05/2013,12:30,69,39,30
27/05/2013,12:45,60,29,31
27/05/2013,13:00,67,32,35
27/05/2013,13:15,38,26,12
27/05/2013,13:30,67,36,31
27/05/2013,13:45,36,10,26
27/05/2013,14:00,49,24,25
27/05/2013,14:15,63,30,33
27/05/2013,14:30,58,35,23
27/05/2013,14:45,56,37,19
27/05/2013,15:00,43,19,24
27/05/2013,15:15,42,20,22
27/05/2013,15:30,48,24,24
27/05/2013,15:45,55,23,32
27/05/2013,16:00,45,21,24
27/05/2013,16:15,44,29,15
27/05/2013,16:30,37,18,19
27/05/2013,16:45,46,29,17
27/05/2013,17:00,34,18,16
27/05/2013,17:15,43,21,22
27/05/2013,17:30,40,15,25
27/05/2013,17:45,33,7,26
27/05/2013,18:00,24,12,12
27/05/2013,18:15,38,18,20
27/05/2013,18:30,14,6,8
27/05/2013,18:45,25,16,9
27/05/2013,19:00,20,7,13
27/05/2013,19:15,25,13,12
27/05/2013,19:30,12,5,7
27/05/2013,19:45,15,4,11
27/05/2013,20:00,9,5,4
27/05/2013,20:15,7,2,5
27/05/2013,20:30,12,2,10
27/05/2013,20:45,2,1,1
27/05/2013,21:00,6,4,2
27/05/2013,21:15,2,0,2
27/05/2013,21:30,1,0,1
27/05/2013,21:45,2,1,1
27/05/2013,22:00,1,1,0
27/05/2013,22:15,4,3,1
27/05/2013,22:30,0,0,0
27/05/2013,22:45,0,0,0
27/05/2013,23:00,1,1,0
27/05/2013,23:15,2,1,1
27/05/2013,23:30,2,1,1
27/05/2013,23:45,1,1,0
28/05/2013,00:00,0,0,0
28/05/2013,00:15,1,0,1
28/05/2013,00:30,2,0,2
28/05/2013,00:45,0,0,0
28/05/2013,01:00,0,0,0
28/05/2013,01:15,0,0,0
28/05/2013,01:30,0,0,0
28/05/2013,01:45,0,0,0
28/05/2013,02:00,1,1,0
28/05/2013,02:15,0,0,0
28/05/2013,02:30,0,0,0
28/05/2013,02:45,1,1,0
28/05/2013,03:00,0,0,0
28/05/2013,03:15,1,1,0
28/05/2013,03:30,0,0,0
28/05/2013,03:45,0,0,0
28/05/2013,04:00,2,1,1
28/05/2013,04:15,0,0,0
28/05/2013,04:30,0,0,0
28/05/2013,04:45,0,0,0
28/05/2013,05:00,2,1,1
28/05/2013,05:15,1,1,0
28/05/2013,05:30,10,6,4
28/05/2013,05:45,14,7,7
28/05/2013,06:00,16,9,7
28/05/2013,06:15,12,5,7
28/05/2013,06:30,25,9,16
28/05/2013,06:45,21,8,13
28/05/2013,07:00,24,6,18
28/05/2013,07:15,30,8,22
28/05/2013,07:30,34,8,26
28/05/2013,07:45,33,12,21
28/05/2013,08:00,33,12,21
28/05/2013,08:15,33,11,22
28/05/2013,08:30,22,7,15
28/05/2013,08:45,19,8,11
28/05/2013,09:00,14,2,12
28/05/2013,09:15,13,4,9
28/05/2013,09:30,13,6,7
28/05/2013,09:45,10,3,7
28/05/2013,10:00,2,0,2
28/05/2013,10:15,9,7,2
28/05/2013,10:30,0,0,0
28/05/2013,10:45,14,6,8
28/05/2013,11:00,9,1,8
28/05/2013,11:15,11,6,5
28/05/2013,11:30,16,9,7
28/05/2013,11:45,14,4,10
28/05/2013,12:00,24,17,7
28/05/2013,12:15,7,5,2
28/05/2013,12:30,19,12,7
28/05/2013,12:45,15,7,8
28/05/2013,13:00,9,7,2
28/05/2013,13:15,16,8,8
28/05/2013,13:30,33,16,17
28/05/2013,13:45,15,8,7
28/05/2013,14:00,16,9,7
28/05/2013,14:15,12,9,3
28/05/2013,14:30,17,7,10
28/05/2013,14:45,30,9,21
28/05/2013,15:00,13,7,6
28/05/2013,15:15,15,7,8
28/05/2013,15:30,9,5,4
28/05/2013,15:45,21,11,10
28/05/2013,16:00,15,11,4
28/05/2013,16:15,22,13,9
28/05/2013,16:30,18,11,7
28/05/2013,16:45,38,23,15
28/05/2013,17:00,51,27,24
28/05/2013,17:15,36,24,12
28/05/2013,17:30,41,24,17
28/05/2013,17:45,43,28,15
28/05/2013,18:00,53,38,15
28/05/2013,18:15,44,26,18
28/05/2013,18:30,27,22,5
28/05/2013,18:45,10,7,3
28/05/2013,19:00,2,1,1
28/05/2013,19:15,9,8,1
28/05/2013,19:30,16,9,7
28/05/2013,19:45,5,3,2
28/05/2013,20:00,10,4,6
28/05/2013,20:15,9,7,2
28/05/2013,20:30,6,5,1
28/05/2013,20:45,4,3,1
28/05/2013,21:00,6,1,5
28/05/2013,21:15,4,1,3
28/05/2013,21:30,1,1,0
28/05/2013,21:45,1,1,0
28/05/2013,22:00,1,0,1
28/05/2013,22:15,1,1,0
28/05/2013,22:30,0,0,0
28/05/2013,22:45,1,1,0
28/05/2013,23:00,1,1,0
28/05/2013,23:15,1,1,0
28/05/2013,23:30,2,1,1
28/05/2013,23:45,2,1,1
29/05/2013,00:00,0,0,0
29/05/2013,00:15,1,0,1
29/05/2013,00:30,1,1,0
29/05/2013,00:45,0,0,0
29/05/2013,01:00,0,0,0
29/05/2013,01:15,0,0,0
29/05/2013,01:30,0,0,0
29/05/2013,01:45,0,0,0
29/05/2013,02:00,1,0,1
29/05/2013,02:15,0,0,0
29/05/2013,02:30,0,0,0
29/05/2013,02:45,0,0,0
29/05/2013,03:00,0,0,0
29/05/2013,03:15,0,0,0
29/05/2013,03:30,2,1,1
29/05/2013,03:45,2,2,0
29/05/2013,04:00,0,0,0
29/05/2013,04:15,1,0,1
29/05/2013,04:30,2,2,0
29/05/2013,04:45,1,1,0
29/05/2013,05:00,0,0,0
29/05/2013,05:15,3,0,3
29/05/2013,05:30,8,4,4
29/05/2013,05:45,16,8,8
29/05/2013,06:00,13,6,7
29/05/2013,06:15,12,3,9
29/05/2013,06:30,30,12,18
29/05/2013,06:45,36,8,28
29/05/2013,07:00,37,15,22
29/05/2013,07:15,42,14,28
29/05/2013,07:30,39,9,30
29/05/2013,07:45,35,9,26
29/05/2013,08:00,37,12,25
29/05/2013,08:15,29,6,23
29/05/2013,08:30,25,7,18
29/05/2013,08:45,26,9,17
29/05/2013,09:00,23,6,17
29/05/2013,09:15,9,4,5
29/05/2013,09:30,25,10,15
29/05/2013,09:45,9,2,7
29/05/2013,10:00,19,10,9
29/05/2013,10:15,18,11,7
29/05/2013,10:30,20,10,10
29/05/2013,10:45,8,2,6
29/05/2013,11:00,17,7,10
29/05/2013,11:15,11,5,6
29/05/2013,11:30,5,0,5
29/05/2013,11:45,20,9,11
29/05/2013,12:00,17,9,8
29/05/2013,12:15,11,7,4
29/05/2013,12:30,12,7,5
29/05/2013,12:45,11,8,3
29/05/2013,13:00,8,4,4
29/05/2013,13:15,15,12,3
29/05/2013,13:30,13,6,7
29/05/2013,13:45,18,11,7
29/05/2013,14:00,19,14,5
29/05/2013,14:15,11,7,4
29/05/2013,14:30,14,7,7
29/05/2013,14:45,13,10,3
29/05/2013,15:00,17,12,5
29/05/2013,15:15,13,8,5
29/05/2013,15:30,18,9,9
29/05/2013,15:45,20,13,7
29/05/2013,16:00,18,10,8
29/05/2013,16:15,22,13,9
29/05/2013,16:30,23,15,8
29/05/2013,16:45,45,33,12
29/05/2013,17:00,45,30,15
29/05/2013,17:15,37,22,15
29/05/2013,17:30,59,36,23
29/05/2013,17:45,64,33,31
29/05/2013,18:00,48,32,16
29/05/2013,18:15,66,46,20
29/05/2013,18:30,66,36,30
29/05/2013,18:45,56,30,26
29/05/2013,19:00,60,36,24
29/05/2013,19:15,36,21,15
29/05/2013,19:30,47,28,19
29/05/2013,19:45,40,26,14
29/05/2013,20:00,30,18,12
29/05/2013,20:15,17,6,11
29/05/2013,20:30,16,8,8
29/05/2013,20:45,21,8,13
29/05/2013,21:00,9,3,6
29/05/2013,21:15,7,2,5
29/05/2013,21:30,8,3,5
29/05/2013,21:45,5,4,1
29/05/2013,22:00,3,1,2
29/05/2013,22:15,6,0,6
29/05/2013,22:30,10,8,2
29/05/2013,22:45,1,0,1
29/05/2013,23:00,1,0,1
29/05/2013,23:15,0,0,0
29/05/2013,23:30,0,0,0
29/05/2013,23:45,4,2,2
30/05/2013,00:00,0,0,0
30/05/2013,00:15,0,0,0
30/05/2013,00:30,1,0,1
30/05/2013,00:45,0,0,0
30/05/2013,01:00,1,0,1
30/05/2013,01:15,0,0,0
30/05/2013,01:30,0,0,0
30/05/2013,01:45,0,0,0
30/05/2013,02:00,0,0,0
30/05/2013,02:15,0,0,0
30/05/2013,02:30,0,0,0
30/05/2013,02:45,0,0,0
30/05/2013,03:00,0,0,0
30/05/2013,03:15,0,0,0
30/05/2013,03:30,2,2,0
30/05/2013,03:45,0,0,0
30/05/2013,04:00,1,0,1
30/05/2013,04:15,2,0,2
30/05/2013,04:30,1,0,1
30/05/2013,04:45,1,1,0
30/05/2013,05:00,2,0,2
30/05/2013,05:15,4,4,0
30/05/2013,05:30,12,7,5
30/05/2013,05:45,21,11,10
30/05/2013,06:00,16,11,5
30/05/2013,06:15,22,10,12
30/05/2013,06:30,27,9,18
30/05/2013,06:45,36,17,19
30/05/2013,07:00,42,15,27
30/05/2013,07:15,48,22,26
30/05/2013,07:30,36,16,20
30/05/2013,07:45,34,18,16
30/05/2013,08:00,36,15,21
30/05/2013,08:15,41,11,30
30/05/2013,08:30,30,12,18
30/05/2013,08:45,25,7,18
30/05/2013,09:00,19,10,9
30/05/2013,09:15,21,9,12
30/05/2013,09:30,20,12,8
30/05/2013,09:45,9,4,5
30/05/2013,10:00,14,5,9
30/05/2013,10:15,20,11,9
30/05/2013,10:30,13,7,6
30/05/2013,10:45,20,13,7
30/05/2013,11:00,17,12,5
30/05/2013,11:15,22,12,10
30/05/2013,11:30,17,9,8
30/05/2013,11:45,10,8,2
30/05/2013,12:00,16,15,1
30/05/2013,12:15,13,9,4
30/05/2013,12:30,13,8,5
30/05/2013,12:45,16,8,8
30/05/2013,13:00,11,9,2
30/05/2013,13:15,18,9,9
30/05/2013,13:30,15,6,9
30/05/2013,13:45,13,7,6
30/05/2013,14:00,12,11,1
30/05/2013,14:15,9,6,3
30/05/2013,14:30,13,8,5
30/05/2013,14:45,6,1,5
30/05/2013,15:00,15,10,5
30/05/2013,15:15,10,6,4
30/05/2013,15:30,20,9,11
30/05/2013,15:45,26,18,8
30/05/2013,16:00,15,9,6
30/05/2013,16:15,28,17,11
30/05/2013,16:30,22,16,6
30/05/2013,16:45,28,17,11
30/05/2013,17:00,31,24,7
30/05/2013,17:15,38,23,15
30/05/2013,17:30,42,30,12
30/05/2013,17:45,55,32,23
30/05/2013,18:00,40,27,13
30/05/2013,18:15,44,26,18
30/05/2013,18:30,53,31,22
30/05/2013,18:45,56,33,23
30/05/2013,19:00,40,29,11
30/05/2013,19:15,40,30,10
30/05/2013,19:30,41,24,17
30/05/2013,19:45,14,9,5
30/05/2013,20:00,32,18,14
30/05/2013,20:15,28,21,7
30/05/2013,20:30,10,4,6
30/05/2013,20:45,9,2,7
30/05/2013,21:00,16,8,8
30/05/2013,21:15,7,4,3
30/05/2013,21:30,4,2,2
30/05/2013,21:45,3,0,3
30/05/2013,22:00,6,2,4
30/05/2013,22:15,4,3,1
30/05/2013,22:30,1,1,0
30/05/2013,22:45,2,1,1
30/05/2013,23:00,7,2,5
30/05/2013,23:15,4,2,2
30/05/2013,23:30,2,1,1
30/05/2013,23:45,1,0,1
31/05/2013,00:00,3,1,2
31/05/2013,00:15,1,0,1
31/05/2013,00:30,0,0,0
31/05/2013,00:45,0,0,0
31/05/2013,01:00,2,0,2
31/05/2013,01:15,3,2,1
31/05/2013,01:30,0,0,0
31/05/2013,01:45,1,1,0
31/05/2013,02:00,1,0,1
31/05/2013,02:15,0,0,0
31/05/2013,02:30,0,0,0
31/05/2013,02:45,0,0,0
31/05/2013,03:00,0,0,0
31/05/2013,03:15,0,0,0
31/05/2013,03:30,0,0,0
31/05/2013,03:45,2,2,0
31/05/2013,04:00,0,0,0
31/05/2013,04:15,0,0,0
31/05/2013,04:30,1,1,0
31/05/2013,04:45,2,2,0
31/05/2013,05:00,0,0,0
31/05/2013,05:15,2,2,0
31/05/2013,05:30,15,9,6
31/05/2013,05:45,20,11,9
31/05/2013,06:00,12,5,7
31/05/2013,06:15,16,6,10
31/05/2013,06:30,34,16,18
31/05/2013,06:45,37,18,19
31/05/2013,07:00,24,16,8
31/05/2013,07:15,31,15,16
31/05/2013,07:30,28,20,8
31/05/2013,07:45,42,19,23
31/05/2013,08:00,39,15,24
31/05/2013,08:15,31,10,21
31/05/2013,08:30,29,9,20
31/05/2013,08:45,39,11,28
31/05/2013,09:00,18,9,9
31/05/2013,09:15,47,24,23
31/05/2013,09:30,18,11,7
31/05/2013,09:45,17,14,3
31/05/2013,10:00,40,22,18
31/05/2013,10:15,53,34,19
31/05/2013,10:30,32,28,4
31/05/2013,10:45,35,17,18
31/05/2013,11:00,47,26,21
31/05/2013,11:15,77,49,28
31/05/2013,11:30,28,17,11
31/05/2013,11:45,33,27,6
31/05/2013,12:00,76,49,27
31/05/2013,12:15,14,9,5
31/05/2013,12:30,21,14,7
31/05/2013,12:45,31,20,11
31/05/2013,13:00,33,25,8
31/05/2013,13:15,26,20,6
31/05/2013,13:30,20,17,3
31/05/2013,13:45,20,14,6
31/05/2013,14:00,13,8,5
31/05/2013,14:15,25,21,4
31/05/2013,14:30,19,12,7
31/05/2013,14:45,17,12,5
31/05/2013,15:00,16,9,7
31/05/2013,15:15,23,15,8
31/05/2013,15:30,8,4,4
31/05/2013,15:45,23,16,7
31/05/2013,16:00,15,12,3
31/05/2013,16:15,26,15,11
31/05/2013,16:30,34,24,10
31/05/2013,16:45,36,26,10
31/05/2013,17:00,57,30,27
31/05/2013,17:15,32,17,15
31/05/2013,17:30,39,28,11
31/05/2013,17:45,50,29,21
31/05/2013,18:00,50,24,26
31/05/2013,18:15,33,22,11
31/05/2013,18:30,42,21,21
31/05/2013,18:45,43,23,20
31/05/2013,19:00,42,23,19
31/05/2013,19:15,35,25,10
31/05/2013,19:30,37,17,20
31/05/2013,19:45,21,15,6
31/05/2013,20:00,25,14,11
31/05/2013,20:15,25,15,10
31/05/2013,20:30,23,14,9
31/05/2013,20:45,18,7,11
31/05/2013,21:00,9,4,5
31/05/2013,21:15,4,3,1
31/05/2013,21:30,10,5,5
31/05/2013,21:45,2,1,1
31/05/2013,22:00,6,3,3
31/05/2013,22:15,4,4,0
31/05/2013,22:30,3,1,2
31/05/2013,22:45,2,0,2
31/05/2013,23:00,1,1,0
31/05/2013,23:15,3,0,3
31/05/2013,23:30,1,1,0
31/05/2013,23:45,1,0,1
01/06/2013,00:00,0,0,0
01/06/2013,00:15,1,1,0
01/06/2013,00:30,1,0,1
01/06/2013,00:45,1,1,0
01/06/2013,01:00,0,0,0
01/06/2013,01:15,0,0,0
01/06/2013,01:30,1,0,1
01/06/2013,01:45,2,2,0
01/06/2013,02:00,0,0,0
01/06/2013,02:15,1,0,1
01/06/2013,02:30,1,0,1
01/06/2013,02:45,0,0,0
01/06/2013,03:00,0,0,0
01/06/2013,03:15,0,0,0
01/06/2013,03:30,1,0,1
01/06/2013,03:45,0,0,0
01/06/2013,04:00,0,0,0
01/06/2013,04:15,0,0,0
01/06/2013,04:30,0,0,0
01/06/2013,04:45,0,0,0
01/06/2013,05:00,3,2,1
01/06/2013,05:15,2,1,1
01/06/2013,05:30,2,1,1
01/06/2013,05:45,9,7,2
01/06/2013,06:00,9,6,3
01/06/2013,06:15,7,6,1
01/06/2013,06:30,16,12,4
01/06/2013,06:45,15,12,3
01/06/2013,07:00,15,13,2
01/06/2013,07:15,24,16,8
01/06/2013,07:30,28,18,10
01/06/2013,07:45,39,22,17
01/06/2013,08:00,39,26,13
01/06/2013,08:15,42,19,23
01/06/2013,08:30,41,16,25
01/06/2013,08:45,43,16,27
01/06/2013,09:00,36,15,21
01/06/2013,09:15,41,22,19
01/06/2013,09:30,51,22,29
01/06/2013,09:45,42,21,21
01/06/2013,10:00,68,40,28
01/06/2013,10:15,50,27,23
01/06/2013,10:30,49,22,27
01/06/2013,10:45,36,26,10
01/06/2013,11:00,64,34,30
01/06/2013,11:15,66,39,27
01/06/2013,11:30,60,30,30
01/06/2013,11:45,57,28,29
01/06/2013,12:00,48,31,17
01/06/2013,12:15,33,16,17
01/06/2013,12:30,46,26,20
01/06/2013,12:45,35,21,14
01/06/2013,13:00,62,34,28
01/06/2013,13:15,33,23,10
01/06/2013,13:30,38,22,16
01/06/2013,13:45,44,32,12
01/06/2013,14:00,32,19,13
01/06/2013,14:15,54,36,18
01/06/2013,14:30,47,26,21
01/06/2013,14:45,28,16,12
01/06/2013,15:00,20,14,6
01/06/2013,15:15,41,19,22
01/06/2013,15:30,41,25,16
01/06/2013,15:45,20,12,8
01/06/2013,16:00,25,10,15
01/06/2013,16:15,34,16,18
01/06/2013,16:30,21,12,9
01/06/2013,16:45,24,13,11
01/06/2013,17:00,36,20,16
01/06/2013,17:15,16,6,10
01/06/2013,17:30,12,4,8
01/06/2013,17:45,18,11,7
01/06/2013,18:00,34,19,15
01/06/2013,18:15,14,3,11
01/06/2013,18:30,27,11,16
01/06/2013,18:45,15,5,10
01/06/2013,19:00,13,7,6
01/06/2013,19:15,22,12,10
01/06/2013,19:30,12,8,4
01/06/2013,19:45,16,8,8
01/06/2013,20:00,20,13,7
01/06/2013,20:15,12,11,1
01/06/2013,20:30,21,15,6
01/06/2013,20:45,3,3,0
01/06/2013,21:00,7,2,5
01/06/2013,21:15,6,4,2
01/06/2013,21:30,11,3,8
01/06/2013,21:45,3,1,2
01/06/2013,22:00,0,0,0
01/06/2013,22:15,3,2,1
01/06/2013,22:30,2,0,2
01/06/2013,22:45,2,1,1
01/06/2013,23:00,2,2,0
01/06/2013,23:15,1,1,0
01/06/2013,23:30,1,1,0
01/06/2013,23:45,0,0,0
02/06/2013,00:00,1,0,1
02/06/2013,00:15,0,0,0
02/06/2013,00:30,2,0,2
02/06/2013,00:45,1,1,0
02/06/2013,01:00,0,0,0
02/06/2013,01:15,4,0,4
02/06/2013,01:30,4,2,2
02/06/2013,01:45,6,4,2
02/06/2013,02:00,3,1,2
02/06/2013,02:15,0,0,0
02/06/2013,02:30,0,0,0
02/06/2013,02:45,2,0,2
02/06/2013,03:00,3,1,2
02/06/2013,03:15,0,0,0
02/06/2013,03:30,0,0,0
02/06/2013,03:45,1,1,0
02/06/2013,04:00,0,0,0
02/06/2013,04:15,1,0,1
02/06/2013,04:30,2,0,2
02/06/2013,04:45,1,0,1
02/06/2013,05:00,2,1,1
02/06/2013,05:15,4,1,3
02/06/2013,05:30,1,1,0
02/06/2013,05:45,2,2,0
02/06/2013,06:00,1,0,1
02/06/2013,06:15,5,3,2
02/06/2013,06:30,6,6,0
02/06/2013,06:45,14,13,1
02/06/2013,07:00,8,5,3
02/06/2013,07:15,16,13,3
02/06/2013,07:30,19,11,8
02/06/2013,07:45,28,16,12
02/06/2013,08:00,34,14,20
02/06/2013,08:15,32,14,18
02/06/2013,08:30,30,10,20
02/06/2013,08:45,39,17,22
02/06/2013,09:00,49,24,25
02/06/2013,09:15,55,28,27
02/06/2013,09:30,57,29,28
02/06/2013,09:45,58,28,30
02/06/2013,10:00,57,31,26
02/06/2013,10:15,182,90,92
02/06/2013,10:30,54,17,37
02/06/2013,10:45,66,33,33
02/06/2013,11:00,59,27,32
02/06/2013,11:15,53,22,31
02/06/2013,11:30,63,28,35
02/06/2013,11:45,33,16,17
02/06/2013,12:00,53,32,21
02/06/2013,12:15,60,26,34
02/06/2013,12:30,52,30,22
02/06/2013,12:45,37,21,16
02/06/2013,13:00,30,16,14
02/06/2013,13:15,56,35,21
02/06/2013,13:30,32,17,15
02/06/2013,13:45,37,13,24
02/06/2013,14:00,38,17,21
02/06/2013,14:15,30,15,15
02/06/2013,14:30,21,9,12
02/06/2013,14:45,20,11,9
02/06/2013,15:00,24,9,15
02/06/2013,15:15,29,10,19
02/06/2013,15:30,29,10,19
02/06/2013,15:45,26,12,14
02/06/2013,16:00,17,5,12
02/06/2013,16:15,25,9,16
02/06/2013,16:30,13,4,9
02/06/2013,16:45,24,14,10
02/06/2013,17:00,20,11,9
02/06/2013,17:15,12,7,5
02/06/2013,17:30,19,7,12
02/06/2013,17:45,26,16,10
02/06/2013,18:00,10,9,1
02/06/2013,18:15,10,5,5
02/06/2013,18:30,5,2,3
02/06/2013,18:45,8,5,3
02/06/2013,19:00,1,0,1
02/06/2013,19:15,7,5,2
02/06/2013,19:30,3,3,0
02/06/2013,19:45,5,4,1
02/06/2013,20:00,5,2,3
02/06/2013,20:15,5,1,4
02/06/2013,20:30,3,2,1
02/06/2013,20:45,4,3,1
02/06/2013,21:00,3,1,2
02/06/2013,21:15,3,1,2
02/06/2013,21:30,0,0,0
02/06/2013,21:45,0,0,0
02/06/2013,22:00,1,0,1
02/06/2013,22:15,3,2,1
02/06/2013,22:30,1,0,1
02/06/2013,22:45,0,0,0
02/06/2013,23:00,1,0,1
02/06/2013,23:15,2,1,1
02/06/2013,23:30,1,0,1
02/06/2013,23:45,0,0,0
03/06/2013,00:00,0,0,0
03/06/2013,00:15,0,0,0
03/06/2013,00:30,0,0,0
03/06/2013,00:45,1,1,0
03/06/2013,01:00,1,0,1
03/06/2013,01:15,0,0,0
03/06/2013,01:30,0,0,0
03/06/2013,01:45,0,0,0
03/06/2013,02:00,0,0,0
03/06/2013,02:15,0,0,0
03/06/2013,02:30,0,0,0
03/06/2013,02:45,2,2,0
03/06/2013,03:00,1,1,0
03/06/2013,03:15,0,0,0
03/06/2013,03:30,1,1,0
03/06/2013,03:45,1,0,1
03/06/2013,04:00,0,0,0
03/06/2013,04:15,1,0,1
03/06/2013,04:30,0,0,0
03/06/2013,04:45,1,1,0
03/06/2013,05:00,1,1,0
03/06/2013,05:15,1,1,0
03/06/2013,05:30,6,5,1
03/06/2013,05:45,5,4,1
03/06/2013,06:00,2,2,0
03/06/2013,06:15,5,5,0
03/06/2013,06:30,5,4,1
03/06/2013,06:45,7,6,1
03/06/2013,07:00,5,5,0
03/06/2013,07:15,10,7,3
03/06/2013,07:30,12,9,3
03/06/2013,07:45,9,8,1
03/06/2013,08:00,10,9,1
03/06/2013,08:15,8,8,0
03/06/2013,08:30,5,4,1
03/06/2013,08:45,16,10,6
03/06/2013,09:00,10,5,5
03/06/2013,09:15,6,3,3
03/06/2013,09:30,8,6,2
03/06/2013,09:45,14,4,10
03/06/2013,10:00,10,7,3
03/06/2013,10:15,6,2,4
03/06/2013,10:30,8,3,5
03/06/2013,10:45,6,4,2
03/06/2013,11:00,7,1,6
03/06/2013,11:15,8,3,5
03/06/2013,11:30,12,7,5
03/06/2013,11:45,12,5,7
03/06/2013,12:00,14,4,10
03/06/2013,12:15,4,2,2
03/06/2013,12:30,18,7,11
03/06/2013,12:45,15,8,7
03/06/2013,13:00,12,6,6
03/06/2013,13:15,15,9,6
03/06/2013,13:30,13,5,8
03/06/2013,13:45,17,5,12
03/06/2013,14:00,15,4,11
03/06/2013,14:15,15,7,8
03/06/2013,14:30,17,9,8
03/06/2013,14:45,9,6,3
03/06/2013,15:00,16,5,11
03/06/2013,15:15,13,6,7
03/06/2013,15:30,23,9,14
03/06/2013,15:45,11,8,3
03/06/2013,16:00,3,2,1
03/06/2013,16:15,7,2,5
03/06/2013,16:30,14,8,6
03/06/2013,16:45,9,5,4
03/06/2013,17:00,17,10,7
03/06/2013,17:15,16,10,6
03/06/2013,17:30,22,11,11
03/06/2013,17:45,31,12,19
03/06/2013,18:00,34,15,19
03/06/2013,18:15,37,20,17
03/06/2013,18:30,26,12,14
03/06/2013,18:45,37,14,23
03/06/2013,19:00,34,14,20
03/06/2013,19:15,20,6,14
03/06/2013,19:30,32,13,19
03/06/2013,19:45,16,8,8
03/06/2013,20:00,29,16,13
03/06/2013,20:15,31,16,15
03/06/2013,20:30,10,4,6
03/06/2013,20:45,8,5,3
03/06/2013,21:00,8,4,4
03/06/2013,21:15,11,3,8
03/06/2013,21:30,2,2,0
03/06/2013,21:45,4,3,1
03/06/2013,22:00,4,2,2
03/06/2013,22:15,1,0,1
03/06/2013,22:30,2,2,0
03/06/2013,22:45,2,2,0
03/06/2013,23:00,2,2,0
03/06/2013,23:15,2,1,1
03/06/2013,23:30,2,1,1
03/06/2013,23:45,2,0,2
04/06/2013,00:00,1,1,0
04/06/2013,00:15,0,0,0
04/06/2013,00:30,0,0,0
04/06/2013,00:45,0,0,0
04/06/2013,01:00,0,0,0
04/06/2013,01:15,0,0,0
04/06/2013,01:30,0,0,0
04/06/2013,01:45,0,0,0
04/06/2013,02:00,1,1,0
04/06/2013,02:15,0,0,0
04/06/2013,02:30,0,0,0
04/06/2013,02:45,0,0,0
04/06/2013,03:00,0,0,0
04/06/2013,03:15,0,0,0
04/06/2013,03:30,2,1,1
04/06/2013,03:45,1,1,0
04/06/2013,04:00,2,2,0
04/06/2013,04:15,0,0,0
04/06/2013,04:30,3,3,0
04/06/2013,04:45,2,0,2
04/06/2013,05:00,2,2,0
04/06/2013,05:15,4,2,2
04/06/2013,05:30,11,7,4
04/06/2013,05:45,18,12,6
04/06/2013,06:00,19,11,8
04/06/2013,06:15,17,12,5
04/06/2013,06:30,34,15,19
04/06/2013,06:45,40,18,22
04/06/2013,07:00,40,14,26
04/06/2013,07:15,41,9,32
04/06/2013,07:30,41,21,20
04/06/2013,07:45,51,15,36
04/06/2013,08:00,31,8,23
04/06/2013,08:15,37,11,26
04/06/2013,08:30,23,5,18
04/06/2013,08:45,36,6,30
04/06/2013,09:00,29,7,22
04/06/2013,09:15,33,17,16
04/06/2013,09:30,28,8,20
04/06/2013,09:45,25,13,12
04/06/2013,10:00,16,9,7
04/06/2013,10:15,21,11,10
04/06/2013,10:30,24,17,7
04/06/2013,10:45,19,14,5
04/06/2013,11:00,13,7,6
04/06/2013,11:15,28,19,9
04/06/2013,11:30,21,14,7
04/06/2013,11:45,15,6,9
04/06/2013,12:00,27,13,14
04/06/2013,12:15,20,12,8
04/06/2013,12:30,10,4,6
04/06/2013,12:45,18,12,6
04/06/2013,13:00,16,8,8
04/06/2013,13:15,12,9,3
04/06/2013,13:30,14,8,6
04/06/2013,13:45,14,6,8
04/06/2013,14:00,10,4,6
04/06/2013,14:15,23,14,9
04/06/2013,14:30,15,5,10
04/06/2013,14:45,24,12,12
04/06/2013,15:00,20,11,9
04/06/2013,15:15,19,9,10
04/06/2013,15:30,21,14,7
04/06/2013,15:45,25,13,12
04/06/2013,16:00,23,9,14
04/06/2013,16:15,42,22,20
04/06/2013,16:30,38,21,17
04/06/2013,16:45,51,23,28
04/06/2013,17:00,56,23,33
04/06/2013,17:15,54,26,28
04/06/2013,17:30,72,34,38
04/06/2013,17:45,61,29,32
04/06/2013,18:00,83,38,45
04/06/2013,18:15,79,32,47
04/06/2013,18:30,89,37,52
04/06/2013,18:45,80,32,48
04/06/2013,19:00,71,30,41
04/06/2013,19:15,52,15,37
04/06/2013,19:30,59,27,32
04/06/2013,19:45,38,26,12
04/06/2013,20:00,58,35,23
04/06/2013,20:15,29,17,12
04/06/2013,20:30,28,19,9
04/06/2013,20:45,6,6,0
04/06/2013,21:00,16,5,11
04/06/2013,21:15,21,7,14
04/06/2013,21:30,14,5,9
04/06/2013,21:45,3,1,2
04/06/2013,22:00,7,3,4
04/06/2013,22:15,6,4,2
04/06/2013,22:30,3,3,0
04/06/2013,22:45,1,1,0
04/06/2013,23:00,4,4,0
04/06/2013,23:15,1,0,1
04/06/2013,23:30,0,0,0
04/06/2013,23:45,2,0,2
05/06/2013,00:00,1,0,1
05/06/2013,00:15,2,2,0
05/06/2013,00:30,0,0,0
05/06/2013,00:45,1,0,1
05/06/2013,01:00,1,0,1
05/06/2013,01:15,0,0,0
05/06/2013,01:30,1,0,1
05/06/2013,01:45,0,0,0
05/06/2013,02:00,1,1,0
05/06/2013,02:15,1,1,0
05/06/2013,02:30,0,0,0
05/06/2013,02:45,0,0,0
05/06/2013,03:00,0,0,0
05/06/2013,03:15,0,0,0
05/06/2013,03:30,0,0,0
05/06/2013,03:45,1,1,0
05/06/2013,04:00,3,2,1
05/06/2013,04:15,0,0,0
05/06/2013,04:30,0,0,0
05/06/2013,04:45,2,0,2
05/06/2013,05:00,6,3,3
05/06/2013,05:15,8,5,3
05/06/2013,05:30,17,7,10
05/06/2013,05:45,12,10,2
05/06/2013,06:00,13,7,6
05/06/2013,06:15,20,9,11
05/06/2013,06:30,27,10,17
05/06/2013,06:45,32,14,18
05/06/2013,07:00,30,11,19
05/06/2013,07:15,44,17,27
05/06/2013,07:30,30,9,21
05/06/2013,07:45,42,13,29
05/06/2013,08:00,45,17,28
05/06/2013,08:15,39,11,28
05/06/2013,08:30,20,7,13
05/06/2013,08:45,40,4,36
05/06/2013,09:00,24,12,12
05/06/2013,09:15,28,8,20
05/06/2013,09:30,19,9,10
05/06/2013,09:45,19,10,9
05/06/2013,10:00,16,3,13
05/06/2013,10:15,12,4,8
05/06/2013,10:30,10,5,5
05/06/2013,10:45,15,10,5
05/06/2013,11:00,15,8,7
05/06/2013,11:15,10,7,3
05/06/2013,11:30,16,9,7
05/06/2013,11:45,17,6,11
05/06/2013,12:00,23,13,10
05/06/2013,12:15,11,7,4
05/06/2013,12:30,19,12,7
05/06/2013,12:45,12,8,4
05/06/2013,13:00,18,8,10
05/06/2013,13:15,34,20,14
05/06/2013,13:30,37,30,7
05/06/2013,13:45,15,9,6
05/06/2013,14:00,12,9,3
05/06/2013,14:15,11,5,6
05/06/2013,14:30,32,13,19
05/06/2013,14:45,22,10,12
05/06/2013,15:00,6,4,2
05/06/2013,15:15,22,14,8
05/06/2013,15:30,16,7,9
05/06/2013,15:45,21,8,13
05/06/2013,16:00,12,6,6
05/06/2013,16:15,22,11,11
05/06/2013,16:30,34,13,21
05/06/2013,16:45,41,17,24
05/06/2013,17:00,46,32,14
05/06/2013,17:15,67,28,39
05/06/2013,17:30,67,26,41
05/06/2013,17:45,66,24,42
05/06/2013,18:00,62,26,36
05/06/2013,18:15,58,31,27
05/06/2013,18:30,43,20,23
05/06/2013,18:45,55,20,35
05/06/2013,19:00,36,15,21
05/06/2013,19:15,57,20,37
05/06/2013,19:30,40,19,21
05/06/2013,19:45,32,12,20
05/06/2013,20:00,37,18,19
05/06/2013,20:15,22,8,14
05/06/2013,20:30,18,8,10
05/06/2013,20:45,17,6,11
05/06/2013,21:00,7,3,4
05/06/2013,21:15,10,5,5
05/06/2013,21:30,6,2,4
05/06/2013,21:45,3,2,1
05/06/2013,22:00,4,1,3
05/06/2013,22:15,5,4,1
05/06/2013,22:30,2,2,0
05/06/2013,22:45,6,2,4
05/06/2013,23:00,2,0,2
05/06/2013,23:15,6,3,3
05/06/2013,23:30,1,0,1
05/06/2013,23:45,3,3,0
06/06/2013,00:00,4,2,2
06/06/2013,00:15,1,1,0
06/06/2013,00:30,0,0,0
06/06/2013,00:45,1,0,1
06/06/2013,01:00,0,0,0
06/06/2013,01:15,1,1,0
06/06/2013,01:30,0,0,0
06/06/2013,01:45,0,0,0
06/06/2013,02:00,2,1,1
06/06/2013,02:15,0,0,0
06/06/2013,02:30,0,0,0
06/06/2013,02:45,2,1,1
06/06/2013,03:00,0,0,0
06/06/2013,03:15,0,0,0
06/06/2013,03:30,0,0,0
06/06/2013,03:45,1,1,0
06/06/2013,04:00,1,1,0
06/06/2013,04:15,0,0,0
06/06/2013,04:30,2,1,1
06/06/2013,04:45,0,0,0
06/06/2013,05:00,2,1,1
06/06/2013,05:15,2,1,1
06/06/2013,05:30,10,6,4
06/06/2013,05:45,11,6,5
06/06/2013,06:00,14,9,5
06/06/2013,06:15,16,6,10
06/06/2013,06:30,13,4,9
06/06/2013,06:45,33,9,24
06/06/2013,07:00,26,8,18
06/06/2013,07:15,35,11,24
06/06/2013,07:30,36,12,24
06/06/2013,07:45,31,10,21
06/06/2013,08:00,25,9,16
06/06/2013,08:15,30,9,21
06/06/2013,08:30,19,8,11
06/06/2013,08:45,19,8,11
06/06/2013,09:00,18,6,12
06/06/2013,09:15,16,5,11
06/06/2013,09:30,11,3,8
06/06/2013,09:45,15,6,9
06/06/2013,10:00,19,8,11
06/06/2013,10:15,15,7,8
06/06/2013,10:30,25,9,16
06/06/2013,10:45,25,11,14
06/06/2013,11:00,27,19,8
06/06/2013,11:15,10,8,2
06/06/2013,11:30,12,6,6
06/06/2013,11:45,15,8,7
06/06/2013,12:00,11,1,10
06/06/2013,12:15,11,7,4
06/06/2013,12:30,21,9,12
06/06/2013,12:45,13,5,8
06/06/2013,13:00,12,6,6
06/06/2013,13:15,9,2,7
06/06/2013,13:30,14,8,6
06/06/2013,13:45,13,0,13
06/06/2013,14:00,9,3,6
06/06/2013,14:15,7,6,1
06/06/2013,14:30,13,5,8
06/06/2013,14:45,11,4,7
06/06/2013,15:00,14,4,10
06/06/2013,15:15,10,6,4
06/06/2013,15:30,16,9,7
06/06/2013,15:45,15,6,9
06/06/2013,16:00,16,5,11
06/06/2013,16:15,18,10,8
06/06/2013,16:30,19,11,8
06/06/2013,16:45,29,22,7
06/06/2013,17:00,25,12,13
06/06/2013,17:15,39,26,13
06/06/2013,17:30,33,21,12
06/06/2013,17:45,35,24,11
06/06/2013,18:00,23,10,13
06/06/2013,18:15,23,9,14
06/06/2013,18:30,12,5,7
06/06/2013,18:45,17,13,4
06/06/2013,19:00,12,7,5
06/06/2013,19:15,2,2,0
06/06/2013,19:30,0,0,0
06/06/2013,19:45,5,5,0
06/06/2013,20:00,3,2,1
06/06/2013,20:15,3,3,0
06/06/2013,20:30,6,4,2
06/06/2013,20:45,1,1,0
06/06/2013,21:00,3,2,1
06/06/2013,21:15,3,3,0
06/06/2013,21:30,0,0,0
06/06/2013,21:45,0,0,0
06/06/2013,22:00,3,3,0
06/06/2013,22:15,0,0,0
06/06/2013,22:30,2,2,0
06/06/2013,22:45,1,1,0
06/06/2013,23:00,1,1,0
06/06/2013,23:15,3,0,3
06/06/2013,23:30,2,2,0
06/06/2013,23:45,1,0,1
07/06/2013,00:00,2,1,1
07/06/2013,00:15,0,0,0
07/06/2013,00:30,0,0,0
07/06/2013,00:45,0,0,0
07/06/2013,01:00,0,0,0
07/06/2013,01:15,0,0,0
07/06/2013,01:30,0,0,0
07/06/2013,01:45,1,1,0
07/06/2013,02:00,0,0,0
07/06/2013,02:15,0,0,0
07/06/2013,02:30,0,0,0
07/06/2013,02:45,0,0,0
07/06/2013,03:00,0,0,0
07/06/2013,03:15,0,0,0
07/06/2013,03:30,0,0,0
07/06/2013,03:45,1,1,0
07/06/2013,04:00,1,1,0
07/06/2013,04:15,1,1,0
07/06/2013,04:30,0,0,0
07/06/2013,04:45,1,1,0
07/06/2013,05:00,0,0,0
07/06/2013,05:15,1,1,0
07/06/2013,05:30,6,6,0
07/06/2013,05:45,6,5,1
07/06/2013,06:00,0,0,0
07/06/2013,06:15,3,2,1
07/06/2013,06:30,4,4,0
07/06/2013,06:45,4,3,1
07/06/2013,07:00,4,4,0
07/06/2013,07:15,6,6,0
07/06/2013,07:30,13,10,3
07/06/2013,07:45,7,5,2
07/06/2013,08:00,8,7,1
07/06/2013,08:15,4,4,0
07/06/2013,08:30,3,3,0
07/06/2013,08:45,5,3,2
07/06/2013,09:00,4,4,0
07/06/2013,09:15,3,3,0
07/06/2013,09:30,2,2,0
07/06/2013,09:45,2,2,0
07/06/2013,10:00,2,2,0
07/06/2013,10:15,2,1,1
07/06/2013,10:30,1,1,0
07/06/2013,10:45,2,2,0
07/06/2013,11:00,0,0,0
07/06/2013,11:15,0,0,0
07/06/2013,11:30,1,0,1
07/06/2013,11:45,2,0,2
07/06/2013,12:00,3,3,0
07/06/2013,12:15,0,0,0
07/06/2013,12:30,3,3,0
07/06/2013,12:45,0,0,0
07/06/2013,13:00,1,1,0
07/06/2013,13:15,2,1,1
07/06/2013,13:30,3,2,1
07/06/2013,13:45,3,3,0
07/06/2013,14:00,2,1,1
07/06/2013,14:15,3,1,2
07/06/2013,14:30,4,3,1
07/06/2013,14:45,4,2,2
07/06/2013,15:00,2,2,0
07/06/2013,15:15,3,3,0
07/06/2013,15:30,3,1,2
07/06/2013,15:45,2,0,2
07/06/2013,16:00,7,5,2
07/06/2013,16:15,2,1,1
07/06/2013,16:30,7,4,3
07/06/2013,16:45,3,3,0
07/06/2013,17:00,4,3,1
07/06/2013,17:15,7,6,1
07/06/2013,17:30,6,4,2
07/06/2013,17:45,11,6,5
07/06/2013,18:00,9,7,2
07/06/2013,18:15,12,4,8
07/06/2013,18:30,5,2,3
07/06/2013,18:45,9,6,3
07/06/2013,19:00,2,1,1
07/06/2013,19:15,1,0,1
07/06/2013,19:30,4,1,3
07/06/2013,19:45,1,1,0
07/06/2013,20:00,4,2,2
07/06/2013,20:15,1,1,0
07/06/2013,20:30,1,0,1
07/06/2013,20:45,1,1,0
07/06/2013,21:00,3,0,3
07/06/2013,21:15,4,2,2
07/06/2013,21:30,1,0,1
07/06/2013,21:45,2,2,0
07/06/2013,22:00,2,0,2
07/06/2013,22:15,1,0,1
07/06/2013,22:30,3,2,1
07/06/2013,22:45,1,0,1
07/06/2013,23:00,1,0,1
07/06/2013,23:15,2,0,2
07/06/2013,23:30,1,1,0
07/06/2013,23:45,2,1,1
08/06/2013,00:00,0,0,0
08/06/2013,00:15,1,0,1
08/06/2013,00:30,0,0,0
08/06/2013,00:45,1,1,0
08/06/2013,01:00,1,0,1
08/06/2013,01:15,2,0,2
08/06/2013,01:30,1,1,0
08/06/2013,01:45,1,0,1
08/06/2013,02:00,3,1,2
08/06/2013,02:15,0,0,0
08/06/2013,02:30,0,0,0
08/06/2013,02:45,0,0,0
08/06/2013,03:00,0,0,0
08/06/2013,03:15,0,0,0
08/06/2013,03:30,0,0,0
08/06/2013,03:45,1,1,0
08/06/2013,04:00,1,1,0
08/06/2013,04:15,0,0,0
08/06/2013,04:30,0,0,0
08/06/2013,04:45,1,1,0
08/06/2013,05:00,1,1,0
08/06/2013,05:15,1,1,0
08/06/2013,05:30,1,0,1
08/06/2013,05:45,4,3,1
08/06/2013,06:00,5,2,3
08/06/2013,06:15,5,2,3
08/06/2013,06:30,7,5,2
08/06/2013,06:45,12,8,4
08/06/2013,07:00,13,8,5
08/06/2013,07:15,27,17,10
08/06/2013,07:30,17,5,12
08/06/2013,07:45,20,6,14
08/06/2013,08:00,52,14,38
08/06/2013,08:15,21,11,10
08/06/2013,08:30,37,23,14
08/06/2013,08:45,25,14,11
08/06/2013,09:00,21,10,11
08/06/2013,09:15,29,11,18
08/06/2013,09:30,36,11,25
08/06/2013,09:45,29,14,15
08/06/2013,10:00,41,14,27
08/06/2013,10:15,39,16,23
08/06/2013,10:30,35,13,22
08/06/2013,10:45,42,10,32
08/06/2013,11:00,23,12,11
08/06/2013,11:15,35,15,20
08/06/2013,11:30,38,17,21
08/06/2013,11:45,32,11,21
08/06/2013,12:00,21,6,15
08/06/2013,12:15,39,18,21
08/06/2013,12:30,25,6,19
08/06/2013,12:45,26,12,14
08/06/2013,13:00,31,14,17
08/06/2013,13:15,33,18,15
08/06/2013,13:30,41,14,27
08/06/2013,13:45,36,11,25
08/06/2013,14:00,30,11,19
08/06/2013,14:15,46,15,31
08/06/2013,14:30,47,17,30
08/06/2013,14:45,37,9,28
08/06/2013,15:00,45,21,24
08/06/2013,15:15,45,16,29
08/06/2013,15:30,40,19,21
08/06/2013,15:45,49,16,33
08/06/2013,16:00,43,16,27
08/06/2013,16:15,32,10,22
08/06/2013,16:30,48,15,33
08/06/2013,16:45,48,18,30
08/06/2013,17:00,38,17,21
08/06/2013,17:15,34,11,23
08/06/2013,17:30,25,12,13
08/06/2013,17:45,38,23,15
08/06/2013,18:00,25,10,15
08/06/2013,18:15,42,16,26
08/06/2013,18:30,38,11,27
08/06/2013,18:45,31,10,21
08/06/2013,19:00,25,8,17
08/06/2013,19:15,17,7,10
08/06/2013,19:30,23,8,15
08/06/2013,19:45,24,9,15
08/06/2013,20:00,19,6,13
08/06/2013,20:15,15,9,6
08/06/2013,20:30,12,4,8
08/06/2013,20:45,8,4,4
08/06/2013,21:00,8,4,4
08/06/2013,21:15,4,3,1
08/06/2013,21:30,12,6,6
08/06/2013,21:45,4,3,1
08/06/2013,22:00,5,3,2
08/06/2013,22:15,3,1,2
08/06/2013,22:30,2,0,2
08/06/2013,22:45,1,0,1
08/06/2013,23:00,4,2,2
08/06/2013,23:15,4,0,4
08/06/2013,23:30,4,1,3
08/06/2013,23:45,2,1,1
09/06/2013,00:00,0,0,0
09/06/2013,00:15,1,0,1
09/06/2013,00:30,2,0,2
09/06/2013,00:45,1,0,1
09/06/2013,01:00,1,1,0
09/06/2013,01:15,0,0,0
09/06/2013,01:30,0,0,0
09/06/2013,01:45,1,0,1
09/06/2013,02:00,0,0,0
09/06/2013,02:15,2,1,1
09/06/2013,02:30,1,0,1
09/06/2013,02:45,1,0,1
09/06/2013,03:00,1,0,1
09/06/2013,03:15,0,0,0
09/06/2013,03:30,0,0,0
09/06/2013,03:45,2,2,0
09/06/2013,04:00,1,1,0
09/06/2013,04:15,0,0,0
09/06/2013,04:30,1,1,0
09/06/2013,04:45,1,0,1
09/06/2013,05:00,2,1,1
09/06/2013,05:15,4,3,1
09/06/2013,05:30,0,0,0
09/06/2013,05:45,2,2,0
09/06/2013,06:00,1,1,0
09/06/2013,06:15,6,2,4
09/06/2013,06:30,9,1,8
09/06/2013,06:45,22,6,16
09/06/2013,07:00,31,6,25
09/06/2013,07:15,20,11,9
09/06/2013,07:30,15,8,7
09/06/2013,07:45,22,9,13
09/06/2013,08:00,37,10,27
09/06/2013,08:15,28,10,18
09/06/2013,08:30,29,12,17
09/06/2013,08:45,33,15,18
09/06/2013,09:00,34,25,9
09/06/2013,09:15,42,25,17
09/06/2013,09:30,48,21,27
09/06/2013,09:45,62,16,46
09/06/2013,10:00,46,21,25
09/06/2013,10:15,56,23,33
09/06/2013,10:30,58,26,32
09/06/2013,10:45,48,18,30
09/06/2013,11:00,50,20,30
09/06/2013,11:15,70,28,42
09/06/2013,11:30,70,29,41
09/06/2013,11:45,62,28,34
09/06/2013,12:00,57,25,32
09/06/2013,12:15,76,36,40
09/06/2013,12:30,39,20,19
09/06/2013,12:45,38,17,21
09/06/2013,13:00,35,8,27
09/06/2013,13:15,50,27,23
09/06/2013,13:30,53,36,17
09/06/2013,13:45,37,12,25
09/06/2013,14:00,46,11,35
09/06/2013,14:15,39,18,21
09/06/2013,14:30,49,17,32
09/06/2013,14:45,43,20,23
09/06/2013,15:00,41,28,13
09/06/2013,15:15,49,18,31
09/06/2013,15:30,39,16,23
09/06/2013,15:45,48,18,30
09/06/2013,16:00,58,32,26
09/06/2013,16:15,25,7,18
09/06/2013,16:30,48,21,27
09/06/2013,16:45,39,16,23
09/06/2013,17:00,23,7,16
09/06/2013,17:15,29,20,9
09/06/2013,17:30,37,15,22
09/06/2013,17:45,27,11,16
09/06/2013,18:00,24,12,12
09/06/2013,18:15,43,25,18
09/06/2013,18:30,16,5,11
09/06/2013,18:45,29,10,19
09/06/2013,19:00,16,9,7
09/06/2013,19:15,16,8,8
09/06/2013,19:30,23,8,15
09/06/2013,19:45,24,10,14
09/06/2013,20:00,16,4,12
09/06/2013,20:15,10,4,6
09/06/2013,20:30,6,3,3
09/06/2013,20:45,13,5,8
09/06/2013,21:00,8,6,2
09/06/2013,21:15,7,3,4
09/06/2013,21:30,4,2,2
09/06/2013,21:45,4,2,2
09/06/2013,22:00,5,4,1
09/06/2013,22:15,3,1,2
09/06/2013,22:30,2,1,1
09/06/2013,22:45,0,0,0
09/06/2013,23:00,4,0,4
09/06/2013,23:15,1,1,0
09/06/2013,23:30,1,1,0
09/06/2013,23:45,0,0,0
10/06/2013,00:00,0,0,0
10/06/2013,00:15,0,0,0
10/06/2013,00:30,0,0,0
10/06/2013,00:45,1,0,1
10/06/2013,01:00,1,1,0
10/06/2013,01:15,1,0,1
10/06/2013,01:30,0,0,0
10/06/2013,01:45,0,0,0
10/06/2013,02:00,0,0,0
10/06/2013,02:15,0,0,0
10/06/2013,02:30,0,0,0
10/06/2013,02:45,0,0,0
10/06/2013,03:00,0,0,0
10/06/2013,03:15,0,0,0
10/06/2013,03:30,2,2,0
10/06/2013,03:45,1,1,0
10/06/2013,04:00,2,1,1
10/06/2013,04:15,0,0,0
10/06/2013,04:30,0,0,0
10/06/2013,04:45,1,0,1
10/06/2013,05:00,2,1,1
10/06/2013,05:15,1,0,1
10/06/2013,05:30,9,3,6
10/06/2013,05:45,10,8,2
10/06/2013,06:00,5,4,1
10/06/2013,06:15,8,5,3
10/06/2013,06:30,10,5,5
10/06/2013,06:45,15,3,12
10/06/2013,07:00,10,3,7
10/06/2013,07:15,7,6,1
10/06/2013,07:30,12,9,3
10/06/2013,07:45,14,4,10
10/06/2013,08:00,5,3,2
10/06/2013,08:15,17,4,13
10/06/2013,08:30,3,2,1
10/06/2013,08:45,10,6,4
10/06/2013,09:00,7,3,4
10/06/2013,09:15,5,4,1
10/06/2013,09:30,7,5,2
10/06/2013,09:45,11,5,6
10/06/2013,10:00,4,0,4
10/06/2013,10:15,12,4,8
10/06/2013,10:30,3,1,2
10/06/2013,10:45,4,0,4
10/06/2013,11:00,7,4,3
10/06/2013,11:15,4,2,2
10/06/2013,11:30,4,0,4
10/06/2013,11:45,5,2,3
10/06/2013,12:00,4,1,3
10/06/2013,12:15,9,5,4
10/06/2013,12:30,9,1,8
10/06/2013,12:45,2,1,1
10/06/2013,13:00,3,3,0
10/06/2013,13:15,4,1,3
10/06/2013,13:30,15,5,10
10/06/2013,13:45,1,1,0
10/06/2013,14:00,5,2,3
10/06/2013,14:15,5,3,2
10/06/2013,14:30,5,0,5
10/06/2013,14:45,2,2,0
10/06/2013,15:00,1,0,1
10/06/2013,15:15,2,1,1
10/06/2013,15:30,5,1,4
10/06/2013,15:45,5,2,3
10/06/2013,16:00,12,3,9
10/06/2013,16:15,15,5,10
10/06/2013,16:30,7,4,3
10/06/2013,16:45,14,1,13
10/06/2013,17:00,30,14,16
10/06/2013,17:15,15,7,8
10/06/2013,17:30,12,6,6
10/06/2013,17:45,10,1,9
10/06/2013,18:00,18,13,5
10/06/2013,18:15,9,6,3
10/06/2013,18:30,6,1,5
10/06/2013,18:45,15,7,8
10/06/2013,19:00,13,8,5
10/06/2013,19:15,5,1,4
10/06/2013,19:30,4,2,2
10/06/2013,19:45,4,1,3
10/06/2013,20:00,5,5,0
10/06/2013,20:15,1,1,0
10/06/2013,20:30,1,1,0
10/06/2013,20:45,0,0,0
10/06/2013,21:00,2,1,1
10/06/2013,21:15,4,3,1
10/06/2013,21:30,1,1,0
10/06/2013,21:45,3,1,2
10/06/2013,22:00,0,0,0
10/06/2013,22:15,1,0,1
10/06/2013,22:30,1,1,0
10/06/2013,22:45,0,0,0
10/06/2013,23:00,2,1,1
10/06/2013,23:15,0,0,0
10/06/2013,23:30,0,0,0
10/06/2013,23:45,0,0,0
11/06/2013,00:00,1,0,1
11/06/2013,00:15,1,0,1
11/06/2013,00:30,0,0,0
11/06/2013,00:45,0,0,0
11/06/2013,01:00,0,0,0
11/06/2013,01:15,0,0,0
11/06/2013,01:30,0,0,0
11/06/2013,01:45,0,0,0
11/06/2013,02:00,0,0,0
11/06/2013,02:15,0,0,0
11/06/2013,02:30,0,0,0
11/06/2013,02:45,0,0,0
11/06/2013,03:00,0,0,0
11/06/2013,03:15,1,0,1
11/06/2013,03:30,0,0,0
11/06/2013,03:45,0,0,0
11/06/2013,04:00,2,1,1
11/06/2013,04:15,0,0,0
11/06/2013,04:30,2,2,0
11/06/2013,04:45,2,1,1
11/06/2013,05:00,2,0,2
11/06/2013,05:15,0,0,0
11/06/2013,05:30,13,5,8
11/06/2013,05:45,16,6,10
11/06/2013,06:00,18,7,11
11/06/2013,06:15,16,8,8
11/06/2013,06:30,15,6,9
11/06/2013,06:45,23,7,16
11/06/2013,07:00,31,11,20
11/06/2013,07:15,18,6,12
11/06/2013,07:30,33,8,25
11/06/2013,07:45,29,8,21
11/06/2013,08:00,25,6,19
11/06/2013,08:15,20,7,13
11/06/2013,08:30,17,7,10
11/06/2013,08:45,31,11,20
11/06/2013,09:00,15,6,9
11/06/2013,09:15,17,8,9
11/06/2013,09:30,16,5,11
11/06/2013,09:45,11,4,7
11/06/2013,10:00,14,6,8
11/06/2013,10:15,10,6,4
11/06/2013,10:30,11,6,5
11/06/2013,10:45,11,4,7
11/06/2013,11:00,17,11,6
11/06/2013,11:15,23,10,13
11/06/2013,11:30,15,9,6
11/06/2013,11:45,15,6,9
11/06/2013,12:00,12,2,10
11/06/2013,12:15,13,7,6
11/06/2013,12:30,10,3,7
11/06/2013,12:45,9,3,6
11/06/2013,13:00,15,6,9
11/06/2013,13:15,16,6,10
11/06/2013,13:30,10,3,7
11/06/2013,13:45,12,6,6
11/06/2013,14:00,14,10,4
11/06/2013,14:15,14,5,9
11/06/2013,14:30,15,6,9
11/06/2013,14:45,13,5,8
11/06/2013,15:00,17,4,13
11/06/2013,15:15,22,4,18
11/06/2013,15:30,22,10,12
11/06/2013,15:45,17,7,10
11/06/2013,16:00,26,7,19
11/06/2013,16:15,19,11,8
11/06/2013,16:30,20,9,11
11/06/2013,16:45,25,10,15
11/06/2013,17:00,42,14,28
11/06/2013,17:15,53,25,28
11/06/2013,17:30,34,15,19
11/06/2013,17:45,59,24,35
11/06/2013,18:00,57,20,37
11/06/2013,18:15,68,31,37
11/06/2013,18:30,56,20,36
11/06/2013,18:45,60,21,39
11/06/2013,19:00,49,23,26
11/06/2013,19:15,44,20,24
11/06/2013,19:30,47,29,18
11/06/2013,19:45,34,19,15
11/06/2013,20:00,42,24,18
11/06/2013,20:15,44,17,27
11/06/2013,20:30,19,13,6
11/06/2013,20:45,17,8,9
11/06/2013,21:00,12,9,3
11/06/2013,21:15,10,8,2
11/06/2013,21:30,1,1,0
11/06/2013,21:45,5,3,2
11/06/2013,22:00,5,3,2
11/06/2013,22:15,4,0,4
11/06/2013,22:30,2,0,2
11/06/2013,22:45,1,0,1
11/06/2013,23:00,2,0,2
11/06/2013,23:15,2,0,2
11/06/2013,23:30,1,0,1
11/06/2013,23:45,0,0,0
12/06/2013,00:00,2,1,1
12/06/2013,00:15,1,0,1
12/06/2013,00:30,2,1,1
12/06/2013,00:45,0,0,0
12/06/2013,01:00,0,0,0
12/06/2013,01:15,0,0,0
12/06/2013,01:30,0,0,0
12/06/2013,01:45,1,0,1
12/06/2013,02:00,0,0,0
12/06/2013,02:15,0,0,0
12/06/2013,02:30,1,1,0
12/06/2013,02:45,0,0,0
12/06/2013,03:00,0,0,0
12/06/2013,03:15,0,0,0
12/06/2013,03:30,0,0,0
12/06/2013,03:45,3,0,3
12/06/2013,04:00,3,2,1
12/06/2013,04:15,1,1,0
12/06/2013,04:30,5,5,0
12/06/2013,04:45,0,0,0
12/06/2013,05:00,2,1,1
12/06/2013,05:15,1,1,0
12/06/2013,05:30,12,4,8
12/06/2013,05:45,13,5,8
12/06/2013,06:00,18,7,11
12/06/2013,06:15,21,10,11
12/06/2013,06:30,25,12,13
12/06/2013,06:45,26,6,20
12/06/2013,07:00,31,11,20
12/06/2013,07:15,33,8,25
12/06/2013,07:30,33,11,22
12/06/2013,07:45,57,18,39
12/06/2013,08:00,29,10,19
12/06/2013,08:15,41,17,24
12/06/2013,08:30,29,12,17
12/06/2013,08:45,25,10,15
12/06/2013,09:00,23,10,13
12/06/2013,09:15,18,8,10
12/06/2013,09:30,13,6,7
12/06/2013,09:45,9,5,4
12/06/2013,10:00,14,6,8
12/06/2013,10:15,13,7,6
12/06/2013,10:30,15,6,9
12/06/2013,10:45,13,4,9
12/06/2013,11:00,12,5,7
12/06/2013,11:15,22,9,13
12/06/2013,11:30,13,10,3
12/06/2013,11:45,8,3,5
12/06/2013,12:00,30,15,15
12/06/2013,12:15,28,22,6
12/06/2013,12:30,14,11,3
12/06/2013,12:45,10,3,7
12/06/2013,13:00,10,7,3
12/06/2013,13:15,9,3,6
12/06/2013,13:30,13,7,6
12/06/2013,13:45,20,11,9
12/06/2013,14:00,19,5,14
12/06/2013,14:15,14,9,5
12/06/2013,14:30,7,3,4
12/06/2013,14:45,17,6,11
12/06/2013,15:00,16,7,9
12/06/2013,15:15,15,7,8
12/06/2013,15:30,19,6,13
12/06/2013,15:45,13,9,4
12/06/2013,16:00,26,11,15
12/06/2013,16:15,33,15,18
12/06/2013,16:30,18,8,10
12/06/2013,16:45,22,13,9
12/06/2013,17:00,34,18,16
12/06/2013,17:15,38,25,13
12/06/2013,17:30,48,33,15
12/06/2013,17:45,37,25,12
12/06/2013,18:00,61,32,29
12/06/2013,18:15,52,37,15
12/06/2013,18:30,51,29,22
12/06/2013,18:45,59,34,25
12/06/2013,19:00,42,32,10
12/06/2013,19:15,25,17,8
12/06/2013,19:30,26,20,6
12/06/2013,19:45,27,16,11
12/06/2013,20:00,26,18,8
12/06/2013,20:15,16,12,4
12/06/2013,20:30,20,12,8
12/06/2013,20:45,12,8,4
12/06/2013,21:00,10,5,5
12/06/2013,21:15,8,5,3
12/06/2013,21:30,4,2,2
12/06/2013,21:45,5,2,3
12/06/2013,22:00,1,1,0
12/06/2013,22:15,0,0,0
12/06/2013,22:30,5,2,3
12/06/2013,22:45,4,4,0
12/06/2013,23:00,3,1,2
12/06/2013,23:15,3,2,1
12/06/2013,23:30,2,1,1
12/06/2013,23:45,1,1,0
13/06/2013,00:00,1,0,1
13/06/2013,00:15,3,0,3
13/06/2013,00:30,1,1,0
13/06/2013,00:45,0,0,0
13/06/2013,01:00,0,0,0
13/06/2013,01:15,2,2,0
13/06/2013,01:30,0,0,0
13/06/2013,01:45,1,1,0
13/06/2013,02:00,2,1,1
13/06/2013,02:15,1,1,0
13/06/2013,02:30,0,0,0
13/06/2013,02:45,1,1,0
13/06/2013,03:00,1,1,0
13/06/2013,03:15,0,0,0
13/06/2013,03:30,0,0,0
13/06/2013,03:45,1,1,0
13/06/2013,04:00,2,2,0
13/06/2013,04:15,2,1,1
13/06/2013,04:30,0,0,0
13/06/2013,04:45,0,0,0
13/06/2013,05:00,3,3,0
13/06/2013,05:15,2,2,0
13/06/2013,05:30,9,5,4
13/06/2013,05:45,10,5,5
13/06/2013,06:00,17,7,10
13/06/2013,06:15,15,8,7
13/06/2013,06:30,11,3,8
13/06/2013,06:45,18,11,7
13/06/2013,07:00,19,7,12
13/06/2013,07:15,27,12,15
13/06/2013,07:30,19,9,10
13/06/2013,07:45,23,8,15
13/06/2013,08:00,16,5,11
13/06/2013,08:15,13,6,7
13/06/2013,08:30,17,8,9
13/06/2013,08:45,12,4,8
13/06/2013,09:00,17,5,12
13/06/2013,09:15,10,6,4
13/06/2013,09:30,3,1,2
13/06/2013,09:45,5,1,4
13/06/2013,10:00,3,1,2
13/06/2013,10:15,3,0,3
13/06/2013,10:30,11,4,7
13/06/2013,10:45,7,1,6
13/06/2013,11:00,5,4,1
13/06/2013,11:15,4,0,4
13/06/2013,11:30,5,1,4
13/06/2013,11:45,3,0,3
13/06/2013,12:00,7,2,5
13/06/2013,12:15,6,3,3
13/06/2013,12:30,6,3,3
13/06/2013,12:45,6,2,4
13/06/2013,13:00,11,5,6
13/06/2013,13:15,6,3,3
13/06/2013,13:30,12,3,9
13/06/2013,13:45,6,3,3
13/06/2013,14:00,14,6,8
13/06/2013,14:15,14,11,3
13/06/2013,14:30,16,8,8
13/06/2013,14:45,8,3,5
13/06/2013,15:00,14,8,6
13/06/2013,15:15,13,10,3
13/06/2013,15:30,11,5,6
13/06/2013,15:45,18,8,10
13/06/2013,16:00,11,5,6
13/06/2013,16:15,1,0,1
13/06/2013,16:30,8,2,6
13/06/2013,16:45,9,3,6
13/06/2013,17:00,13,4,9
13/06/2013,17:15,6,2,4
13/06/2013,17:30,17,8,9
13/06/2013,17:45,13,6,7
13/06/2013,18:00,17,8,9
13/06/2013,18:15,14,5,9
13/06/2013,18:30,21,11,10
13/06/2013,18:45,12,6,6
13/06/2013,19:00,25,11,14
13/06/2013,19:15,15,5,10
13/06/2013,19:30,19,7,12
13/06/2013,19:45,7,1,6
13/06/2013,20:00,7,6,1
13/06/2013,20:15,7,4,3
13/06/2013,20:30,5,3,2
13/06/2013,20:45,4,2,2
13/06/2013,21:00,6,2,4
13/06/2013,21:15,2,1,1
13/06/2013,21:30,2,1,1
13/06/2013,21:45,2,2,0
13/06/2013,22:00,3,0,3
13/06/2013,22:15,0,0,0
13/06/2013,22:30,4,1,3
13/06/2013,22:45,1,0,1
13/06/2013,23:00,0,0,0
13/06/2013,23:15,2,1,1
13/06/2013,23:30,1,1,0
13/06/2013,23:45,1,1,0
14/06/2013,00:00,0,0,0
14/06/2013,00:15,2,1,1
14/06/2013,00:30,0,0,0
14/06/2013,00:45,0,0,0
14/06/2013,01:00,0,0,0
14/06/2013,01:15,0,0,0
14/06/2013,01:30,1,0,1
14/06/2013,01:45,1,0,1
14/06/2013,02:00,0,0,0
14/06/2013,02:15,0,0,0
14/06/2013,02:30,1,0,1
14/06/2013,02:45,0,0,0
14/06/2013,03:00,0,0,0
14/06/2013,03:15,0,0,0
14/06/2013,03:30,0,0,0
14/06/2013,03:45,0,0,0
14/06/2013,04:00,4,4,0
14/06/2013,04:15,1,0,1
14/06/2013,04:30,0,0,0
14/06/2013,04:45,2,2,0
14/06/2013,05:00,1,0,1
14/06/2013,05:15,0,0,0
14/06/2013,05:30,7,2,5
14/06/2013,05:45,16,10,6
14/06/2013,06:00,9,4,5
14/06/2013,06:15,7,4,3
14/06/2013,06:30,16,3,13
14/06/2013,06:45,15,7,8
14/06/2013,07:00,22,5,17
14/06/2013,07:15,27,8,19
14/06/2013,07:30,17,5,12
14/06/2013,07:45,26,8,18
14/06/2013,08:00,33,14,19
14/06/2013,08:15,17,6,11
14/06/2013,08:30,22,7,15
14/06/2013,08:45,20,9,11
14/06/2013,09:00,12,4,8
14/06/2013,09:15,13,3,10
14/06/2013,09:30,12,4,8
14/06/2013,09:45,9,1,8
14/06/2013,10:00,9,6,3
14/06/2013,10:15,14,3,11
14/06/2013,10:30,14,4,10
14/06/2013,10:45,10,6,4
14/06/2013,11:00,18,12,6
14/06/2013,11:15,22,12,10
14/06/2013,11:30,22,14,8
14/06/2013,11:45,21,10,11
14/06/2013,12:00,7,4,3
14/06/2013,12:15,17,8,9
14/06/2013,12:30,14,9,5
14/06/2013,12:45,13,7,6
14/06/2013,13:00,13,8,5
14/06/2013,13:15,17,7,10
14/06/2013,13:30,17,9,8
14/06/2013,13:45,18,10,8
14/06/2013,14:00,8,2,6
14/06/2013,14:15,13,6,7
14/06/2013,14:30,24,6,18
14/06/2013,14:45,15,8,7
14/06/2013,15:00,20,11,9
14/06/2013,15:15,33,14,19
14/06/2013,15:30,23,13,10
14/06/2013,15:45,22,11,11
14/06/2013,16:00,29,14,15
14/06/2013,16:15,32,12,20
14/06/2013,16:30,27,9,18
14/06/2013,16:45,39,19,20
14/06/2013,17:00,46,20,26
14/06/2013,17:15,44,13,31
14/06/2013,17:30,84,42,42
14/06/2013,17:45,43,16,27
14/06/2013,18:00,54,24,30
14/06/2013,18:15,57,28,29
14/06/2013,18:30,53,20,33
14/06/2013,18:45,47,19,28
14/06/2013,19:00,28,8,20
14/06/2013,19:15,30,15,15
14/06/2013,19:30,41,17,24
14/06/2013,19:45,16,4,12
14/06/2013,20:00,19,12,7
14/06/2013,20:15,19,10,9
14/06/2013,20:30,15,8,7
14/06/2013,20:45,6,4,2
14/06/2013,21:00,15,4,11
14/06/2013,21:15,10,6,4
14/06/2013,21:30,3,1,2
14/06/2013,21:45,1,1,0
14/06/2013,22:00,7,5,2
14/06/2013,22:15,4,1,3
14/06/2013,22:30,7,0,7
14/06/2013,22:45,8,4,4
14/06/2013,23:00,3,1,2
14/06/2013,23:15,1,1,0
14/06/2013,23:30,2,1,1
14/06/2013,23:45,1,0,1
15/06/2013,00:00,3,2,1
15/06/2013,00:15,1,0,1
15/06/2013,00:30,1,0,1
15/06/2013,00:45,1,1,0
15/06/2013,01:00,1,0,1
15/06/2013,01:15,1,0,1
15/06/2013,01:30,1,1,0
15/06/2013,01:45,1,1,0
15/06/2013,02:00,0,0,0
15/06/2013,02:15,1,0,1
15/06/2013,02:30,0,0,0
15/06/2013,02:45,1,0,1
15/06/2013,03:00,0,0,0
15/06/2013,03:15,0,0,0
15/06/2013,03:30,1,0,1
15/06/2013,03:45,1,1,0
15/06/2013,04:00,0,0,0
15/06/2013,04:15,0,0,0
15/06/2013,04:30,1,1,0
15/06/2013,04:45,0,0,0
15/06/2013,05:00,0,0,0
15/06/2013,05:15,2,2,0
15/06/2013,05:30,3,1,2
15/06/2013,05:45,6,5,1
15/06/2013,06:00,5,3,2
15/06/2013,06:15,13,7,6
15/06/2013,06:30,14,13,1
15/06/2013,06:45,10,6,4
15/06/2013,07:00,19,13,6
15/06/2013,07:15,28,16,12
15/06/2013,07:30,33,20,13
15/06/2013,07:45,19,8,11
15/06/2013,08:00,49,21,28
15/06/2013,08:15,40,21,19
15/06/2013,08:30,33,12,21
15/06/2013,08:45,52,24,28
15/06/2013,09:00,49,17,32
15/06/2013,09:15,52,15,37
15/06/2013,09:30,44,11,33
15/06/2013,09:45,52,15,37
15/06/2013,10:00,46,12,34
15/06/2013,10:15,45,24,21
15/06/2013,10:30,53,18,35
15/06/2013,10:45,52,25,27
15/06/2013,11:00,71,35,36
15/06/2013,11:15,56,22,34
15/06/2013,11:30,51,20,31
15/06/2013,11:45,54,20,34
15/06/2013,12:00,54,29,25
15/06/2013,12:15,68,30,38
15/06/2013,12:30,59,22,37
15/06/2013,12:45,55,26,29
15/06/2013,13:00,52,29,23
15/06/2013,13:15,43,24,19
15/06/2013,13:30,46,18,28
15/06/2013,13:45,44,13,31
15/06/2013,14:00,46,15,31
15/06/2013,14:15,39,22,17
15/06/2013,14:30,40,10,30
15/06/2013,14:45,39,17,22
15/06/2013,15:00,49,23,26
15/06/2013,15:15,65,27,38
15/06/2013,15:30,33,8,25
15/06/2013,15:45,36,18,18
15/06/2013,16:00,28,8,20
15/06/2013,16:15,55,15,40
15/06/2013,16:30,39,22,17
15/06/2013,16:45,25,9,16
15/06/2013,17:00,36,18,18
15/06/2013,17:15,42,18,24
15/06/2013,17:30,36,14,22
15/06/2013,17:45,29,13,16
15/06/2013,18:00,28,15,13
15/06/2013,18:15,16,7,9
15/06/2013,18:30,28,10,18
15/06/2013,18:45,40,11,29
15/06/2013,19:00,35,12,23
15/06/2013,19:15,29,4,25
15/06/2013,19:30,13,5,8
15/06/2013,19:45,10,5,5
15/06/2013,20:00,17,9,8
15/06/2013,20:15,23,13,10
15/06/2013,20:30,15,8,7
15/06/2013,20:45,14,7,7
15/06/2013,21:00,4,3,1
15/06/2013,21:15,4,3,1
15/06/2013,21:30,5,0,5
15/06/2013,21:45,4,2,2
15/06/2013,22:00,5,3,2
15/06/2013,22:15,1,1,0
15/06/2013,22:30,1,1,0
15/06/2013,22:45,6,3,3
15/06/2013,23:00,0,0,0
15/06/2013,23:15,4,1,3
15/06/2013,23:30,0,0,0
15/06/2013,23:45,5,4,1
16/06/2013,00:00,1,1,0
16/06/2013,00:15,3,2,1
16/06/2013,00:30,0,0,0
16/06/2013,00:45,0,0,0
16/06/2013,01:00,2,1,1
16/06/2013,01:15,0,0,0
16/06/2013,01:30,1,0,1
16/06/2013,01:45,1,0,1
16/06/2013,02:00,0,0,0
16/06/2013,02:15,4,2,2
16/06/2013,02:30,1,1,0
16/06/2013,02:45,0,0,0
16/06/2013,03:00,1,1,0
16/06/2013,03:15,0,0,0
16/06/2013,03:30,0,0,0
16/06/2013,03:45,0,0,0
16/06/2013,04:00,0,0,0
16/06/2013,04:15,0,0,0
16/06/2013,04:30,0,0,0
16/06/2013,04:45,1,0,1
16/06/2013,05:00,2,1,1
16/06/2013,05:15,0,0,0
16/06/2013,05:30,3,2,1
16/06/2013,05:45,3,0,3
16/06/2013,06:00,4,2,2
16/06/2013,06:15,1,1,0
16/06/2013,06:30,2,1,1
16/06/2013,06:45,10,4,6
16/06/2013,07:00,7,6,1
16/06/2013,07:15,15,5,10
16/06/2013,07:30,14,9,5
16/06/2013,07:45,24,15,9
16/06/2013,08:00,24,11,13
16/06/2013,08:15,31,20,11
16/06/2013,08:30,21,11,10
16/06/2013,08:45,29,16,13
16/06/2013,09:00,34,12,22
16/06/2013,09:15,50,21,29
16/06/2013,09:30,32,6,26
16/06/2013,09:45,35,11,24
16/06/2013,10:00,54,20,34
16/06/2013,10:15,43,19,24
16/06/2013,10:30,45,14,31
16/06/2013,10:45,54,14,40
16/06/2013,11:00,45,21,24
16/06/2013,11:15,59,28,31
16/06/2013,11:30,59,29,30
16/06/2013,11:45,43,26,17
16/06/2013,12:00,63,25,38
16/06/2013,12:15,59,21,38
16/06/2013,12:30,62,33,29
16/06/2013,12:45,53,33,20
16/06/2013,13:00,63,26,37
16/06/2013,13:15,56,22,34
16/06/2013,13:30,29,13,16
16/06/2013,13:45,50,23,27
16/06/2013,14:00,30,10,20
16/06/2013,14:15,29,15,14
16/06/2013,14:30,40,18,22
16/06/2013,14:45,42,20,22
16/06/2013,15:00,37,14,23
16/06/2013,15:15,31,15,16
16/06/2013,15:30,24,14,10
16/06/2013,15:45,29,13,16
16/06/2013,16:00,32,13,19
16/06/2013,16:15,27,10,17
16/06/2013,16:30,36,16,20
16/06/2013,16:45,16,8,8
16/06/2013,17:00,16,5,11
16/06/2013,17:15,15,7,8
16/06/2013,17:30,23,7,16
16/06/2013,17:45,28,9,19
16/06/2013,18:00,13,5,8
16/06/2013,18:15,13,4,9
16/06/2013,18:30,18,3,15
16/06/2013,18:45,9,4,5
16/06/2013,19:00,13,8,5
16/06/2013,19:15,9,6,3
16/06/2013,19:30,4,2,2
16/06/2013,19:45,10,7,3
16/06/2013,20:00,11,8,3
16/06/2013,20:15,4,4,0
16/06/2013,20:30,9,2,7
16/06/2013,20:45,6,3,3
16/06/2013,21:00,3,2,1
16/06/2013,21:15,2,2,0
16/06/2013,21:30,2,2,0
16/06/2013,21:45,1,1,0
16/06/2013,22:00,2,0,2
16/06/2013,22:15,0,0,0
16/06/2013,22:30,1,1,0
16/06/2013,22:45,2,1,1
16/06/2013,23:00,1,0,1
16/06/2013,23:15,0,0,0
16/06/2013,23:30,2,2,0
16/06/2013,23:45,0,0,0
17/06/2013,00:00,0,0,0
17/06/2013,00:15,1,0,1
17/06/2013,00:30,1,0,1
17/06/2013,00:45,0,0,0
17/06/2013,01:00,2,0,2
17/06/2013,01:15,0,0,0
17/06/2013,01:30,0,0,0
17/06/2013,01:45,0,0,0
17/06/2013,02:00,0,0,0
17/06/2013,02:15,0,0,0
17/06/2013,02:30,0,0,0
17/06/2013,02:45,0,0,0
17/06/2013,03:00,0,0,0
17/06/2013,03:15,0,0,0
17/06/2013,03:30,1,1,0
17/06/2013,03:45,1,1,0
17/06/2013,04:00,0,0,0
17/06/2013,04:15,1,1,0
17/06/2013,04:30,1,1,0
17/06/2013,04:45,5,3,2
17/06/2013,05:00,1,1,0
17/06/2013,05:15,5,2,3
17/06/2013,05:30,12,6,6
17/06/2013,05:45,21,9,12
17/06/2013,06:00,12,5,7
17/06/2013,06:15,17,5,12
17/06/2013,06:30,25,12,13
17/06/2013,06:45,22,7,15
17/06/2013,07:00,25,9,16
17/06/2013,07:15,27,5,22
17/06/2013,07:30,38,12,26
17/06/2013,07:45,30,9,21
17/06/2013,08:00,37,15,22
17/06/2013,08:15,23,9,14
17/06/2013,08:30,21,9,12
17/06/2013,08:45,18,9,9
17/06/2013,09:00,19,7,12
17/06/2013,09:15,10,1,9
17/06/2013,09:30,16,7,9
17/06/2013,09:45,11,2,9
17/06/2013,10:00,8,5,3
17/06/2013,10:15,13,6,7
17/06/2013,10:30,16,5,11
17/06/2013,10:45,13,7,6
17/06/2013,11:00,15,6,9
17/06/2013,11:15,18,6,12
17/06/2013,11:30,15,8,7
17/06/2013,11:45,15,7,8
17/06/2013,12:00,9,1,8
17/06/2013,12:15,11,6,5
17/06/2013,12:30,12,5,7
17/06/2013,12:45,6,5,1
17/06/2013,13:00,13,6,7
17/06/2013,13:15,14,8,6
17/06/2013,13:30,13,8,5
17/06/2013,13:45,13,7,6
17/06/2013,14:00,11,6,5
17/06/2013,14:15,9,6,3
17/06/2013,14:30,19,9,10
17/06/2013,14:45,11,4,7
17/06/2013,15:00,18,10,8
17/06/2013,15:15,21,13,8
17/06/2013,15:30,15,6,9
17/06/2013,15:45,27,12,15
17/06/2013,16:00,14,6,8
17/06/2013,16:15,18,9,9
17/06/2013,16:30,31,14,17
17/06/2013,16:45,41,24,17
17/06/2013,17:00,40,25,15
17/06/2013,17:15,35,13,22
17/06/2013,17:30,36,18,18
17/06/2013,17:45,57,28,29
17/06/2013,18:00,59,28,31
17/06/2013,18:15,44,21,23
17/06/2013,18:30,56,27,29
17/06/2013,18:45,38,22,16
17/06/2013,19:00,34,16,18
17/06/2013,19:15,32,17,15
17/06/2013,19:30,31,20,11
17/06/2013,19:45,31,20,11
17/06/2013,20:00,32,20,12
17/06/2013,20:15,20,8,12
17/06/2013,20:30,27,10,17
17/06/2013,20:45,12,8,4
17/06/2013,21:00,10,3,7
17/06/2013,21:15,9,3,6
17/06/2013,21:30,12,4,8
17/06/2013,21:45,7,4,3
17/06/2013,22:00,4,3,1
17/06/2013,22:15,6,4,2
17/06/2013,22:30,4,0,4
17/06/2013,22:45,1,0,1
17/06/2013,23:00,1,1,0
17/06/2013,23:15,1,0,1
17/06/2013,23:30,0,0,0
17/06/2013,23:45,0,0,0
18/06/2013,00:00,1,0,1
18/06/2013,00:15,2,2,0
18/06/2013,00:30,0,0,0
18/06/2013,00:45,0,0,0
18/06/2013,01:00,0,0,0
18/06/2013,01:15,0,0,0
18/06/2013,01:30,0,0,0
18/06/2013,01:45,0,0,0
18/06/2013,02:00,0,0,0
18/06/2013,02:15,1,0,1
18/06/2013,02:30,0,0,0
18/06/2013,02:45,0,0,0
18/06/2013,03:00,0,0,0
18/06/2013,03:15,0,0,0
18/06/2013,03:30,0,0,0
18/06/2013,03:45,2,1,1
18/06/2013,04:00,0,0,0
18/06/2013,04:15,3,3,0
18/06/2013,04:30,1,0,1
18/06/2013,04:45,1,0,1
18/06/2013,05:00,3,1,2
18/06/2013,05:15,3,2,1
18/06/2013,05:30,11,6,5
18/06/2013,05:45,15,6,9
18/06/2013,06:00,14,7,7
18/06/2013,06:15,19,11,8
18/06/2013,06:30,31,13,18
18/06/2013,06:45,29,9,20
18/06/2013,07:00,38,13,25
18/06/2013,07:15,34,11,23
18/06/2013,07:30,27,13,14
18/06/2013,07:45,47,20,27
18/06/2013,08:00,31,14,17
18/06/2013,08:15,26,11,15
18/06/2013,08:30,29,12,17
18/06/2013,08:45,15,1,14
18/06/2013,09:00,19,6,13
18/06/2013,09:15,22,5,17
18/06/2013,09:30,16,3,13
18/06/2013,09:45,11,5,6
18/06/2013,10:00,8,3,5
18/06/2013,10:15,9,5,4
18/06/2013,10:30,23,8,15
18/06/2013,10:45,8,3,5
18/06/2013,11:00,12,3,9
18/06/2013,11:15,10,5,5
18/06/2013,11:30,7,0,7
18/06/2013,11:45,13,3,10
18/06/2013,12:00,13,8,5
18/06/2013,12:15,12,2,10
18/06/2013,12:30,12,7,5
18/06/2013,12:45,15,6,9
18/06/2013,13:00,8,1,7
18/06/2013,13:15,3,2,1
18/06/2013,13:30,2,1,1
18/06/2013,13:45,6,4,2
18/06/2013,14:00,4,1,3
18/06/2013,14:15,2,1,1
18/06/2013,14:30,3,0,3
18/06/2013,14:45,6,2,4
18/06/2013,15:00,12,6,6
18/06/2013,15:15,10,2,8
18/06/2013,15:30,4,1,3
18/06/2013,15:45,3,0,3
18/06/2013,16:00,11,7,4
18/06/2013,16:15,8,5,3
18/06/2013,16:30,15,2,13
18/06/2013,16:45,16,6,10
18/06/2013,17:00,11,9,2
18/06/2013,17:15,24,14,10
18/06/2013,17:30,16,9,7
18/06/2013,17:45,27,16,11
18/06/2013,18:00,31,17,14
18/06/2013,18:15,19,13,6
18/06/2013,18:30,21,14,7
18/06/2013,18:45,29,17,12
18/06/2013,19:00,15,7,8
18/06/2013,19:15,15,7,8
18/06/2013,19:30,11,4,7
18/06/2013,19:45,13,3,10
18/06/2013,20:00,39,23,16
18/06/2013,20:15,21,13,8
18/06/2013,20:30,26,12,14
18/06/2013,20:45,11,7,4
18/06/2013,21:00,8,1,7
18/06/2013,21:15,5,1,4
18/06/2013,21:30,2,2,0
18/06/2013,21:45,5,3,2
18/06/2013,22:00,7,3,4
18/06/2013,22:15,4,4,0
18/06/2013,22:30,2,2,0
18/06/2013,22:45,2,1,1
18/06/2013,23:00,0,0,0
18/06/2013,23:15,1,1,0
18/06/2013,23:30,4,2,2
18/06/2013,23:45,0,0,0
19/06/2013,00:00,1,0,1
19/06/2013,00:15,0,0,0
19/06/2013,00:30,0,0,0
19/06/2013,00:45,0,0,0
19/06/2013,01:00,0,0,0
19/06/2013,01:15,0,0,0
19/06/2013,01:30,2,0,2
19/06/2013,01:45,1,0,1
19/06/2013,02:00,1,1,0
19/06/2013,02:15,1,0,1
19/06/2013,02:30,0,0,0
19/06/2013,02:45,0,0,0
19/06/2013,03:00,0,0,0
19/06/2013,03:15,0,0,0
19/06/2013,03:30,0,0,0
19/06/2013,03:45,1,1,0
19/06/2013,04:00,4,2,2
19/06/2013,04:15,0,0,0
19/06/2013,04:30,0,0,0
19/06/2013,04:45,2,0,2
19/06/2013,05:00,3,3,0
19/06/2013,05:15,0,0,0
19/06/2013,05:30,7,3,4
19/06/2013,05:45,14,8,6
19/06/2013,06:00,18,7,11
19/06/2013,06:15,16,6,10
19/06/2013,06:30,23,8,15
19/06/2013,06:45,33,15,18
19/06/2013,07:00,32,10,22
19/06/2013,07:15,38,11,27
19/06/2013,07:30,46,9,37
19/06/2013,07:45,35,12,23
19/06/2013,08:00,42,14,28
19/06/2013,08:15,29,13,16
19/06/2013,08:30,35,10,25
19/06/2013,08:45,38,16,22
19/06/2013,09:00,31,12,19
19/06/2013,09:15,18,8,10
19/06/2013,09:30,25,7,18
19/06/2013,09:45,13,6,7
19/06/2013,10:00,16,5,11
19/06/2013,10:15,9,5,4
19/06/2013,10:30,29,5,24
19/06/2013,10:45,15,4,11
19/06/2013,11:00,13,5,8
19/06/2013,11:15,17,6,11
19/06/2013,11:30,13,4,9
19/06/2013,11:45,12,2,10
19/06/2013,12:00,14,5,9
19/06/2013,12:15,14,4,10
19/06/2013,12:30,13,6,7
19/06/2013,12:45,8,3,5
19/06/2013,13:00,10,5,5
19/06/2013,13:15,17,8,9
19/06/2013,13:30,9,3,6
19/06/2013,13:45,10,5,5
19/06/2013,14:00,7,4,3
19/06/2013,14:15,34,24,10
19/06/2013,14:30,20,8,12
19/06/2013,14:45,22,14,8
19/06/2013,15:00,6,2,4
19/06/2013,15:15,22,10,12
19/06/2013,15:30,29,22,7
19/06/2013,15:45,23,10,13
19/06/2013,16:00,21,7,14
19/06/2013,16:15,22,14,8
19/06/2013,16:30,33,19,14
19/06/2013,16:45,37,17,20
19/06/2013,17:00,39,16,23
19/06/2013,17:15,45,23,22
19/06/2013,17:30,57,29,28
19/06/2013,17:45,59,23,36
19/06/2013,18:00,57,35,22
19/06/2013,18:15,58,33,25
19/06/2013,18:30,63,30,33
19/06/2013,18:45,47,24,23
19/06/2013,19:00,69,31,38
19/06/2013,19:15,37,16,21
19/06/2013,19:30,57,21,36
19/06/2013,19:45,42,22,20
19/06/2013,20:00,36,22,14
19/06/2013,20:15,32,17,15
19/06/2013,20:30,17,8,9
19/06/2013,20:45,16,11,5
19/06/2013,21:00,14,3,11
19/06/2013,21:15,5,2,3
19/06/2013,21:30,15,6,9
19/06/2013,21:45,8,5,3
19/06/2013,22:00,3,2,1
19/06/2013,22:15,1,0,1
19/06/2013,22:30,4,3,1
19/06/2013,22:45,3,2,1
19/06/2013,23:00,1,1,0
19/06/2013,23:15,2,0,2
19/06/2013,23:30,2,1,1
19/06/2013,23:45,2,1,1
20/06/2013,00:00,2,1,1
20/06/2013,00:15,1,0,1
20/06/2013,00:30,1,0,1
20/06/2013,00:45,1,0,1
20/06/2013,01:00,0,0,0
20/06/2013,01:15,0,0,0
20/06/2013,01:30,1,0,1
20/06/2013,01:45,0,0,0
20/06/2013,02:00,4,2,2
20/06/2013,02:15,0,0,0
20/06/2013,02:30,0,0,0
20/06/2013,02:45,0,0,0
20/06/2013,03:00,2,2,0
20/06/2013,03:15,0,0,0
20/06/2013,03:30,0,0,0
20/06/2013,03:45,1,1,0
20/06/2013,04:00,2,2,0
20/06/2013,04:15,0,0,0
20/06/2013,04:30,3,3,0
20/06/2013,04:45,0,0,0
20/06/2013,05:00,3,2,1
20/06/2013,05:15,3,2,1
20/06/2013,05:30,10,5,5
20/06/2013,05:45,16,9,7
20/06/2013,06:00,25,14,11
20/06/2013,06:15,23,7,16
20/06/2013,06:30,25,11,14
20/06/2013,06:45,27,9,18
20/06/2013,07:00,43,19,24
20/06/2013,07:15,40,18,22
20/06/2013,07:30,41,15,26
20/06/2013,07:45,34,13,21
20/06/2013,08:00,31,13,18
20/06/2013,08:15,36,5,31
20/06/2013,08:30,29,11,18
20/06/2013,08:45,25,7,18
20/06/2013,09:00,33,12,21
20/06/2013,09:15,19,11,8
20/06/2013,09:30,9,5,4
20/06/2013,09:45,22,5,17
20/06/2013,10:00,20,8,12
20/06/2013,10:15,16,8,8
20/06/2013,10:30,20,12,8
20/06/2013,10:45,16,8,8
20/06/2013,11:00,19,15,4
20/06/2013,11:15,15,9,6
20/06/2013,11:30,22,10,12
20/06/2013,11:45,11,3,8
20/06/2013,12:00,19,10,9
20/06/2013,12:15,12,6,6
20/06/2013,12:30,22,16,6
20/06/2013,12:45,17,16,1
20/06/2013,13:00,14,9,5
20/06/2013,13:15,17,6,11
20/06/2013,13:30,10,5,5
20/06/2013,13:45,15,9,6
20/06/2013,14:00,13,4,9
20/06/2013,14:15,10,6,4
20/06/2013,14:30,21,8,13
20/06/2013,14:45,16,3,13
20/06/2013,15:00,16,7,9
20/06/2013,15:15,27,13,14
20/06/2013,15:30,11,4,7
20/06/2013,15:45,11,8,3
20/06/2013,16:00,22,9,13
20/06/2013,16:15,23,9,14
20/06/2013,16:30,16,8,8
20/06/2013,16:45,26,16,10
20/06/2013,17:00,51,26,25
20/06/2013,17:15,59,24,35
20/06/2013,17:30,40,13,27
20/06/2013,17:45,56,24,32
20/06/2013,18:00,68,38,30
20/06/2013,18:15,65,29,36
20/06/2013,18:30,54,25,29
20/06/2013,18:45,45,24,21
20/06/2013,19:00,39,18,21
20/06/2013,19:15,57,24,33
20/06/2013,19:30,37,15,22
20/06/2013,19:45,42,23,19
20/06/2013,20:00,27,16,11
20/06/2013,20:15,24,13,11
20/06/2013,20:30,20,11,9
20/06/2013,20:45,13,6,7
20/06/2013,21:00,11,5,6
20/06/2013,21:15,7,5,2
20/06/2013,21:30,5,2,3
20/06/2013,21:45,5,2,3
20/06/2013,22:00,3,1,2
20/06/2013,22:15,6,3,3
20/06/2013,22:30,3,1,2
20/06/2013,22:45,1,0,1
20/06/2013,23:00,2,0,2
20/06/2013,23:15,0,0,0
20/06/2013,23:30,1,0,1
20/06/2013,23:45,0,0,0
21/06/2013,00:00,3,1,2
21/06/2013,00:15,1,0,1
21/06/2013,00:30,1,0,1
21/06/2013,00:45,0,0,0
21/06/2013,01:00,0,0,0
21/06/2013,01:15,1,1,0
21/06/2013,01:30,0,0,0
21/06/2013,01:45,0,0,0
21/06/2013,02:00,0,0,0
21/06/2013,02:15,0,0,0
21/06/2013,02:30,0,0,0
21/06/2013,02:45,0,0,0
21/06/2013,03:00,0,0,0
21/06/2013,03:15,0,0,0
21/06/2013,03:30,0,0,0
21/06/2013,03:45,0,0,0
21/06/2013,04:00,5,3,2
21/06/2013,04:15,1,1,0
21/06/2013,04:30,0,0,0
21/06/2013,04:45,4,3,1
21/06/2013,05:00,2,1,1
21/06/2013,05:15,4,2,2
21/06/2013,05:30,6,4,2
21/06/2013,05:45,10,8,2
21/06/2013,06:00,21,13,8
21/06/2013,06:15,12,5,7
21/06/2013,06:30,29,18,11
21/06/2013,06:45,24,17,7
21/06/2013,07:00,24,14,10
21/06/2013,07:15,31,14,17
21/06/2013,07:30,41,17,24
21/06/2013,07:45,42,14,28
21/06/2013,08:00,31,7,24
21/06/2013,08:15,28,12,16
21/06/2013,08:30,27,6,21
21/06/2013,08:45,20,8,12
21/06/2013,09:00,21,16,5
21/06/2013,09:15,19,5,14
21/06/2013,09:30,21,11,10
21/06/2013,09:45,23,16,7
21/06/2013,10:00,18,8,10
21/06/2013,10:15,20,9,11
21/06/2013,10:30,21,13,8
21/06/2013,10:45,19,15,4
21/06/2013,11:00,33,20,13
21/06/2013,11:15,33,18,15
21/06/2013,11:30,24,8,16
21/06/2013,11:45,22,12,10
21/06/2013,12:00,22,14,8
21/06/2013,12:15,31,13,18
21/06/2013,12:30,16,8,8
21/06/2013,12:45,30,18,12
21/06/2013,13:00,16,8,8
21/06/2013,13:15,14,8,6
21/06/2013,13:30,23,8,15
21/06/2013,13:45,25,14,11
21/06/2013,14:00,22,13,9
21/06/2013,14:15,23,12,11
21/06/2013,14:30,25,13,12
21/06/2013,14:45,26,12,14
21/06/2013,15:00,38,17,21
21/06/2013,15:15,22,10,12
21/06/2013,15:30,35,22,13
21/06/2013,15:45,27,9,18
21/06/2013,16:00,28,14,14
21/06/2013,16:15,32,15,17
21/06/2013,16:30,44,20,24
21/06/2013,16:45,39,20,19
21/06/2013,17:00,47,17,30
21/06/2013,17:15,29,10,19
21/06/2013,17:30,45,21,24
21/06/2013,17:45,27,9,18
21/06/2013,18:00,39,11,28
21/06/2013,18:15,50,15,35
21/06/2013,18:30,38,18,20
21/06/2013,18:45,31,11,20
21/06/2013,19:00,26,14,12
21/06/2013,19:15,37,19,18
21/06/2013,19:30,34,17,17
21/06/2013,19:45,32,14,18
21/06/2013,20:00,16,10,6
21/06/2013,20:15,24,10,14
21/06/2013,20:30,19,11,8
21/06/2013,20:45,14,6,8
21/06/2013,21:00,8,3,5
21/06/2013,21:15,7,3,4
21/06/2013,21:30,9,5,4
21/06/2013,21:45,8,4,4
21/06/2013,22:00,10,6,4
21/06/2013,22:15,5,3,2
21/06/2013,22:30,4,2,2
21/06/2013,22:45,3,1,2
21/06/2013,23:00,6,2,4
21/06/2013,23:15,0,0,0
21/06/2013,23:30,3,2,1
21/06/2013,23:45,1,0,1
22/06/2013,00:00,4,1,3
22/06/2013,00:15,0,0,0
22/06/2013,00:30,2,0,2
22/06/2013,00:45,1,1,0
22/06/2013,01:00,1,1,0
22/06/2013,01:15,0,0,0
22/06/2013,01:30,1,0,1
22/06/2013,01:45,1,0,1
22/06/2013,02:00,1,1,0
22/06/2013,02:15,0,0,0
22/06/2013,02:30,0,0,0
22/06/2013,02:45,1,0,1
22/06/2013,03:00,0,0,0
22/06/2013,03:15,0,0,0
22/06/2013,03:30,0,0,0
22/06/2013,03:45,0,0,0
22/06/2013,04:00,0,0,0
22/06/2013,04:15,1,1,0
22/06/2013,04:30,1,1,0
22/06/2013,04:45,0,0,0
22/06/2013,05:00,0,0,0
22/06/2013,05:15,1,1,0
22/06/2013,05:30,3,2,1
22/06/2013,05:45,7,5,2
22/06/2013,06:00,10,6,4
22/06/2013,06:15,8,3,5
22/06/2013,06:30,19,11,8
22/06/2013,06:45,15,11,4
22/06/2013,07:00,16,7,9
22/06/2013,07:15,22,13,9
22/06/2013,07:30,21,11,10
22/06/2013,07:45,18,11,7
22/06/2013,08:00,32,20,12
22/06/2013,08:15,32,9,23
22/06/2013,08:30,33,18,15
22/06/2013,08:45,27,14,13
22/06/2013,09:00,38,20,18
22/06/2013,09:15,45,18,27
22/06/2013,09:30,52,12,40
22/06/2013,09:45,56,28,28
22/06/2013,10:00,60,28,32
22/06/2013,10:15,45,15,30
22/06/2013,10:30,57,27,30
22/06/2013,10:45,60,20,40
22/06/2013,11:00,59,20,39
22/06/2013,11:15,58,26,32
22/06/2013,11:30,53,31,22
22/06/2013,11:45,41,28,13
22/06/2013,12:00,33,16,17
22/06/2013,12:15,63,32,31
22/06/2013,12:30,42,18,24
22/06/2013,12:45,54,30,24
22/06/2013,13:00,35,14,21
22/06/2013,13:15,33,17,16
22/06/2013,13:30,34,20,14
22/06/2013,13:45,43,25,18
22/06/2013,14:00,35,13,22
22/06/2013,14:15,34,16,18
22/06/2013,14:30,49,24,25
22/06/2013,14:45,26,11,15
22/06/2013,15:00,37,17,20
22/06/2013,15:15,36,26,10
22/06/2013,15:30,36,14,22
22/06/2013,15:45,24,14,10
22/06/2013,16:00,37,16,21
22/06/2013,16:15,31,11,20
22/06/2013,16:30,34,10,24
22/06/2013,16:45,31,15,16
22/06/2013,17:00,28,7,21
22/06/2013,17:15,39,17,22
22/06/2013,17:30,28,10,18
22/06/2013,17:45,36,15,21
22/06/2013,18:00,33,8,25
22/06/2013,18:15,30,16,14
22/06/2013,18:30,26,10,16
22/06/2013,18:45,20,9,11
22/06/2013,19:00,24,11,13
22/06/2013,19:15,17,6,11
22/06/2013,19:30,32,12,20
22/06/2013,19:45,21,7,14
22/06/2013,20:00,11,5,6
22/06/2013,20:15,30,22,8
22/06/2013,20:30,13,4,9
22/06/2013,20:45,10,7,3
22/06/2013,21:00,3,2,1
22/06/2013,21:15,7,5,2
22/06/2013,21:30,11,0,11
22/06/2013,21:45,6,4,2
22/06/2013,22:00,1,1,0
22/06/2013,22:15,1,1,0
22/06/2013,22:30,3,2,1
22/06/2013,22:45,4,3,1
22/06/2013,23:00,0,0,0
22/06/2013,23:15,3,2,1
22/06/2013,23:30,2,0,2
22/06/2013,23:45,1,0,1
23/06/2013,00:00,1,0,1
23/06/2013,00:15,2,2,0
23/06/2013,00:30,2,1,1
23/06/2013,00:45,4,1,3
23/06/2013,01:00,1,1,0
23/06/2013,01:15,4,2,2
23/06/2013,01:30,2,2,0
23/06/2013,01:45,0,0,0
23/06/2013,02:00,1,1,0
23/06/2013,02:15,0,0,0
23/06/2013,02:30,2,0,2
23/06/2013,02:45,4,2,2
23/06/2013,03:00,0,0,0
23/06/2013,03:15,0,0,0
23/06/2013,03:30,0,0,0
23/06/2013,03:45,0,0,0
23/06/2013,04:00,0,0,0
23/06/2013,04:15,0,0,0
23/06/2013,04:30,0,0,0
23/06/2013,04:45,1,1,0
23/06/2013,05:00,2,0,2
23/06/2013,05:15,1,1,0
23/06/2013,05:30,3,0,3
23/06/2013,05:45,6,4,2
23/06/2013,06:00,7,5,2
23/06/2013,06:15,6,3,3
23/06/2013,06:30,9,4,5
23/06/2013,06:45,10,5,5
23/06/2013,07:00,7,3,4
23/06/2013,07:15,10,5,5
23/06/2013,07:30,17,10,7
23/06/2013,07:45,25,10,15
23/06/2013,08:00,18,9,9
23/06/2013,08:15,10,6,4
23/06/2013,08:30,17,14,3
23/06/2013,08:45,6,6,0
23/06/2013,09:00,7,5,2
23/06/2013,09:15,3,2,1
23/06/2013,09:30,8,4,4
23/06/2013,09:45,11,9,2
23/06/2013,10:00,2,2,0
23/06/2013,10:15,2,1,1
23/06/2013,10:30,11,8,3
23/06/2013,10:45,5,2,3
23/06/2013,11:00,5,1,4
23/06/2013,11:15,9,3,6
23/06/2013,11:30,8,3,5
23/06/2013,11:45,7,4,3
23/06/2013,12:00,7,2,5
23/06/2013,12:15,16,9,7
23/06/2013,12:30,14,3,11
23/06/2013,12:45,21,4,17
23/06/2013,13:00,14,6,8
23/06/2013,13:15,14,6,8
23/06/2013,13:30,16,8,8
23/06/2013,13:45,12,3,9
23/06/2013,14:00,23,12,11
23/06/2013,14:15,25,7,18
23/06/2013,14:30,25,4,21
23/06/2013,14:45,27,11,16
23/06/2013,15:00,28,6,22
23/06/2013,15:15,22,9,13
23/06/2013,15:30,30,7,23
23/06/2013,15:45,25,9,16
23/06/2013,16:00,47,19,28
23/06/2013,16:15,32,16,16
23/06/2013,16:30,20,10,10
23/06/2013,16:45,35,13,22
23/06/2013,17:00,32,12,20
23/06/2013,17:15,31,11,20
23/06/2013,17:30,32,11,21
23/06/2013,17:45,33,11,22
23/06/2013,18:00,32,15,17
23/06/2013,18:15,17,9,8
23/06/2013,18:30,26,13,13
23/06/2013,18:45,26,8,18
23/06/2013,19:00,26,9,17
23/06/2013,19:15,24,10,14
23/06/2013,19:30,19,8,11
23/06/2013,19:45,30,12,18
23/06/2013,20:00,17,6,11
23/06/2013,20:15,21,13,8
23/06/2013,20:30,16,8,8
23/06/2013,20:45,15,6,9
23/06/2013,21:00,13,5,8
23/06/2013,21:15,8,3,5
23/06/2013,21:30,6,0,6
23/06/2013,21:45,2,1,1
23/06/2013,22:00,4,2,2
23/06/2013,22:15,1,1,0
23/06/2013,22:30,1,1,0
23/06/2013,22:45,1,1,0
23/06/2013,23:00,2,1,1
23/06/2013,23:15,0,0,0
23/06/2013,23:30,2,0,2
23/06/2013,23:45,1,1,0
24/06/2013,00:00,0,0,0
24/06/2013,00:15,2,2,0
24/06/2013,00:30,0,0,0
24/06/2013,00:45,0,0,0
24/06/2013,01:00,0,0,0
24/06/2013,01:15,1,0,1
24/06/2013,01:30,0,0,0
24/06/2013,01:45,2,0,2
24/06/2013,02:00,0,0,0
24/06/2013,02:15,0,0,0
24/06/2013,02:30,1,1,0
24/06/2013,02:45,0,0,0
24/06/2013,03:00,0,0,0
24/06/2013,03:15,0,0,0
24/06/2013,03:30,0,0,0
24/06/2013,03:45,1,1,0
24/06/2013,04:00,2,0,2
24/06/2013,04:15,1,1,0
24/06/2013,04:30,1,1,0
24/06/2013,04:45,2,1,1
24/06/2013,05:00,4,2,2
24/06/2013,05:15,2,1,1
24/06/2013,05:30,8,5,3
24/06/2013,05:45,19,10,9
24/06/2013,06:00,17,8,9
24/06/2013,06:15,21,9,12
24/06/2013,06:30,24,6,18
24/06/2013,06:45,28,10,18
24/06/2013,07:00,32,11,21
24/06/2013,07:15,39,13,26
24/06/2013,07:30,48,22,26
24/06/2013,07:45,31,17,14
24/06/2013,08:00,36,14,22
24/06/2013,08:15,22,7,15
24/06/2013,08:30,23,9,14
24/06/2013,08:45,29,14,15
24/06/2013,09:00,18,6,12
24/06/2013,09:15,11,5,6
24/06/2013,09:30,14,5,9
24/06/2013,09:45,17,6,11
24/06/2013,10:00,13,7,6
24/06/2013,10:15,11,3,8
24/06/2013,10:30,14,5,9
24/06/2013,10:45,20,9,11
24/06/2013,11:00,14,8,6
24/06/2013,11:15,20,9,11
24/06/2013,11:30,22,8,14
24/06/2013,11:45,12,8,4
24/06/2013,12:00,18,3,15
24/06/2013,12:15,18,11,7
24/06/2013,12:30,10,5,5
24/06/2013,12:45,10,6,4
24/06/2013,13:00,16,10,6
24/06/2013,13:15,10,5,5
24/06/2013,13:30,3,0,3
24/06/2013,13:45,12,8,4
24/06/2013,14:00,18,12,6
24/06/2013,14:15,11,4,7
24/06/2013,14:30,19,9,10
24/06/2013,14:45,16,9,7
24/06/2013,15:00,20,13,7
24/06/2013,15:15,19,12,7
24/06/2013,15:30,16,12,4
24/06/2013,15:45,21,11,10
24/06/2013,16:00,13,6,7
24/06/2013,16:15,21,14,7
24/06/2013,16:30,16,9,7
24/06/2013,16:45,14,10,4
24/06/2013,17:00,13,11,2
24/06/2013,17:15,25,17,8
24/06/2013,17:30,23,13,10
24/06/2013,17:45,23,12,11
24/06/2013,18:00,24,12,12
24/06/2013,18:15,25,8,17
24/06/2013,18:30,31,14,17
24/06/2013,18:45,31,13,18
24/06/2013,19:00,22,12,10
24/06/2013,19:15,29,10,19
24/06/2013,19:30,26,13,13
24/06/2013,19:45,24,11,13
24/06/2013,20:00,29,13,16
24/06/2013,20:15,25,14,11
24/06/2013,20:30,20,6,14
24/06/2013,20:45,12,4,8
24/06/2013,21:00,10,6,4
24/06/2013,21:15,13,5,8
24/06/2013,21:30,5,2,3
24/06/2013,21:45,5,1,4
24/06/2013,22:00,5,3,2
24/06/2013,22:15,2,2,0
24/06/2013,22:30,0,0,0
24/06/2013,22:45,0,0,0
24/06/2013,23:00,0,0,0
24/06/2013,23:15,0,0,0
24/06/2013,23:30,0,0,0
24/06/2013,23:45,0,0,0
25/06/2013,00:00,2,1,1
25/06/2013,00:15,0,0,0
25/06/2013,00:30,0,0,0
25/06/2013,00:45,3,2,1
25/06/2013,01:00,1,0,1
25/06/2013,01:15,0,0,0
25/06/2013,01:30,0,0,0
25/06/2013,01:45,0,0,0
25/06/2013,02:00,0,0,0
25/06/2013,02:15,2,2,0
25/06/2013,02:30,0,0,0
25/06/2013,02:45,0,0,0
25/06/2013,03:00,0,0,0
25/06/2013,03:15,0,0,0
25/06/2013,03:30,0,0,0
25/06/2013,03:45,1,1,0
25/06/2013,04:00,1,1,0
25/06/2013,04:15,2,1,1
25/06/2013,04:30,1,1,0
25/06/2013,04:45,2,1,1
25/06/2013,05:00,4,2,2
25/06/2013,05:15,3,1,2
25/06/2013,05:30,12,6,6
25/06/2013,05:45,14,7,7
25/06/2013,06:00,24,11,13
25/06/2013,06:15,26,14,12
25/06/2013,06:30,32,17,15
25/06/2013,06:45,35,15,20
25/06/2013,07:00,30,13,17
25/06/2013,07:15,33,13,20
25/06/2013,07:30,30,13,17
25/06/2013,07:45,37,14,23
25/06/2013,08:00,39,16,23
25/06/2013,08:15,17,10,7
25/06/2013,08:30,17,10,7
25/06/2013,08:45,27,12,15
25/06/2013,09:00,31,10,21
25/06/2013,09:15,20,10,10
25/06/2013,09:30,22,10,12
25/06/2013,09:45,17,7,10
25/06/2013,10:00,15,9,6
25/06/2013,10:15,17,7,10
25/06/2013,10:30,11,5,6
25/06/2013,10:45,16,12,4
25/06/2013,11:00,19,15,4
25/06/2013,11:15,13,7,6
25/06/2013,11:30,14,6,8
25/06/2013,11:45,8,5,3
25/06/2013,12:00,11,4,7
25/06/2013,12:15,9,5,4
25/06/2013,12:30,13,7,6
25/06/2013,12:45,9,5,4
25/06/2013,13:00,20,7,13
25/06/2013,13:15,10,5,5
25/06/2013,13:30,9,5,4
25/06/2013,13:45,6,3,3
25/06/2013,14:00,13,8,5
25/06/2013,14:15,26,17,9
25/06/2013,14:30,8,5,3
25/06/2013,14:45,9,5,4
25/06/2013,15:00,18,11,7
25/06/2013,15:15,22,16,6
25/06/2013,15:30,11,6,5
25/06/2013,15:45,15,6,9
25/06/2013,16:00,18,12,6
25/06/2013,16:15,21,9,12
25/06/2013,16:30,20,14,6
25/06/2013,16:45,36,27,9
25/06/2013,17:00,34,19,15
25/06/2013,17:15,38,25,13
25/06/2013,17:30,37,26,11
25/06/2013,17:45,56,33,23
25/06/2013,18:00,65,49,16
25/06/2013,18:15,48,28,20
25/06/2013,18:30,42,29,13
25/06/2013,18:45,53,35,18
25/06/2013,19:00,37,27,10
25/06/2013,19:15,44,21,23
25/06/2013,19:30,36,21,15
25/06/2013,19:45,32,18,14
25/06/2013,20:00,37,27,10
25/06/2013,20:15,33,17,16
25/06/2013,20:30,28,14,14
25/06/2013,20:45,13,8,5
25/06/2013,21:00,12,8,4
25/06/2013,21:15,14,9,5
25/06/2013,21:30,1,1,0
25/06/2013,21:45,1,0,1
25/06/2013,22:00,6,4,2
25/06/2013,22:15,5,3,2
25/06/2013,22:30,2,2,0
25/06/2013,22:45,0,0,0
25/06/2013,23:00,0,0,0
25/06/2013,23:15,0,0,0
25/06/2013,23:30,2,0,2
25/06/2013,23:45,0,0,0
26/06/2013,00:00,1,1,0
26/06/2013,00:15,0,0,0
26/06/2013,00:30,1,0,1
26/06/2013,00:45,2,1,1
26/06/2013,01:00,1,0,1
26/06/2013,01:15,0,0,0
26/06/2013,01:30,0,0,0
26/06/2013,01:45,0,0,0
26/06/2013,02:00,0,0,0
26/06/2013,02:15,0,0,0
26/06/2013,02:30,0,0,0
26/06/2013,02:45,1,1,0
26/06/2013,03:00,0,0,0
26/06/2013,03:15,1,1,0
26/06/2013,03:30,0,0,0
26/06/2013,03:45,0,0,0
26/06/2013,04:00,3,1,2
26/06/2013,04:15,1,1,0
26/06/2013,04:30,0,0,0
26/06/2013,04:45,2,1,1
26/06/2013,05:00,4,1,3
26/06/2013,05:15,4,1,3
26/06/2013,05:30,7,6,1
26/06/2013,05:45,12,5,7
26/06/2013,06:00,20,10,10
26/06/2013,06:15,17,7,10
26/06/2013,06:30,20,7,13
26/06/2013,06:45,27,11,16
26/06/2013,07:00,40,23,17
26/06/2013,07:15,29,13,16
26/06/2013,07:30,33,9,24
26/06/2013,07:45,42,12,30
26/06/2013,08:00,41,17,24
26/06/2013,08:15,29,12,17
26/06/2013,08:30,23,11,12
26/06/2013,08:45,19,7,12
26/06/2013,09:00,25,12,13
26/06/2013,09:15,15,9,6
26/06/2013,09:30,14,4,10
26/06/2013,09:45,11,4,7
26/06/2013,10:00,19,10,9
26/06/2013,10:15,12,4,8
26/06/2013,10:30,20,11,9
26/06/2013,10:45,19,10,9
26/06/2013,11:00,13,6,7
26/06/2013,11:15,15,8,7
26/06/2013,11:30,17,9,8
26/06/2013,11:45,18,10,8
26/06/2013,12:00,17,13,4
26/06/2013,12:15,19,15,4
26/06/2013,12:30,17,12,5
26/06/2013,12:45,20,14,6
26/06/2013,13:00,18,11,7
26/06/2013,13:15,11,7,4
26/06/2013,13:30,11,6,5
26/06/2013,13:45,16,12,4
26/06/2013,14:00,15,7,8
26/06/2013,14:15,13,4,9
26/06/2013,14:30,20,10,10
26/06/2013,14:45,8,3,5
26/06/2013,15:00,12,7,5
26/06/2013,15:15,11,5,6
26/06/2013,15:30,14,7,7
26/06/2013,15:45,12,8,4
26/06/2013,16:00,13,10,3
26/06/2013,16:15,22,9,13
26/06/2013,16:30,28,17,11
26/06/2013,16:45,28,17,11
26/06/2013,17:00,21,16,5
26/06/2013,17:15,23,15,8
26/06/2013,17:30,19,10,9
26/06/2013,17:45,37,22,15
26/06/2013,18:00,32,17,15
26/06/2013,18:15,24,15,9
26/06/2013,18:30,35,15,20
26/06/2013,18:45,37,15,22
26/06/2013,19:00,30,19,11
26/06/2013,19:15,23,11,12
26/06/2013,19:30,23,8,15
26/06/2013,19:45,23,11,12
26/06/2013,20:00,14,8,6
26/06/2013,20:15,13,7,6
26/06/2013,20:30,12,5,7
26/06/2013,20:45,11,5,6
26/06/2013,21:00,7,4,3
26/06/2013,21:15,8,6,2
26/06/2013,21:30,5,3,2
26/06/2013,21:45,2,1,1
26/06/2013,22:00,5,5,0
26/06/2013,22:15,2,1,1
26/06/2013,22:30,3,0,3
26/06/2013,22:45,1,1,0
26/06/2013,23:00,0,0,0
26/06/2013,23:15,0,0,0
26/06/2013,23:30,0,0,0
26/06/2013,23:45,1,1,0
27/06/2013,00:00,1,0,1
27/06/2013,00:15,0,0,0
27/06/2013,00:30,0,0,0
27/06/2013,00:45,0,0,0
27/06/2013,01:00,2,1,1
27/06/2013,01:15,0,0,0
27/06/2013,01:30,0,0,0
27/06/2013,01:45,0,0,0
27/06/2013,02:00,0,0,0
27/06/2013,02:15,1,0,1
27/06/2013,02:30,0,0,0
27/06/2013,02:45,1,0,1
27/06/2013,03:00,0,0,0
27/06/2013,03:15,0,0,0
27/06/2013,03:30,0,0,0
27/06/2013,03:45,0,0,0
27/06/2013,04:00,2,2,0
27/06/2013,04:15,2,1,1
27/06/2013,04:30,2,1,1
27/06/2013,04:45,3,2,1
27/06/2013,05:00,2,1,1
27/06/2013,05:15,2,1,1
27/06/2013,05:30,7,4,3
27/06/2013,05:45,16,10,6
27/06/2013,06:00,21,8,13
27/06/2013,06:15,17,5,12
27/06/2013,06:30,24,11,13
27/06/2013,06:45,24,11,13
27/06/2013,07:00,19,9,10
27/06/2013,07:15,24,9,15
27/06/2013,07:30,30,11,19
27/06/2013,07:45,24,12,12
27/06/2013,08:00,20,7,13
27/06/2013,08:15,22,7,15
27/06/2013,08:30,21,8,13
27/06/2013,08:45,21,7,14
27/06/2013,09:00,27,11,16
27/06/2013,09:15,12,5,7
27/06/2013,09:30,25,12,13
27/06/2013,09:45,18,6,12
27/06/2013,10:00,17,7,10
27/06/2013,10:15,22,6,16
27/06/2013,10:30,9,5,4
27/06/2013,10:45,19,4,15
27/06/2013,11:00,8,4,4
27/06/2013,11:15,8,3,5
27/06/2013,11:30,13,7,6
27/06/2013,11:45,10,1,9
27/06/2013,12:00,14,3,11
27/06/2013,12:15,10,4,6
27/06/2013,12:30,11,3,8
27/06/2013,12:45,6,3,3
27/06/2013,13:00,11,7,4
27/06/2013,13:15,11,5,6
27/06/2013,13:30,14,7,7
27/06/2013,13:45,16,6,10
27/06/2013,14:00,9,2,7
27/06/2013,14:15,15,3,12
27/06/2013,14:30,11,2,9
27/06/2013,14:45,14,4,10
27/06/2013,15:00,13,7,6
27/06/2013,15:15,5,3,2
27/06/2013,15:30,7,4,3
27/06/2013,15:45,14,6,8
27/06/2013,16:00,7,4,3
27/06/2013,16:15,14,7,7
27/06/2013,16:30,7,4,3
27/06/2013,16:45,13,6,7
27/06/2013,17:00,19,10,9
27/06/2013,17:15,25,12,13
27/06/2013,17:30,25,17,8
27/06/2013,17:45,23,12,11
27/06/2013,18:00,31,3,28
27/06/2013,18:15,29,12,17
27/06/2013,18:30,31,11,20
27/06/2013,18:45,33,8,25
27/06/2013,19:00,37,18,19
27/06/2013,19:15,34,16,18
27/06/2013,19:30,34,16,18
27/06/2013,19:45,33,20,13
27/06/2013,20:00,19,7,12
27/06/2013,20:15,22,8,14
27/06/2013,20:30,12,5,7
27/06/2013,20:45,12,7,5
27/06/2013,21:00,10,5,5
27/06/2013,21:15,10,6,4
27/06/2013,21:30,5,4,1
27/06/2013,21:45,1,0,1
27/06/2013,22:00,7,1,6
27/06/2013,22:15,1,0,1
27/06/2013,22:30,3,0,3
27/06/2013,22:45,2,1,1
27/06/2013,23:00,1,0,1
27/06/2013,23:15,0,0,0
27/06/2013,23:30,0,0,0
27/06/2013,23:45,0,0,0
28/06/2013,00:00,2,0,2
28/06/2013,00:15,0,0,0
28/06/2013,00:30,0,0,0
28/06/2013,00:45,0,0,0
28/06/2013,01:00,3,1,2
28/06/2013,01:15,1,0,1
28/06/2013,01:30,0,0,0
28/06/2013,01:45,0,0,0
28/06/2013,02:00,0,0,0
28/06/2013,02:15,0,0,0
28/06/2013,02:30,1,1,0
28/06/2013,02:45,0,0,0
28/06/2013,03:00,0,0,0
28/06/2013,03:15,0,0,0
28/06/2013,03:30,0,0,0
28/06/2013,03:45,1,1,0
28/06/2013,04:00,0,0,0
28/06/2013,04:15,3,2,1
28/06/2013,04:30,0,0,0
28/06/2013,04:45,2,0,2
28/06/2013,05:00,2,1,1
28/06/2013,05:15,5,3,2
28/06/2013,05:30,10,7,3
28/06/2013,05:45,19,11,8
28/06/2013,06:00,15,8,7
28/06/2013,06:15,17,6,11
28/06/2013,06:30,24,10,14
28/06/2013,06:45,25,7,18
28/06/2013,07:00,18,7,11
28/06/2013,07:15,25,9,16
28/06/2013,07:30,29,11,18
28/06/2013,07:45,29,9,20
28/06/2013,08:00,31,12,19
28/06/2013,08:15,31,12,19
28/06/2013,08:30,23,5,18
28/06/2013,08:45,20,8,12
28/06/2013,09:00,30,14,16
28/06/2013,09:15,29,13,16
28/06/2013,09:30,18,7,11
28/06/2013,09:45,13,7,6
28/06/2013,10:00,20,9,11
28/06/2013,10:15,20,11,9
28/06/2013,10:30,19,7,12
28/06/2013,10:45,21,6,15
28/06/2013,11:00,19,12,7
28/06/2013,11:15,24,19,5
28/06/2013,11:30,21,7,14
28/06/2013,11:45,9,2,7
28/06/2013,12:00,26,18,8
28/06/2013,12:15,32,22,10
28/06/2013,12:30,18,8,10
28/06/2013,12:45,3,3,0
28/06/2013,13:00,18,11,7
28/06/2013,13:15,12,9,3
28/06/2013,13:30,27,18,9
28/06/2013,13:45,23,17,6
28/06/2013,14:00,18,14,4
28/06/2013,14:15,11,8,3
28/06/2013,14:30,26,16,10
28/06/2013,14:45,16,9,7
28/06/2013,15:00,12,7,5
28/06/2013,15:15,18,13,5
28/06/2013,15:30,31,30,1
28/06/2013,15:45,35,35,0
28/06/2013,16:00,3,2,1
28/06/2013,16:15,5,2,3
28/06/2013,16:30,17,9,8
28/06/2013,16:45,23,10,13
28/06/2013,17:00,15,14,1
28/06/2013,17:15,17,12,5
28/06/2013,17:30,19,16,3
28/06/2013,17:45,27,20,7
28/06/2013,18:00,20,17,3
28/06/2013,18:15,286,285,1
28/06/2013,18:30,401,401,0
28/06/2013,18:45,59,58,1
28/06/2013,19:00,42,42,0
28/06/2013,19:15,218,216,2
28/06/2013,19:30,236,236,0
28/06/2013,19:45,7,7,0
28/06/2013,20:00,10,9,1
28/06/2013,20:15,89,85,4
28/06/2013,20:30,11,10,1
28/06/2013,20:45,7,4,3
28/06/2013,21:00,5,4,1
28/06/2013,21:15,6,5,1
28/06/2013,21:30,1,1,0
28/06/2013,21:45,2,2,0
28/06/2013,22:00,1,0,1
28/06/2013,22:15,5,5,0
28/06/2013,22:30,8,7,1
28/06/2013,22:45,16,16,0
28/06/2013,23:00,6,4,2
28/06/2013,23:15,3,3,0
28/06/2013,23:30,2,2,0
28/06/2013,23:45,1,1,0
29/06/2013,00:00,1,1,0
29/06/2013,00:15,0,0,0
29/06/2013,00:30,1,1,0
29/06/2013,00:45,2,2,0
29/06/2013,01:00,3,3,0
29/06/2013,01:15,2,2,0
29/06/2013,01:30,1,1,0
29/06/2013,01:45,1,1,0
29/06/2013,02:00,0,0,0
29/06/2013,02:15,0,0,0
29/06/2013,02:30,0,0,0
29/06/2013,02:45,1,1,0
29/06/2013,03:00,1,1,0
29/06/2013,03:15,0,0,0
29/06/2013,03:30,1,0,1
29/06/2013,03:45,0,0,0
29/06/2013,04:00,0,0,0
29/06/2013,04:15,1,0,1
29/06/2013,04:30,0,0,0
29/06/2013,04:45,2,1,1
29/06/2013,05:00,1,1,0
29/06/2013,05:15,2,1,1
29/06/2013,05:30,7,4,3
29/06/2013,05:45,6,4,2
29/06/2013,06:00,5,2,3
29/06/2013,06:15,9,6,3
29/06/2013,06:30,19,16,3
29/06/2013,06:45,11,9,2
29/06/2013,07:00,20,14,6
29/06/2013,07:15,11,7,4
29/06/2013,07:30,21,16,5
29/06/2013,07:45,26,18,8
29/06/2013,08:00,30,18,12
29/06/2013,08:15,40,30,10
29/06/2013,08:30,55,32,23
29/06/2013,08:45,69,57,12
29/06/2013,09:00,48,31,17
29/06/2013,09:15,57,22,35
29/06/2013,09:30,49,26,23
29/06/2013,09:45,48,23,25
29/06/2013,10:00,51,12,39
29/06/2013,10:15,55,30,25
29/06/2013,10:30,34,13,21
29/06/2013,10:45,45,15,30
29/06/2013,11:00,70,32,38
29/06/2013,11:15,43,19,24
29/06/2013,11:30,60,26,34
29/06/2013,11:45,59,20,39
29/06/2013,12:00,53,26,27
29/06/2013,12:15,43,22,21
29/06/2013,12:30,57,23,34
29/06/2013,12:45,39,13,26
29/06/2013,13:00,58,32,26
29/06/2013,13:15,47,30,17
29/06/2013,13:30,26,14,12
29/06/2013,13:45,38,13,25
29/06/2013,14:00,47,22,25
29/06/2013,14:15,48,17,31
29/06/2013,14:30,35,19,16
29/06/2013,14:45,32,18,14
29/06/2013,15:00,36,17,19
29/06/2013,15:15,33,19,14
29/06/2013,15:30,29,13,16
29/06/2013,15:45,38,14,24
29/06/2013,16:00,44,15,29
29/06/2013,16:15,29,9,20
29/06/2013,16:30,35,15,20
29/06/2013,16:45,28,13,15
29/06/2013,17:00,26,13,13
29/06/2013,17:15,24,12,12
29/06/2013,17:30,23,13,10
29/06/2013,17:45,24,15,9
29/06/2013,18:00,22,8,14
29/06/2013,18:15,22,11,11
29/06/2013,18:30,22,10,12
29/06/2013,18:45,32,13,19
29/06/2013,19:00,24,14,10
29/06/2013,19:15,21,8,13
29/06/2013,19:30,18,10,8
29/06/2013,19:45,12,6,6
29/06/2013,20:00,22,11,11
29/06/2013,20:15,22,11,11
29/06/2013,20:30,20,8,12
29/06/2013,20:45,18,9,9
29/06/2013,21:00,1,0,1
29/06/2013,21:15,9,5,4
29/06/2013,21:30,2,2,0
29/06/2013,21:45,4,1,3
29/06/2013,22:00,3,0,3
29/06/2013,22:15,2,2,0
29/06/2013,22:30,1,1,0
29/06/2013,22:45,2,1,1
29/06/2013,23:00,2,2,0
29/06/2013,23:15,2,1,1
29/06/2013,23:30,2,1,1
29/06/2013,23:45,0,0,0
30/06/2013,00:00,3,3,0
30/06/2013,00:15,2,1,1
30/06/2013,00:30,5,3,2
30/06/2013,00:45,6,2,4
30/06/2013,01:00,0,0,0
30/06/2013,01:15,0,0,0
30/06/2013,01:30,2,0,2
30/06/2013,01:45,2,0,2
30/06/2013,02:00,2,1,1
30/06/2013,02:15,11,5,6
30/06/2013,02:30,0,0,0
30/06/2013,02:45,1,0,1
30/06/2013,03:00,3,2,1
30/06/2013,03:15,3,1,2
30/06/2013,03:30,2,0,2
30/06/2013,03:45,0,0,0
30/06/2013,04:00,0,0,0
30/06/2013,04:15,2,0,2
30/06/2013,04:30,1,0,1
30/06/2013,04:45,1,0,1
30/06/2013,05:00,1,1,0
30/06/2013,05:15,6,3,3
30/06/2013,05:30,2,1,1
30/06/2013,05:45,4,3,1
30/06/2013,06:00,5,4,1
30/06/2013,06:15,7,5,2
30/06/2013,06:30,8,4,4
30/06/2013,06:45,8,4,4
30/06/2013,07:00,12,8,4
30/06/2013,07:15,8,5,3
30/06/2013,07:30,12,6,6
30/06/2013,07:45,11,8,3
30/06/2013,08:00,23,16,7
30/06/2013,08:15,26,17,9
30/06/2013,08:30,26,15,11
30/06/2013,08:45,15,9,6
30/06/2013,09:00,29,21,8
30/06/2013,09:15,24,17,7
30/06/2013,09:30,37,29,8
30/06/2013,09:45,49,39,10
30/06/2013,10:00,35,24,11
30/06/2013,10:15,26,23,3
30/06/2013,10:30,30,22,8
30/06/2013,10:45,24,21,3
30/06/2013,11:00,33,22,11
30/06/2013,11:15,15,6,9
30/06/2013,11:30,19,9,10
30/06/2013,11:45,27,12,15
30/06/2013,12:00,22,7,15
30/06/2013,12:15,33,20,13
30/06/2013,12:30,23,12,11
30/06/2013,12:45,21,9,12
30/06/2013,13:00,23,11,12
30/06/2013,13:15,26,8,18
30/06/2013,13:30,26,8,18
30/06/2013,13:45,23,6,17
30/06/2013,14:00,30,14,16
30/06/2013,14:15,27,8,19
30/06/2013,14:30,20,9,11
30/06/2013,14:45,36,16,20
30/06/2013,15:00,32,15,17
30/06/2013,15:15,14,8,6
30/06/2013,15:30,30,15,15
30/06/2013,15:45,29,12,17
30/06/2013,16:00,19,9,10
30/06/2013,16:15,23,6,17
30/06/2013,16:30,26,11,15
30/06/2013,16:45,27,6,21
30/06/2013,17:00,21,10,11
30/06/2013,17:15,19,7,12
30/06/2013,17:30,24,10,14
30/06/2013,17:45,27,19,8
30/06/2013,18:00,16,7,9
30/06/2013,18:15,13,7,6
30/06/2013,18:30,20,11,9
30/06/2013,18:45,12,9,3
30/06/2013,19:00,7,4,3
30/06/2013,19:15,9,5,4
30/06/2013,19:30,9,6,3
30/06/2013,19:45,7,2,5
30/06/2013,20:00,10,5,5
30/06/2013,20:15,22,9,13
30/06/2013,20:30,9,4,5
30/06/2013,20:45,7,2,5
30/06/2013,21:00,8,2,6
30/06/2013,21:15,7,6,1
30/06/2013,21:30,4,3,1
30/06/2013,21:45,2,0,2
30/06/2013,22:00,1,1,0
30/06/2013,22:15,2,2,0
30/06/2013,22:30,2,0,2
30/06/2013,22:45,4,1,3
30/06/2013,23:00,2,2,0
30/06/2013,23:15,0,0,0
30/06/2013,23:30,0,0,0
30/06/2013,23:45,1,0,1
01/07/2013,00:00,1,1,0
01/07/2013,00:15,3,1,2
01/07/2013,00:30,1,1,0
01/07/2013,00:45,0,0,0
01/07/2013,01:00,0,0,0
01/07/2013,01:15,1,1,0
01/07/2013,01:30,0,0,0
01/07/2013,01:45,0,0,0
01/07/2013,02:00,0,0,0
01/07/2013,02:15,0,0,0
01/07/2013,02:30,1,1,0
01/07/2013,02:45,0,0,0
01/07/2013,03:00,0,0,0
01/07/2013,03:15,0,0,0
01/07/2013,03:30,0,0,0
01/07/2013,03:45,2,1,1
01/07/2013,04:00,1,1,0
01/07/2013,04:15,2,2,0
01/07/2013,04:30,0,0,0
01/07/2013,04:45,2,1,1
01/07/2013,05:00,3,2,1
01/07/2013,05:15,2,0,2
01/07/2013,05:30,9,7,2
01/07/2013,05:45,11,7,4
01/07/2013,06:00,18,9,9
01/07/2013,06:15,14,5,9
01/07/2013,06:30,14,7,7
01/07/2013,06:45,43,21,22
01/07/2013,07:00,21,9,12
01/07/2013,07:15,23,8,15
01/07/2013,07:30,38,18,20
01/07/2013,07:45,18,8,10
01/07/2013,08:00,24,11,13
01/07/2013,08:15,19,10,9
01/07/2013,08:30,16,14,2
01/07/2013,08:45,12,10,2
01/07/2013,09:00,13,8,5
01/07/2013,09:15,12,8,4
01/07/2013,09:30,13,4,9
01/07/2013,09:45,9,6,3
01/07/2013,10:00,15,6,9
01/07/2013,10:15,6,4,2
01/07/2013,10:30,3,2,1
01/07/2013,10:45,2,1,1
01/07/2013,11:00,7,5,2
01/07/2013,11:15,4,4,0
01/07/2013,11:30,10,4,6
01/07/2013,11:45,3,2,1
01/07/2013,12:00,11,3,8
01/07/2013,12:15,1,0,1
01/07/2013,12:30,6,4,2
01/07/2013,12:45,1,1,0
01/07/2013,13:00,3,0,3
01/07/2013,13:15,6,1,5
01/07/2013,13:30,4,2,2
01/07/2013,13:45,8,3,5
01/07/2013,14:00,6,3,3
01/07/2013,14:15,11,5,6
01/07/2013,14:30,9,4,5
01/07/2013,14:45,11,4,7
01/07/2013,15:00,9,5,4
01/07/2013,15:15,12,5,7
01/07/2013,15:30,10,3,7
01/07/2013,15:45,7,3,4
01/07/2013,16:00,11,4,7
01/07/2013,16:15,14,4,10
01/07/2013,16:30,14,9,5
01/07/2013,16:45,19,9,10
01/07/2013,17:00,26,7,19
01/07/2013,17:15,31,10,21
01/07/2013,17:30,40,19,21
01/07/2013,17:45,36,24,12
01/07/2013,18:00,42,18,24
01/07/2013,18:15,40,11,29
01/07/2013,18:30,32,10,22
01/07/2013,18:45,35,19,16
01/07/2013,19:00,44,24,20
01/07/2013,19:15,28,16,12
01/07/2013,19:30,24,12,12
01/07/2013,19:45,34,19,15
01/07/2013,20:00,24,14,10
01/07/2013,20:15,23,13,10
01/07/2013,20:30,15,11,4
01/07/2013,20:45,11,5,6
01/07/2013,21:00,14,7,7
01/07/2013,21:15,7,4,3
01/07/2013,21:30,4,2,2
01/07/2013,21:45,5,2,3
01/07/2013,22:00,1,0,1
01/07/2013,22:15,1,0,1
01/07/2013,22:30,2,1,1
01/07/2013,22:45,3,1,2
01/07/2013,23:00,1,1,0
01/07/2013,23:15,0,0,0
01/07/2013,23:30,0,0,0
01/07/2013,23:45,2,0,2
02/07/2013,00:00,0,0,0
02/07/2013,00:15,1,0,1
02/07/2013,00:30,1,1,0
02/07/2013,00:45,0,0,0
02/07/2013,01:00,2,2,0
02/07/2013,01:15,0,0,0
02/07/2013,01:30,0,0,0
02/07/2013,01:45,0,0,0
02/07/2013,02:00,0,0,0
02/07/2013,02:15,0,0,0
02/07/2013,02:30,0,0,0
02/07/2013,02:45,0,0,0
02/07/2013,03:00,0,0,0
02/07/2013,03:15,0,0,0
02/07/2013,03:30,1,0,1
02/07/2013,03:45,1,0,1
02/07/2013,04:00,1,0,1
02/07/2013,04:15,5,4,1
02/07/2013,04:30,0,0,0
02/07/2013,04:45,0,0,0
02/07/2013,05:00,7,4,3
02/07/2013,05:15,7,3,4
02/07/2013,05:30,11,7,4
02/07/2013,05:45,16,5,11
02/07/2013,06:00,14,9,5
02/07/2013,06:15,16,9,7
02/07/2013,06:30,20,7,13
02/07/2013,06:45,28,11,17
02/07/2013,07:00,17,9,8
02/07/2013,07:15,39,22,17
02/07/2013,07:30,28,8,20
02/07/2013,07:45,22,10,12
02/07/2013,08:00,23,9,14
02/07/2013,08:15,19,8,11
02/07/2013,08:30,15,5,10
02/07/2013,08:45,25,12,13
02/07/2013,09:00,11,2,9
02/07/2013,09:15,13,4,9
02/07/2013,09:30,11,1,10
02/07/2013,09:45,7,2,5
02/07/2013,10:00,12,9,3
02/07/2013,10:15,8,4,4
02/07/2013,10:30,9,1,8
02/07/2013,10:45,11,3,8
02/07/2013,11:00,15,5,10
02/07/2013,11:15,13,5,8
02/07/2013,11:30,9,4,5
02/07/2013,11:45,20,13,7
02/07/2013,12:00,13,5,8
02/07/2013,12:15,8,1,7
02/07/2013,12:30,11,3,8
02/07/2013,12:45,8,4,4
02/07/2013,13:00,5,1,4
02/07/2013,13:15,12,4,8
02/07/2013,13:30,8,4,4
02/07/2013,13:45,12,1,11
02/07/2013,14:00,10,7,3
02/07/2013,14:15,6,2,4
02/07/2013,14:30,8,2,6
02/07/2013,14:45,7,3,4
02/07/2013,15:00,3,2,1
02/07/2013,15:15,6,3,3
02/07/2013,15:30,8,6,2
02/07/2013,15:45,11,3,8
02/07/2013,16:00,12,5,7
02/07/2013,16:15,9,4,5
02/07/2013,16:30,11,6,5
02/07/2013,16:45,21,13,8
02/07/2013,17:00,19,11,8
02/07/2013,17:15,15,4,11
02/07/2013,17:30,30,19,11
02/07/2013,17:45,27,14,13
02/07/2013,18:00,23,11,12
02/07/2013,18:15,26,12,14
02/07/2013,18:30,36,22,14
02/07/2013,18:45,24,9,15
02/07/2013,19:00,18,11,7
02/07/2013,19:15,15,9,6
02/07/2013,19:30,7,6,1
02/07/2013,19:45,15,6,9
02/07/2013,20:00,16,11,5
02/07/2013,20:15,15,8,7
02/07/2013,20:30,6,4,2
02/07/2013,20:45,3,3,0
02/07/2013,21:00,8,4,4
02/07/2013,21:15,6,4,2
02/07/2013,21:30,8,2,6
02/07/2013,21:45,3,1,2
02/07/2013,22:00,2,1,1
02/07/2013,22:15,5,2,3
02/07/2013,22:30,3,0,3
02/07/2013,22:45,4,2,2
02/07/2013,23:00,5,3,2
02/07/2013,23:15,1,0,1
02/07/2013,23:30,3,1,2
02/07/2013,23:45,0,0,0
03/07/2013,00:00,0,0,0
03/07/2013,00:15,1,0,1
03/07/2013,00:30,0,0,0
03/07/2013,00:45,4,3,1
03/07/2013,01:00,0,0,0
03/07/2013,01:15,0,0,0
03/07/2013,01:30,0,0,0
03/07/2013,01:45,0,0,0
03/07/2013,02:00,1,0,1
03/07/2013,02:15,0,0,0
03/07/2013,02:30,0,0,0
03/07/2013,02:45,0,0,0
03/07/2013,03:00,0,0,0
03/07/2013,03:15,0,0,0
03/07/2013,03:30,0,0,0
03/07/2013,03:45,1,0,1
03/07/2013,04:00,0,0,0
03/07/2013,04:15,2,2,0
03/07/2013,04:30,1,0,1
03/07/2013,04:45,1,1,0
03/07/2013,05:00,2,2,0
03/07/2013,05:15,1,1,0
03/07/2013,05:30,5,4,1
03/07/2013,05:45,8,7,1
03/07/2013,06:00,11,4,7
03/07/2013,06:15,9,3,6
03/07/2013,06:30,16,6,10
03/07/2013,06:45,14,4,10
03/07/2013,07:00,18,8,10
03/07/2013,07:15,18,8,10
03/07/2013,07:30,21,11,10
03/07/2013,07:45,17,9,8
03/07/2013,08:00,15,13,2
03/07/2013,08:15,7,4,3
03/07/2013,08:30,7,6,1
03/07/2013,08:45,5,3,2
03/07/2013,09:00,5,4,1
03/07/2013,09:15,6,2,4
03/07/2013,09:30,7,4,3
03/07/2013,09:45,10,4,6
03/07/2013,10:00,7,2,5
03/07/2013,10:15,2,0,2
03/07/2013,10:30,5,4,1
03/07/2013,10:45,5,1,4
03/07/2013,11:00,8,2,6
03/07/2013,11:15,3,1,2
03/07/2013,11:30,8,1,7
03/07/2013,11:45,11,4,7
03/07/2013,12:00,7,2,5
03/07/2013,12:15,4,1,3
03/07/2013,12:30,18,6,12
03/07/2013,12:45,8,8,0
03/07/2013,13:00,19,8,11
03/07/2013,13:15,18,6,12
03/07/2013,13:30,5,1,4
03/07/2013,13:45,18,8,10
03/07/2013,14:00,13,6,7
03/07/2013,14:15,13,4,9
03/07/2013,14:30,25,12,13
03/07/2013,14:45,26,6,20
03/07/2013,15:00,19,11,8
03/07/2013,15:15,19,8,11
03/07/2013,15:30,17,10,7
03/07/2013,15:45,19,14,5
03/07/2013,16:00,20,10,10
03/07/2013,16:15,38,15,23
03/07/2013,16:30,19,6,13
03/07/2013,16:45,29,7,22
03/07/2013,17:00,30,14,16
03/07/2013,17:15,21,11,10
03/07/2013,17:30,25,10,15
03/07/2013,17:45,24,14,10
03/07/2013,18:00,27,9,18
03/07/2013,18:15,32,13,19
03/07/2013,18:30,41,9,32
03/07/2013,18:45,29,13,16
03/07/2013,19:00,41,17,24
03/07/2013,19:15,213,140,73
03/07/2013,19:30,65,44,21
03/07/2013,19:45,21,16,5
03/07/2013,20:00,28,20,8
03/07/2013,20:15,17,15,2
03/07/2013,20:30,12,5,7
03/07/2013,20:45,5,4,1
03/07/2013,21:00,6,3,3
03/07/2013,21:15,6,1,5
03/07/2013,21:30,2,1,1
03/07/2013,21:45,1,1,0
03/07/2013,22:00,2,0,2
03/07/2013,22:15,4,3,1
03/07/2013,22:30,4,2,2
03/07/2013,22:45,5,0,5
03/07/2013,23:00,4,2,2
03/07/2013,23:15,0,0,0
03/07/2013,23:30,1,0,1
03/07/2013,23:45,1,0,1
04/07/2013,00:00,1,1,0
04/07/2013,00:15,2,0,2
04/07/2013,00:30,1,0,1
04/07/2013,00:45,3,0,3
04/07/2013,01:00,0,0,0
04/07/2013,01:15,0,0,0
04/07/2013,01:30,1,0,1
04/07/2013,01:45,1,0,1
04/07/2013,02:00,1,1,0
04/07/2013,02:15,0,0,0
04/07/2013,02:30,0,0,0
04/07/2013,02:45,1,1,0
04/07/2013,03:00,0,0,0
04/07/2013,03:15,0,0,0
04/07/2013,03:30,2,0,2
04/07/2013,03:45,1,0,1
04/07/2013,04:00,0,0,0
04/07/2013,04:15,0,0,0
04/07/2013,04:30,0,0,0
04/07/2013,04:45,0,0,0
04/07/2013,05:00,0,0,0
04/07/2013,05:15,3,2,1
04/07/2013,05:30,2,1,1
04/07/2013,05:45,4,2,2
04/07/2013,06:00,2,2,0
04/07/2013,06:15,6,4,2
04/07/2013,06:30,8,4,4
04/07/2013,06:45,10,6,4
04/07/2013,07:00,21,10,11
04/07/2013,07:15,13,7,6
04/07/2013,07:30,16,8,8
04/07/2013,07:45,30,20,10
04/07/2013,08:00,23,10,13
04/07/2013,08:15,42,24,18
04/07/2013,08:30,34,19,15
04/07/2013,08:45,29,13,16
04/07/2013,09:00,53,18,35
04/07/2013,09:15,53,18,35
04/07/2013,09:30,38,12,26
04/07/2013,09:45,61,21,40
04/07/2013,10:00,64,25,39
04/07/2013,10:15,51,16,35
04/07/2013,10:30,48,15,33
04/07/2013,10:45,44,25,19
04/07/2013,11:00,52,17,35
04/07/2013,11:15,35,14,21
04/07/2013,11:30,38,12,26
04/07/2013,11:45,47,19,28
04/07/2013,12:00,56,19,37
04/07/2013,12:15,40,14,26
04/07/2013,12:30,55,28,27
04/07/2013,12:45,53,22,31
04/07/2013,13:00,44,19,25
04/07/2013,13:15,37,20,17
04/07/2013,13:30,39,20,19
04/07/2013,13:45,33,18,15
04/07/2013,14:00,37,22,15
04/07/2013,14:15,30,10,20
04/07/2013,14:30,20,12,8
04/07/2013,14:45,33,16,17
04/07/2013,15:00,35,20,15
04/07/2013,15:15,20,9,11
04/07/2013,15:30,39,13,26
04/07/2013,15:45,30,18,12
04/07/2013,16:00,18,8,10
04/07/2013,16:15,24,13,11
04/07/2013,16:30,29,13,16
04/07/2013,16:45,26,13,13
04/07/2013,17:00,23,15,8
04/07/2013,17:15,15,9,6
04/07/2013,17:30,22,7,15
04/07/2013,17:45,25,6,19
04/07/2013,18:00,18,7,11
04/07/2013,18:15,22,10,12
04/07/2013,18:30,25,7,18
04/07/2013,18:45,7,1,6
04/07/2013,19:00,23,3,20
04/07/2013,19:15,19,4,15
04/07/2013,19:30,21,6,15
04/07/2013,19:45,33,12,21
04/07/2013,20:00,27,15,12
04/07/2013,20:15,20,10,10
04/07/2013,20:30,22,7,15
04/07/2013,20:45,21,9,12
04/07/2013,21:00,11,7,4
04/07/2013,21:15,5,4,1
04/07/2013,21:30,14,6,8
04/07/2013,21:45,19,11,8
04/07/2013,22:00,30,12,18
04/07/2013,22:15,58,28,30
04/07/2013,22:30,29,16,13
04/07/2013,22:45,19,13,6
04/07/2013,23:00,6,4,2
04/07/2013,23:15,6,2,4
04/07/2013,23:30,7,3,4
04/07/2013,23:45,1,1,0
05/07/2013,00:00,4,3,1
05/07/2013,00:15,1,1,0
05/07/2013,00:30,2,1,1
05/07/2013,00:45,1,0,1
05/07/2013,01:00,0,0,0
05/07/2013,01:15,1,0,1
05/07/2013,01:30,0,0,0
05/07/2013,01:45,0,0,0
05/07/2013,02:00,1,0,1
05/07/2013,02:15,0,0,0
05/07/2013,02:30,0,0,0
05/07/2013,02:45,1,0,1
05/07/2013,03:00,2,2,0
05/07/2013,03:15,0,0,0
05/07/2013,03:30,0,0,0
05/07/2013,03:45,0,0,0
05/07/2013,04:00,5,3,2
05/07/2013,04:15,3,0,3
05/07/2013,04:30,1,1,0
05/07/2013,04:45,2,1,1
05/07/2013,05:00,5,3,2
05/07/2013,05:15,2,0,2
05/07/2013,05:30,2,2,0
05/07/2013,05:45,6,3,3
05/07/2013,06:00,9,3,6
05/07/2013,06:15,6,0,6
05/07/2013,06:30,7,2,5
05/07/2013,06:45,22,8,14
05/07/2013,07:00,18,6,12
05/07/2013,07:15,13,4,9
05/07/2013,07:30,25,8,17
05/07/2013,07:45,28,11,17
05/07/2013,08:00,21,10,11
05/07/2013,08:15,25,12,13
05/07/2013,08:30,20,10,10
05/07/2013,08:45,19,15,4
05/07/2013,09:00,30,14,16
05/07/2013,09:15,30,12,18
05/07/2013,09:30,28,16,12
05/07/2013,09:45,22,12,10
05/07/2013,10:00,27,13,14
05/07/2013,10:15,27,12,15
05/07/2013,10:30,28,13,15
05/07/2013,10:45,23,15,8
05/07/2013,11:00,34,13,21
05/07/2013,11:15,29,12,17
05/07/2013,11:30,37,23,14
05/07/2013,11:45,14,7,7
05/07/2013,12:00,15,13,2
05/07/2013,12:15,24,13,11
05/07/2013,12:30,27,15,12
05/07/2013,12:45,31,21,10
05/07/2013,13:00,18,11,7
05/07/2013,13:15,27,17,10
05/07/2013,13:30,21,8,13
05/07/2013,13:45,20,12,8
05/07/2013,14:00,14,7,7
05/07/2013,14:15,13,3,10
05/07/2013,14:30,17,9,8
05/07/2013,14:45,25,12,13
05/07/2013,15:00,21,9,12
05/07/2013,15:15,22,12,10
05/07/2013,15:30,23,12,11
05/07/2013,15:45,25,13,12
05/07/2013,16:00,22,12,10
05/07/2013,16:15,25,13,12
05/07/2013,16:30,26,17,9
05/07/2013,16:45,35,17,18
05/07/2013,17:00,21,10,11
05/07/2013,17:15,31,15,16
05/07/2013,17:30,18,9,9
05/07/2013,17:45,30,17,13
05/07/2013,18:00,41,21,20
05/07/2013,18:15,35,14,21
05/07/2013,18:30,17,8,9
05/07/2013,18:45,21,7,14
05/07/2013,19:00,23,16,7
05/07/2013,19:15,14,9,5
05/07/2013,19:30,18,10,8
05/07/2013,19:45,15,8,7
05/07/2013,20:00,14,7,7
05/07/2013,20:15,17,8,9
05/07/2013,20:30,19,10,9
05/07/2013,20:45,12,3,9
05/07/2013,21:00,5,3,2
05/07/2013,21:15,10,7,3
05/07/2013,21:30,3,0,3
05/07/2013,21:45,1,0,1
05/07/2013,22:00,5,3,2
05/07/2013,22:15,0,0,0
05/07/2013,22:30,3,3,0
05/07/2013,22:45,0,0,0
05/07/2013,23:00,4,0,4
05/07/2013,23:15,1,0,1
05/07/2013,23:30,3,1,2
05/07/2013,23:45,1,0,1
06/07/2013,00:00,4,1,3
06/07/2013,00:15,0,0,0
06/07/2013,00:30,1,0,1
06/07/2013,00:45,6,2,4
06/07/2013,01:00,4,0,4
06/07/2013,01:15,0,0,0
06/07/2013,01:30,0,0,0
06/07/2013,01:45,1,1,0
06/07/2013,02:00,0,0,0
06/07/2013,02:15,1,0,1
06/07/2013,02:30,0,0,0
06/07/2013,02:45,2,0,2
06/07/2013,03:00,0,0,0
06/07/2013,03:15,0,0,0
06/07/2013,03:30,0,0,0
06/07/2013,03:45,0,0,0
06/07/2013,04:00,0,0,0
06/07/2013,04:15,2,1,1
06/07/2013,04:30,0,0,0
06/07/2013,04:45,2,1,1
06/07/2013,05:00,2,2,0
06/07/2013,05:15,1,0,1
06/07/2013,05:30,6,4,2
06/07/2013,05:45,5,4,1
06/07/2013,06:00,7,2,5
06/07/2013,06:15,10,8,2
06/07/2013,06:30,13,9,4
06/07/2013,06:45,23,10,13
06/07/2013,07:00,28,10,18
06/07/2013,07:15,26,16,10
06/07/2013,07:30,24,10,14
06/07/2013,07:45,36,22,14
06/07/2013,08:00,37,22,15
06/07/2013,08:15,39,22,17
06/07/2013,08:30,51,21,30
06/07/2013,08:45,46,19,27
06/07/2013,09:00,38,18,20
06/07/2013,09:15,50,26,24
06/07/2013,09:30,47,27,20
06/07/2013,09:45,66,30,36
06/07/2013,10:00,49,28,21
06/07/2013,10:15,63,30,33
06/07/2013,10:30,51,26,25
06/07/2013,10:45,58,33,25
06/07/2013,11:00,50,25,25
06/07/2013,11:15,38,22,16
06/07/2013,11:30,51,35,16
06/07/2013,11:45,33,21,12
06/07/2013,12:00,51,28,23
06/07/2013,12:15,46,29,17
06/07/2013,12:30,66,43,23
06/07/2013,12:45,42,24,18
06/07/2013,13:00,40,21,19
06/07/2013,13:15,46,20,26
06/07/2013,13:30,27,16,11
06/07/2013,13:45,32,19,13
06/07/2013,14:00,33,21,12
06/07/2013,14:15,24,8,16
06/07/2013,14:30,14,7,7
06/07/2013,14:45,19,11,8
06/07/2013,15:00,15,7,8
06/07/2013,15:15,20,9,11
06/07/2013,15:30,30,17,13
06/07/2013,15:45,24,17,7
06/07/2013,16:00,18,10,8
06/07/2013,16:15,20,9,11
06/07/2013,16:30,14,4,10
06/07/2013,16:45,21,14,7
06/07/2013,17:00,19,11,8
06/07/2013,17:15,14,8,6
06/07/2013,17:30,20,6,14
06/07/2013,17:45,16,13,3
06/07/2013,18:00,19,9,10
06/07/2013,18:15,16,9,7
06/07/2013,18:30,18,7,11
06/07/2013,18:45,7,7,0
06/07/2013,19:00,13,6,7
06/07/2013,19:15,17,8,9
06/07/2013,19:30,11,7,4
06/07/2013,19:45,16,9,7
06/07/2013,20:00,8,6,2
06/07/2013,20:15,17,11,6
06/07/2013,20:30,17,7,10
06/07/2013,20:45,12,7,5
06/07/2013,21:00,10,8,2
06/07/2013,21:15,5,4,1
06/07/2013,21:30,4,0,4
06/07/2013,21:45,3,1,2
06/07/2013,22:00,3,0,3
06/07/2013,22:15,2,1,1
06/07/2013,22:30,3,0,3
06/07/2013,22:45,3,1,2
06/07/2013,23:00,1,1,0
06/07/2013,23:15,0,0,0
06/07/2013,23:30,4,2,2
06/07/2013,23:45,2,1,1
07/07/2013,00:00,2,0,2
07/07/2013,00:15,0,0,0
07/07/2013,00:30,1,1,0
07/07/2013,00:45,1,1,0
07/07/2013,01:00,0,0,0
07/07/2013,01:15,3,1,2
07/07/2013,01:30,2,0,2
07/07/2013,01:45,0,0,0
07/07/2013,02:00,0,0,0
07/07/2013,02:15,0,0,0
07/07/2013,02:30,0,0,0
07/07/2013,02:45,1,0,1
07/07/2013,03:00,1,1,0
07/07/2013,03:15,0,0,0
07/07/2013,03:30,0,0,0
07/07/2013,03:45,2,0,2
07/07/2013,04:00,0,0,0
07/07/2013,04:15,4,2,2
07/07/2013,04:30,0,0,0
07/07/2013,04:45,0,0,0
07/07/2013,05:00,1,1,0
07/07/2013,05:15,3,2,1
07/07/2013,05:30,4,1,3
07/07/2013,05:45,2,2,0
07/07/2013,06:00,3,1,2
07/07/2013,06:15,5,3,2
07/07/2013,06:30,11,7,4
07/07/2013,06:45,4,2,2
07/07/2013,07:00,20,11,9
07/07/2013,07:15,19,10,9
07/07/2013,07:30,15,7,8
07/07/2013,07:45,21,8,13
07/07/2013,08:00,30,14,16
07/07/2013,08:15,32,14,18
07/07/2013,08:30,25,13,12
07/07/2013,08:45,35,16,19
07/07/2013,09:00,38,18,20
07/07/2013,09:15,47,25,22
07/07/2013,09:30,53,23,30
07/07/2013,09:45,46,30,16
07/07/2013,10:00,43,25,18
07/07/2013,10:15,54,25,29
07/07/2013,10:30,49,26,23
07/07/2013,10:45,54,25,29
07/07/2013,11:00,48,24,24
07/07/2013,11:15,66,41,25
07/07/2013,11:30,53,37,16
07/07/2013,11:45,57,34,23
07/07/2013,12:00,31,13,18
07/07/2013,12:15,43,31,12
07/07/2013,12:30,32,16,16
07/07/2013,12:45,30,14,16
07/07/2013,13:00,28,16,12
07/07/2013,13:15,38,20,18
07/07/2013,13:30,23,10,13
07/07/2013,13:45,34,20,14
07/07/2013,14:00,31,11,20
07/07/2013,14:15,15,10,5
07/07/2013,14:30,29,15,14
07/07/2013,14:45,32,14,18
07/07/2013,15:00,20,12,8
07/07/2013,15:15,34,13,21
07/07/2013,15:30,22,8,14
07/07/2013,15:45,25,12,13
07/07/2013,16:00,23,12,11
07/07/2013,16:15,19,10,9
07/07/2013,16:30,30,16,14
07/07/2013,16:45,24,12,12
07/07/2013,17:00,20,10,10
07/07/2013,17:15,18,12,6
07/07/2013,17:30,25,9,16
07/07/2013,17:45,18,11,7
07/07/2013,18:00,18,3,15
07/07/2013,18:15,23,15,8
07/07/2013,18:30,24,10,14
07/07/2013,18:45,10,7,3
07/07/2013,19:00,12,6,6
07/07/2013,19:15,4,3,1
07/07/2013,19:30,10,5,5
07/07/2013,19:45,11,6,5
07/07/2013,20:00,15,5,10
07/07/2013,20:15,9,5,4
07/07/2013,20:30,11,6,5
07/07/2013,20:45,1,1,0
07/07/2013,21:00,2,2,0
07/07/2013,21:15,5,1,4
07/07/2013,21:30,2,1,1
07/07/2013,21:45,2,0,2
07/07/2013,22:00,0,0,0
07/07/2013,22:15,1,1,0
07/07/2013,22:30,3,1,2
07/07/2013,22:45,1,0,1
07/07/2013,23:00,1,1,0
07/07/2013,23:15,2,1,1
07/07/2013,23:30,0,0,0
07/07/2013,23:45,1,1,0
08/07/2013,00:00,1,1,0
08/07/2013,00:15,1,0,1
08/07/2013,00:30,0,0,0
08/07/2013,00:45,0,0,0
08/07/2013,01:00,1,0,1
08/07/2013,01:15,0,0,0
08/07/2013,01:30,0,0,0
08/07/2013,01:45,0,0,0
08/07/2013,02:00,0,0,0
08/07/2013,02:15,0,0,0
08/07/2013,02:30,0,0,0
08/07/2013,02:45,0,0,0
08/07/2013,03:00,0,0,0
08/07/2013,03:15,0,0,0
08/07/2013,03:30,0,0,0
08/07/2013,03:45,0,0,0
08/07/2013,04:00,1,1,0
08/07/2013,04:15,1,1,0
08/07/2013,04:30,0,0,0
08/07/2013,04:45,2,1,1
08/07/2013,05:00,6,5,1
08/07/2013,05:15,0,0,0
08/07/2013,05:30,7,5,2
08/07/2013,05:45,13,7,6
08/07/2013,06:00,19,4,15
08/07/2013,06:15,14,4,10
08/07/2013,06:30,21,8,13
08/07/2013,06:45,23,11,12
08/07/2013,07:00,16,4,12
08/07/2013,07:15,34,12,22
08/07/2013,07:30,32,10,22
08/07/2013,07:45,28,13,15
08/07/2013,08:00,30,14,16
08/07/2013,08:15,27,7,20
08/07/2013,08:30,28,12,16
08/07/2013,08:45,23,8,15
08/07/2013,09:00,30,12,18
08/07/2013,09:15,12,2,10
08/07/2013,09:30,16,8,8
08/07/2013,09:45,17,6,11
08/07/2013,10:00,13,5,8
08/07/2013,10:15,12,3,9
08/07/2013,10:30,20,7,13
08/07/2013,10:45,11,5,6
08/07/2013,11:00,11,3,8
08/07/2013,11:15,18,7,11
08/07/2013,11:30,17,6,11
08/07/2013,11:45,23,9,14
08/07/2013,12:00,10,5,5
08/07/2013,12:15,11,4,7
08/07/2013,12:30,15,11,4
08/07/2013,12:45,16,8,8
08/07/2013,13:00,10,3,7
08/07/2013,13:15,9,4,5
08/07/2013,13:30,2,1,1
08/07/2013,13:45,5,2,3
08/07/2013,14:00,10,8,2
08/07/2013,14:15,6,2,4
08/07/2013,14:30,10,5,5
08/07/2013,14:45,16,5,11
08/07/2013,15:00,14,5,9
08/07/2013,15:15,17,4,13
08/07/2013,15:30,16,5,11
08/07/2013,15:45,12,4,8
08/07/2013,16:00,15,4,11
08/07/2013,16:15,24,11,13
08/07/2013,16:30,18,5,13
08/07/2013,16:45,19,7,12
08/07/2013,17:00,34,13,21
08/07/2013,17:15,29,14,15
08/07/2013,17:30,38,18,20
08/07/2013,17:45,32,14,18
08/07/2013,18:00,56,27,29
08/07/2013,18:15,32,11,21
08/07/2013,18:30,48,22,26
08/07/2013,18:45,55,33,22
08/07/2013,19:00,50,32,18
08/07/2013,19:15,46,20,26
08/07/2013,19:30,35,16,19
08/07/2013,19:45,35,17,18
08/07/2013,20:00,28,14,14
08/07/2013,20:15,19,10,9
08/07/2013,20:30,29,17,12
08/07/2013,20:45,17,12,5
08/07/2013,21:00,10,2,8
08/07/2013,21:15,12,6,6
08/07/2013,21:30,1,0,1
08/07/2013,21:45,6,2,4
08/07/2013,22:00,1,0,1
08/07/2013,22:15,3,2,1
08/07/2013,22:30,1,0,1
08/07/2013,22:45,1,0,1
08/07/2013,23:00,1,0,1
08/07/2013,23:15,1,0,1
08/07/2013,23:30,1,0,1
08/07/2013,23:45,1,1,0
09/07/2013,00:00,1,0,1
09/07/2013,00:15,2,0,2
09/07/2013,00:30,3,2,1
09/07/2013,00:45,0,0,0
09/07/2013,01:00,1,1,0
09/07/2013,01:15,0,0,0
09/07/2013,01:30,0,0,0
09/07/2013,01:45,1,0,1
09/07/2013,02:00,0,0,0
09/07/2013,02:15,0,0,0
09/07/2013,02:30,1,1,0
09/07/2013,02:45,1,0,1
09/07/2013,03:00,0,0,0
09/07/2013,03:15,0,0,0
09/07/2013,03:30,0,0,0
09/07/2013,03:45,0,0,0
09/07/2013,04:00,4,3,1
09/07/2013,04:15,0,0,0
09/07/2013,04:30,2,1,1
09/07/2013,04:45,2,2,0
09/07/2013,05:00,7,2,5
09/07/2013,05:15,4,2,2
09/07/2013,05:30,12,7,5
09/07/2013,05:45,21,9,12
09/07/2013,06:00,18,9,9
09/07/2013,06:15,20,7,13
09/07/2013,06:30,34,13,21
09/07/2013,06:45,33,15,18
09/07/2013,07:00,32,10,22
09/07/2013,07:15,29,14,15
09/07/2013,07:30,34,12,22
09/07/2013,07:45,34,11,23
09/07/2013,08:00,31,14,17
09/07/2013,08:15,28,10,18
09/07/2013,08:30,31,14,17
09/07/2013,08:45,21,11,10
09/07/2013,09:00,29,12,17
09/07/2013,09:15,15,9,6
09/07/2013,09:30,17,8,9
09/07/2013,09:45,17,8,9
09/07/2013,10:00,8,4,4
09/07/2013,10:15,10,6,4
09/07/2013,10:30,14,5,9
09/07/2013,10:45,7,4,3
09/07/2013,11:00,12,7,5
09/07/2013,11:15,14,5,9
09/07/2013,11:30,12,6,6
09/07/2013,11:45,14,8,6
09/07/2013,12:00,6,1,5
09/07/2013,12:15,9,4,5
09/07/2013,12:30,12,7,5
09/07/2013,12:45,12,7,5
09/07/2013,13:00,12,4,8
09/07/2013,13:15,8,5,3
09/07/2013,13:30,11,3,8
09/07/2013,13:45,7,3,4
09/07/2013,14:00,13,6,7
09/07/2013,14:15,10,3,7
09/07/2013,14:30,9,4,5
09/07/2013,14:45,6,3,3
09/07/2013,15:00,9,5,4
09/07/2013,15:15,5,2,3
09/07/2013,15:30,9,5,4
09/07/2013,15:45,12,7,5
09/07/2013,16:00,15,6,9
09/07/2013,16:15,20,11,9
09/07/2013,16:30,28,17,11
09/07/2013,16:45,24,11,13
09/07/2013,17:00,27,13,14
09/07/2013,17:15,31,13,18
09/07/2013,17:30,43,19,24
09/07/2013,17:45,34,14,20
09/07/2013,18:00,45,18,27
09/07/2013,18:15,64,30,34
09/07/2013,18:30,34,16,18
09/07/2013,18:45,46,24,22
09/07/2013,19:00,45,28,17
09/07/2013,19:15,46,22,24
09/07/2013,19:30,47,20,27
09/07/2013,19:45,39,18,21
09/07/2013,20:00,22,13,9
09/07/2013,20:15,27,14,13
09/07/2013,20:30,25,8,17
09/07/2013,20:45,26,16,10
09/07/2013,21:00,10,5,5
09/07/2013,21:15,14,5,9
09/07/2013,21:30,9,5,4
09/07/2013,21:45,1,1,0
09/07/2013,22:00,6,4,2
09/07/2013,22:15,1,0,1
09/07/2013,22:30,3,0,3
09/07/2013,22:45,0,0,0
09/07/2013,23:00,0,0,0
09/07/2013,23:15,1,1,0
09/07/2013,23:30,0,0,0
09/07/2013,23:45,0,0,0
10/07/2013,00:00,1,0,1
10/07/2013,00:15,1,0,1
10/07/2013,00:30,0,0,0
10/07/2013,00:45,0,0,0
10/07/2013,01:00,0,0,0
10/07/2013,01:15,1,0,1
10/07/2013,01:30,0,0,0
10/07/2013,01:45,0,0,0
10/07/2013,02:00,0,0,0
10/07/2013,02:15,1,0,1
10/07/2013,02:30,0,0,0
10/07/2013,02:45,0,0,0
10/07/2013,03:00,1,0,1
10/07/2013,03:15,0,0,0
10/07/2013,03:30,0,0,0
10/07/2013,03:45,1,0,1
10/07/2013,04:00,2,2,0
10/07/2013,04:15,1,1,0
10/07/2013,04:30,4,3,1
10/07/2013,04:45,3,2,1
10/07/2013,05:00,4,0,4
10/07/2013,05:15,3,0,3
10/07/2013,05:30,9,5,4
10/07/2013,05:45,14,9,5
10/07/2013,06:00,17,8,9
10/07/2013,06:15,19,5,14
10/07/2013,06:30,26,12,14
10/07/2013,06:45,24,13,11
10/07/2013,07:00,30,11,19
10/07/2013,07:15,35,20,15
10/07/2013,07:30,31,10,21
10/07/2013,07:45,41,17,24
10/07/2013,08:00,23,14,9
10/07/2013,08:15,29,13,16
10/07/2013,08:30,18,9,9
10/07/2013,08:45,27,12,15
10/07/2013,09:00,24,11,13
10/07/2013,09:15,14,4,10
10/07/2013,09:30,7,6,1
10/07/2013,09:45,5,2,3
10/07/2013,10:00,6,6,0
10/07/2013,10:15,8,4,4
10/07/2013,10:30,7,3,4
10/07/2013,10:45,9,5,4
10/07/2013,11:00,7,7,0
10/07/2013,11:15,5,0,5
10/07/2013,11:30,3,1,2
10/07/2013,11:45,7,2,5
10/07/2013,12:00,4,2,2
10/07/2013,12:15,8,4,4
10/07/2013,12:30,9,6,3
10/07/2013,12:45,8,2,6
10/07/2013,13:00,9,4,5
10/07/2013,13:15,8,6,2
10/07/2013,13:30,12,2,10
10/07/2013,13:45,12,3,9
10/07/2013,14:00,6,4,2
10/07/2013,14:15,14,5,9
10/07/2013,14:30,13,9,4
10/07/2013,14:45,11,4,7
10/07/2013,15:00,13,9,4
10/07/2013,15:15,18,12,6
10/07/2013,15:30,8,3,5
10/07/2013,15:45,13,7,6
10/07/2013,16:00,27,12,15
10/07/2013,16:15,17,11,6
10/07/2013,16:30,16,4,12
10/07/2013,16:45,25,13,12
10/07/2013,17:00,28,9,19
10/07/2013,17:15,52,32,20
10/07/2013,17:30,55,29,26
10/07/2013,17:45,40,19,21
10/07/2013,18:00,42,25,17
10/07/2013,18:15,51,29,22
10/07/2013,18:30,56,28,28
10/07/2013,18:45,43,24,19
10/07/2013,19:00,39,18,21
10/07/2013,19:15,32,18,14
10/07/2013,19:30,32,15,17
10/07/2013,19:45,26,17,9
10/07/2013,20:00,9,8,1
10/07/2013,20:15,8,6,2
10/07/2013,20:30,7,5,2
10/07/2013,20:45,3,1,2
10/07/2013,21:00,1,1,0
10/07/2013,21:15,4,1,3
10/07/2013,21:30,2,2,0
10/07/2013,21:45,5,1,4
10/07/2013,22:00,1,1,0
10/07/2013,22:15,2,1,1
10/07/2013,22:30,2,0,2
10/07/2013,22:45,0,0,0
10/07/2013,23:00,0,0,0
10/07/2013,23:15,1,0,1
10/07/2013,23:30,2,1,1
10/07/2013,23:45,1,1,0
11/07/2013,00:00,2,0,2
11/07/2013,00:15,0,0,0
11/07/2013,00:30,0,0,0
11/07/2013,00:45,0,0,0
11/07/2013,01:00,1,1,0
11/07/2013,01:15,1,0,1
11/07/2013,01:30,0,0,0
11/07/2013,01:45,0,0,0
11/07/2013,02:00,0,0,0
11/07/2013,02:15,1,1,0
11/07/2013,02:30,0,0,0
11/07/2013,02:45,1,0,1
11/07/2013,03:00,0,0,0
11/07/2013,03:15,0,0,0
11/07/2013,03:30,1,0,1
11/07/2013,03:45,2,2,0
11/07/2013,04:00,0,0,0
11/07/2013,04:15,1,0,1
11/07/2013,04:30,0,0,0
11/07/2013,04:45,2,1,1
11/07/2013,05:00,4,1,3
11/07/2013,05:15,6,1,5
11/07/2013,05:30,5,3,2
11/07/2013,05:45,25,10,15
11/07/2013,06:00,16,8,8
11/07/2013,06:15,23,7,16
11/07/2013,06:30,20,5,15
11/07/2013,06:45,26,10,16
11/07/2013,07:00,22,6,16
11/07/2013,07:15,27,7,20
11/07/2013,07:30,19,8,11
11/07/2013,07:45,27,10,17
11/07/2013,08:00,36,9,27
11/07/2013,08:15,16,3,13
11/07/2013,08:30,19,10,9
11/07/2013,08:45,16,6,10
11/07/2013,09:00,13,3,10
11/07/2013,09:15,6,2,4
11/07/2013,09:30,11,3,8
11/07/2013,09:45,5,0,5
11/07/2013,10:00,6,4,2
11/07/2013,10:15,11,7,4
11/07/2013,10:30,8,2,6
11/07/2013,10:45,11,4,7
11/07/2013,11:00,8,3,5
11/07/2013,11:15,8,5,3
11/07/2013,11:30,17,8,9
11/07/2013,11:45,11,6,5
11/07/2013,12:00,4,2,2
11/07/2013,12:15,8,5,3
11/07/2013,12:30,12,4,8
11/07/2013,12:45,13,7,6
11/07/2013,13:00,7,1,6
11/07/2013,13:15,18,8,10
11/07/2013,13:30,10,3,7
11/07/2013,13:45,10,4,6
11/07/2013,14:00,11,6,5
11/07/2013,14:15,8,2,6
11/07/2013,14:30,13,2,11
11/07/2013,14:45,19,9,10
11/07/2013,15:00,7,4,3
11/07/2013,15:15,17,6,11
11/07/2013,15:30,9,3,6
11/07/2013,15:45,14,8,6
11/07/2013,16:00,19,4,15
11/07/2013,16:15,21,9,12
11/07/2013,16:30,11,9,2
11/07/2013,16:45,21,16,5
11/07/2013,17:00,26,15,11
11/07/2013,17:15,38,16,22
11/07/2013,17:30,29,17,12
11/07/2013,17:45,27,18,9
11/07/2013,18:00,47,22,25
11/07/2013,18:15,36,23,13
11/07/2013,18:30,38,19,19
11/07/2013,18:45,27,17,10
11/07/2013,19:00,38,20,18
11/07/2013,19:15,41,22,19
11/07/2013,19:30,16,8,8
11/07/2013,19:45,20,14,6
11/07/2013,20:00,23,11,12
11/07/2013,20:15,20,12,8
11/07/2013,20:30,8,5,3
11/07/2013,20:45,9,5,4
11/07/2013,21:00,12,7,5
11/07/2013,21:15,10,7,3
11/07/2013,21:30,5,3,2
11/07/2013,21:45,6,5,1
11/07/2013,22:00,3,0,3
11/07/2013,22:15,3,1,2
11/07/2013,22:30,2,1,1
11/07/2013,22:45,3,3,0
11/07/2013,23:00,3,3,0
11/07/2013,23:15,2,2,0
11/07/2013,23:30,0,0,0
11/07/2013,23:45,0,0,0
12/07/2013,00:00,2,0,2
12/07/2013,00:15,0,0,0
12/07/2013,00:30,2,2,0
12/07/2013,00:45,0,0,0
12/07/2013,01:00,0,0,0
12/07/2013,01:15,0,0,0
12/07/2013,01:30,0,0,0
12/07/2013,01:45,0,0,0
12/07/2013,02:00,0,0,0
12/07/2013,02:15,1,0,1
12/07/2013,02:30,0,0,0
12/07/2013,02:45,0,0,0
12/07/2013,03:00,0,0,0
12/07/2013,03:15,0,0,0
12/07/2013,03:30,0,0,0
12/07/2013,03:45,0,0,0
12/07/2013,04:00,0,0,0
12/07/2013,04:15,0,0,0
12/07/2013,04:30,1,1,0
12/07/2013,04:45,1,0,1
12/07/2013,05:00,3,3,0
12/07/2013,05:15,1,1,0
12/07/2013,05:30,3,2,1
12/07/2013,05:45,6,4,2
12/07/2013,06:00,5,3,2
12/07/2013,06:15,5,1,4
12/07/2013,06:30,2,1,1
12/07/2013,06:45,9,5,4
12/07/2013,07:00,10,5,5
12/07/2013,07:15,11,5,6
12/07/2013,07:30,10,5,5
12/07/2013,07:45,3,2,1
12/07/2013,08:00,10,4,6
12/07/2013,08:15,7,5,2
12/07/2013,08:30,6,1,5
12/07/2013,08:45,4,2,2
12/07/2013,09:00,6,4,2
12/07/2013,09:15,11,6,5
12/07/2013,09:30,5,3,2
12/07/2013,09:45,7,2,5
12/07/2013,10:00,2,0,2
12/07/2013,10:15,6,3,3
12/07/2013,10:30,7,3,4
12/07/2013,10:45,9,5,4
12/07/2013,11:00,9,3,6
12/07/2013,11:15,11,7,4
12/07/2013,11:30,5,2,3
12/07/2013,11:45,9,4,5
12/07/2013,12:00,4,1,3
12/07/2013,12:15,5,1,4
12/07/2013,12:30,10,6,4
12/07/2013,12:45,6,2,4
12/07/2013,13:00,6,1,5
12/07/2013,13:15,5,4,1
12/07/2013,13:30,11,4,7
12/07/2013,13:45,12,4,8
12/07/2013,14:00,7,2,5
12/07/2013,14:15,10,4,6
12/07/2013,14:30,12,5,7
12/07/2013,14:45,15,7,8
12/07/2013,15:00,11,5,6
12/07/2013,15:15,7,2,5
12/07/2013,15:30,15,5,10
12/07/2013,15:45,7,5,2
12/07/2013,16:00,16,9,7
12/07/2013,16:15,18,7,11
12/07/2013,16:30,14,5,9
12/07/2013,16:45,17,10,7
12/07/2013,17:00,26,11,15
12/07/2013,17:15,17,7,10
12/07/2013,17:30,20,10,10
12/07/2013,17:45,18,11,7
12/07/2013,18:00,16,9,7
12/07/2013,18:15,11,9,2
12/07/2013,18:30,8,3,5
12/07/2013,18:45,19,8,11
12/07/2013,19:00,11,5,6
12/07/2013,19:15,11,2,9
12/07/2013,19:30,12,7,5
12/07/2013,19:45,5,3,2
12/07/2013,20:00,9,5,4
12/07/2013,20:15,7,3,4
12/07/2013,20:30,4,4,0
12/07/2013,20:45,3,2,1
12/07/2013,21:00,3,0,3
12/07/2013,21:15,5,2,3
12/07/2013,21:30,2,0,2
12/07/2013,21:45,1,0,1
12/07/2013,22:00,6,5,1
12/07/2013,22:15,3,1,2
12/07/2013,22:30,0,0,0
12/07/2013,22:45,1,0,1
12/07/2013,23:00,0,0,0
12/07/2013,23:15,1,0,1
12/07/2013,23:30,0,0,0
12/07/2013,23:45,4,1,3
13/07/2013,00:00,0,0,0
13/07/2013,00:15,4,3,1
13/07/2013,00:30,2,0,2
13/07/2013,00:45,3,3,0
13/07/2013,01:00,0,0,0
13/07/2013,01:15,1,1,0
13/07/2013,01:30,0,0,0
13/07/2013,01:45,0,0,0
13/07/2013,02:00,1,1,0
13/07/2013,02:15,0,0,0
13/07/2013,02:30,0,0,0
13/07/2013,02:45,1,0,1
13/07/2013,03:00,1,0,1
13/07/2013,03:15,1,0,1
13/07/2013,03:30,0,0,0
13/07/2013,03:45,0,0,0
13/07/2013,04:00,0,0,0
13/07/2013,04:15,0,0,0
13/07/2013,04:30,0,0,0
13/07/2013,04:45,2,1,1
13/07/2013,05:00,0,0,0
13/07/2013,05:15,0,0,0
13/07/2013,05:30,4,3,1
13/07/2013,05:45,10,7,3
13/07/2013,06:00,8,5,3
13/07/2013,06:15,7,3,4
13/07/2013,06:30,10,7,3
13/07/2013,06:45,12,8,4
13/07/2013,07:00,17,10,7
13/07/2013,07:15,13,8,5
13/07/2013,07:30,21,12,9
13/07/2013,07:45,35,13,22
13/07/2013,08:00,30,14,16
13/07/2013,08:15,31,17,14
13/07/2013,08:30,38,22,16
13/07/2013,08:45,39,19,20
13/07/2013,09:00,38,16,22
13/07/2013,09:15,43,22,21
13/07/2013,09:30,54,28,26
13/07/2013,09:45,47,25,22
13/07/2013,10:00,45,26,19
13/07/2013,10:15,49,20,29
13/07/2013,10:30,57,21,36
13/07/2013,10:45,69,43,26
13/07/2013,11:00,42,20,22
13/07/2013,11:15,43,26,17
13/07/2013,11:30,40,19,21
13/07/2013,11:45,68,33,35
13/07/2013,12:00,41,19,22
13/07/2013,12:15,55,24,31
13/07/2013,12:30,53,16,37
13/07/2013,12:45,63,17,46
13/07/2013,13:00,52,22,30
13/07/2013,13:15,51,18,33
13/07/2013,13:30,37,18,19
13/07/2013,13:45,41,19,22
13/07/2013,14:00,43,13,30
13/07/2013,14:15,42,19,23
13/07/2013,14:30,47,20,27
13/07/2013,14:45,54,29,25
13/07/2013,15:00,24,6,18
13/07/2013,15:15,37,13,24
13/07/2013,15:30,31,10,21
13/07/2013,15:45,35,13,22
13/07/2013,16:00,40,15,25
13/07/2013,16:15,37,11,26
13/07/2013,16:30,29,15,14
13/07/2013,16:45,37,13,24
13/07/2013,17:00,33,17,16
13/07/2013,17:15,23,9,14
13/07/2013,17:30,30,14,16
13/07/2013,17:45,29,18,11
13/07/2013,18:00,19,9,10
13/07/2013,18:15,22,10,12
13/07/2013,18:30,19,10,9
13/07/2013,18:45,23,9,14
13/07/2013,19:00,10,4,6
13/07/2013,19:15,10,2,8
13/07/2013,19:30,17,9,8
13/07/2013,19:45,11,4,7
13/07/2013,20:00,4,3,1
13/07/2013,20:15,10,6,4
13/07/2013,20:30,15,7,8
13/07/2013,20:45,14,6,8
13/07/2013,21:00,7,4,3
13/07/2013,21:15,1,0,1
13/07/2013,21:30,4,1,3
13/07/2013,21:45,4,2,2
13/07/2013,22:00,3,2,1
13/07/2013,22:15,3,3,0
13/07/2013,22:30,4,2,2
13/07/2013,22:45,3,2,1
13/07/2013,23:00,3,1,2
13/07/2013,23:15,3,1,2
13/07/2013,23:30,0,0,0
13/07/2013,23:45,1,0,1
14/07/2013,00:00,0,0,0
14/07/2013,00:15,0,0,0
14/07/2013,00:30,0,0,0
14/07/2013,00:45,4,3,1
14/07/2013,01:00,1,1,0
14/07/2013,01:15,2,0,2
14/07/2013,01:30,0,0,0
14/07/2013,01:45,0,0,0
14/07/2013,02:00,1,1,0
14/07/2013,02:15,3,0,3
14/07/2013,02:30,0,0,0
14/07/2013,02:45,0,0,0
14/07/2013,03:00,1,0,1
14/07/2013,03:15,0,0,0
14/07/2013,03:30,0,0,0
14/07/2013,03:45,0,0,0
14/07/2013,04:00,0,0,0
14/07/2013,04:15,0,0,0
14/07/2013,04:30,0,0,0
14/07/2013,04:45,0,0,0
14/07/2013,05:00,2,1,1
14/07/2013,05:15,3,0,3
14/07/2013,05:30,2,2,0
14/07/2013,05:45,6,2,4
14/07/2013,06:00,3,2,1
14/07/2013,06:15,9,2,7
14/07/2013,06:30,8,5,3
14/07/2013,06:45,13,9,4
14/07/2013,07:00,15,12,3
14/07/2013,07:15,17,8,9
14/07/2013,07:30,15,5,10
14/07/2013,07:45,19,14,5
14/07/2013,08:00,26,7,19
14/07/2013,08:15,32,13,19
14/07/2013,08:30,34,11,23
14/07/2013,08:45,38,20,18
14/07/2013,09:00,53,22,31
14/07/2013,09:15,32,15,17
14/07/2013,09:30,41,25,16
14/07/2013,09:45,55,23,32
14/07/2013,10:00,55,37,18
14/07/2013,10:15,58,26,32
14/07/2013,10:30,39,14,25
14/07/2013,10:45,51,20,31
14/07/2013,11:00,53,28,25
14/07/2013,11:15,48,22,26
14/07/2013,11:30,40,13,27
14/07/2013,11:45,77,52,25
14/07/2013,12:00,57,34,23
14/07/2013,12:15,43,19,24
14/07/2013,12:30,48,24,24
14/07/2013,12:45,49,27,22
14/07/2013,13:00,36,18,18
14/07/2013,13:15,42,19,23
14/07/2013,13:30,49,19,30
14/07/2013,13:45,28,16,12
14/07/2013,14:00,49,27,22
14/07/2013,14:15,33,20,13
14/07/2013,14:30,43,16,27
14/07/2013,14:45,29,8,21
14/07/2013,15:00,39,20,19
14/07/2013,15:15,34,14,20
14/07/2013,15:30,31,18,13
14/07/2013,15:45,28,15,13
14/07/2013,16:00,25,10,15
14/07/2013,16:15,31,14,17
14/07/2013,16:30,27,15,12
14/07/2013,16:45,28,9,19
14/07/2013,17:00,28,18,10
14/07/2013,17:15,25,10,15
14/07/2013,17:30,25,9,16
14/07/2013,17:45,20,9,11
14/07/2013,18:00,19,8,11
14/07/2013,18:15,20,13,7
14/07/2013,18:30,31,11,20
14/07/2013,18:45,23,14,9
14/07/2013,19:00,19,8,11
14/07/2013,19:15,34,18,16
14/07/2013,19:30,29,15,14
14/07/2013,19:45,33,17,16
14/07/2013,20:00,29,15,14
14/07/2013,20:15,23,11,12
14/07/2013,20:30,16,9,7
14/07/2013,20:45,15,9,6
14/07/2013,21:00,9,6,3
14/07/2013,21:15,8,5,3
14/07/2013,21:30,3,2,1
14/07/2013,21:45,0,0,0
14/07/2013,22:00,2,0,2
14/07/2013,22:15,5,2,3
14/07/2013,22:30,2,1,1
14/07/2013,22:45,1,0,1
14/07/2013,23:00,1,0,1
14/07/2013,23:15,3,3,0
14/07/2013,23:30,1,0,1
14/07/2013,23:45,1,0,1
15/07/2013,00:00,3,0,3
15/07/2013,00:15,2,0,2
15/07/2013,00:30,0,0,0
15/07/2013,00:45,1,0,1
15/07/2013,01:00,1,1,0
15/07/2013,01:15,0,0,0
15/07/2013,01:30,0,0,0
15/07/2013,01:45,0,0,0
15/07/2013,02:00,2,0,2
15/07/2013,02:15,1,0,1
15/07/2013,02:30,0,0,0
15/07/2013,02:45,1,1,0
15/07/2013,03:00,0,0,0
15/07/2013,03:15,0,0,0
15/07/2013,03:30,0,0,0
15/07/2013,03:45,1,1,0
15/07/2013,04:00,0,0,0
15/07/2013,04:15,2,2,0
15/07/2013,04:30,1,1,0
15/07/2013,04:45,3,2,1
15/07/2013,05:00,1,1,0
15/07/2013,05:15,1,1,0
15/07/2013,05:30,6,4,2
15/07/2013,05:45,19,12,7
15/07/2013,06:00,15,9,6
15/07/2013,06:15,10,4,6
15/07/2013,06:30,31,17,14
15/07/2013,06:45,40,17,23
15/07/2013,07:00,33,15,18
15/07/2013,07:15,24,11,13
15/07/2013,07:30,33,17,16
15/07/2013,07:45,14,6,8
15/07/2013,08:00,27,12,15
15/07/2013,08:15,29,11,18
15/07/2013,08:30,40,18,22
15/07/2013,08:45,27,12,15
15/07/2013,09:00,16,10,6
15/07/2013,09:15,19,8,11
15/07/2013,09:30,16,7,9
15/07/2013,09:45,20,12,8
15/07/2013,10:00,15,9,6
15/07/2013,10:15,36,19,17
15/07/2013,10:30,16,10,6
15/07/2013,10:45,15,9,6
15/07/2013,11:00,14,8,6
15/07/2013,11:15,29,23,6
15/07/2013,11:30,15,8,7
15/07/2013,11:45,12,6,6
15/07/2013,12:00,10,9,1
15/07/2013,12:15,16,10,6
15/07/2013,12:30,11,7,4
15/07/2013,12:45,20,10,10
15/07/2013,13:00,13,12,1
15/07/2013,13:15,15,9,6
15/07/2013,13:30,13,8,5
15/07/2013,13:45,17,9,8
15/07/2013,14:00,13,6,7
15/07/2013,14:15,13,8,5
15/07/2013,14:30,15,5,10
15/07/2013,14:45,11,3,8
15/07/2013,15:00,6,2,4
15/07/2013,15:15,15,11,4
15/07/2013,15:30,11,4,7
15/07/2013,15:45,17,3,14
15/07/2013,16:00,22,14,8
15/07/2013,16:15,12,8,4
15/07/2013,16:30,25,20,5
15/07/2013,16:45,23,12,11
15/07/2013,17:00,33,22,11
15/07/2013,17:15,34,24,10
15/07/2013,17:30,28,17,11
15/07/2013,17:45,47,30,17
15/07/2013,18:00,42,24,18
15/07/2013,18:15,29,24,5
15/07/2013,18:30,39,26,13
15/07/2013,18:45,30,19,11
15/07/2013,19:00,47,31,16
15/07/2013,19:15,33,28,5
15/07/2013,19:30,24,19,5
15/07/2013,19:45,11,9,2
15/07/2013,20:00,13,9,4
15/07/2013,20:15,23,20,3
15/07/2013,20:30,15,14,1
15/07/2013,20:45,10,9,1
15/07/2013,21:00,6,4,2
15/07/2013,21:15,6,4,2
15/07/2013,21:30,7,6,1
15/07/2013,21:45,3,1,2
15/07/2013,22:00,2,1,1
15/07/2013,22:15,1,1,0
15/07/2013,22:30,1,1,0
15/07/2013,22:45,0,0,0
15/07/2013,23:00,0,0,0
15/07/2013,23:15,3,2,1
15/07/2013,23:30,1,0,1
15/07/2013,23:45,1,0,1
16/07/2013,00:00,2,1,1
16/07/2013,00:15,0,0,0
16/07/2013,00:30,1,1,0
16/07/2013,00:45,3,1,2
16/07/2013,01:00,0,0,0
16/07/2013,01:15,3,3,0
16/07/2013,01:30,0,0,0
16/07/2013,01:45,2,2,0
16/07/2013,02:00,1,1,0
16/07/2013,02:15,0,0,0
16/07/2013,02:30,0,0,0
16/07/2013,02:45,0,0,0
16/07/2013,03:00,0,0,0
16/07/2013,03:15,0,0,0
16/07/2013,03:30,0,0,0
16/07/2013,03:45,1,1,0
16/07/2013,04:00,2,1,1
16/07/2013,04:15,3,2,1
16/07/2013,04:30,3,1,2
16/07/2013,04:45,4,2,2
16/07/2013,05:00,2,1,1
16/07/2013,05:15,2,2,0
16/07/2013,05:30,10,7,3
16/07/2013,05:45,10,6,4
16/07/2013,06:00,19,16,3
16/07/2013,06:15,23,18,5
16/07/2013,06:30,43,31,12
16/07/2013,06:45,28,22,6
16/07/2013,07:00,29,18,11
16/07/2013,07:15,25,13,12
16/07/2013,07:30,31,20,11
16/07/2013,07:45,42,23,19
16/07/2013,08:00,39,23,16
16/07/2013,08:15,31,16,15
16/07/2013,08:30,32,13,19
16/07/2013,08:45,24,10,14
16/07/2013,09:00,24,10,14
16/07/2013,09:15,18,10,8
16/07/2013,09:30,18,11,7
16/07/2013,09:45,21,12,9
16/07/2013,10:00,14,9,5
16/07/2013,10:15,14,9,5
16/07/2013,10:30,12,3,9
16/07/2013,10:45,17,14,3
16/07/2013,11:00,33,26,7
16/07/2013,11:15,24,18,6
16/07/2013,11:30,29,21,8
16/07/2013,11:45,22,15,7
16/07/2013,12:00,31,25,6
16/07/2013,12:15,20,19,1
16/07/2013,12:30,22,19,3
16/07/2013,12:45,19,16,3
16/07/2013,13:00,20,18,2
16/07/2013,13:15,23,14,9
16/07/2013,13:30,15,9,6
16/07/2013,13:45,11,7,4
16/07/2013,14:00,10,8,2
16/07/2013,14:15,20,12,8
16/07/2013,14:30,16,7,9
16/07/2013,14:45,13,8,5
16/07/2013,15:00,8,6,2
16/07/2013,15:15,17,10,7
16/07/2013,15:30,4,3,1
16/07/2013,15:45,11,6,5
16/07/2013,16:00,14,9,5
16/07/2013,16:15,14,9,5
16/07/2013,16:30,17,13,4
16/07/2013,16:45,42,26,16
16/07/2013,17:00,26,17,9
16/07/2013,17:15,37,28,9
16/07/2013,17:30,26,17,9
16/07/2013,17:45,37,29,8
16/07/2013,18:00,41,26,15
16/07/2013,18:15,40,29,11
16/07/2013,18:30,35,28,7
16/07/2013,18:45,49,36,13
16/07/2013,19:00,33,22,11
16/07/2013,19:15,33,30,3
16/07/2013,19:30,34,32,2
16/07/2013,19:45,24,18,6
16/07/2013,20:00,16,14,2
16/07/2013,20:15,15,15,0
16/07/2013,20:30,6,6,0
16/07/2013,20:45,7,7,0
16/07/2013,21:00,8,7,1
16/07/2013,21:15,14,9,5
16/07/2013,21:30,7,5,2
16/07/2013,21:45,3,2,1
16/07/2013,22:00,7,2,5
16/07/2013,22:15,4,2,2
16/07/2013,22:30,1,1,0
16/07/2013,22:45,0,0,0
16/07/2013,23:00,1,0,1
16/07/2013,23:15,2,1,1
16/07/2013,23:30,1,1,0
16/07/2013,23:45,0,0,0
17/07/2013,00:00,0,0,0
17/07/2013,00:15,0,0,0
17/07/2013,00:30,0,0,0
17/07/2013,00:45,0,0,0
17/07/2013,01:00,1,0,1
17/07/2013,01:15,0,0,0
17/07/2013,01:30,0,0,0
17/07/2013,01:45,0,0,0
17/07/2013,02:00,0,0,0
17/07/2013,02:15,0,0,0
17/07/2013,02:30,1,0,1
17/07/2013,02:45,0,0,0
17/07/2013,03:00,1,0,1
17/07/2013,03:15,0,0,0
17/07/2013,03:30,1,1,0
17/07/2013,03:45,1,1,0
17/07/2013,04:00,3,3,0
17/07/2013,04:15,0,0,0
17/07/2013,04:30,0,0,0
17/07/2013,04:45,6,6,0
17/07/2013,05:00,3,2,1
17/07/2013,05:15,3,2,1
17/07/2013,05:30,6,5,1
17/07/2013,05:45,13,11,2
17/07/2013,06:00,22,13,9
17/07/2013,06:15,23,18,5
17/07/2013,06:30,39,26,13
17/07/2013,06:45,23,19,4
17/07/2013,07:00,33,29,4
17/07/2013,07:15,28,24,4
17/07/2013,07:30,33,26,7
17/07/2013,07:45,27,24,3
17/07/2013,08:00,30,28,2
17/07/2013,08:15,37,33,4
17/07/2013,08:30,26,11,15
17/07/2013,08:45,27,13,14
17/07/2013,09:00,28,11,17
17/07/2013,09:15,9,6,3
17/07/2013,09:30,21,15,6
17/07/2013,09:45,19,9,10
17/07/2013,10:00,23,9,14
17/07/2013,10:15,18,12,6
17/07/2013,10:30,18,9,9
17/07/2013,10:45,9,4,5
17/07/2013,11:00,20,11,9
17/07/2013,11:15,15,8,7
17/07/2013,11:30,10,3,7
17/07/2013,11:45,16,11,5
17/07/2013,12:00,5,3,2
17/07/2013,12:15,11,6,5
17/07/2013,12:30,17,14,3
17/07/2013,12:45,12,7,5
17/07/2013,13:00,20,9,11
17/07/2013,13:15,8,4,4
17/07/2013,13:30,9,6,3
17/07/2013,13:45,6,6,0
17/07/2013,14:00,7,5,2
17/07/2013,14:15,6,4,2
17/07/2013,14:30,7,3,4
17/07/2013,14:45,13,8,5
17/07/2013,15:00,15,7,8
17/07/2013,15:15,8,5,3
17/07/2013,15:30,6,4,2
17/07/2013,15:45,5,3,2
17/07/2013,16:00,8,7,1
17/07/2013,16:15,15,11,4
17/07/2013,16:30,23,17,6
17/07/2013,16:45,25,10,15
17/07/2013,17:00,17,14,3
17/07/2013,17:15,23,19,4
17/07/2013,17:30,34,24,10
17/07/2013,17:45,25,20,5
17/07/2013,18:00,26,21,5
17/07/2013,18:15,38,26,12
17/07/2013,18:30,48,32,16
17/07/2013,18:45,32,23,9
17/07/2013,19:00,33,20,13
17/07/2013,19:15,36,24,12
17/07/2013,19:30,28,23,5
17/07/2013,19:45,27,21,6
17/07/2013,20:00,15,12,3
17/07/2013,20:15,25,14,11
17/07/2013,20:30,12,7,5
17/07/2013,20:45,12,11,1
17/07/2013,21:00,4,1,3
17/07/2013,21:15,11,6,5
17/07/2013,21:30,7,6,1
17/07/2013,21:45,3,1,2
17/07/2013,22:00,3,2,1
17/07/2013,22:15,8,3,5
17/07/2013,22:30,4,3,1
17/07/2013,22:45,7,2,5
17/07/2013,23:00,1,1,0
17/07/2013,23:15,2,1,1
17/07/2013,23:30,1,1,0
17/07/2013,23:45,0,0,0
18/07/2013,00:00,0,0,0
18/07/2013,00:15,0,0,0
18/07/2013,00:30,1,0,1
18/07/2013,00:45,0,0,0
18/07/2013,01:00,0,0,0
18/07/2013,01:15,2,1,1
18/07/2013,01:30,1,1,0
18/07/2013,01:45,0,0,0
18/07/2013,02:00,0,0,0
18/07/2013,02:15,1,0,1
18/07/2013,02:30,0,0,0
18/07/2013,02:45,0,0,0
18/07/2013,03:00,0,0,0
18/07/2013,03:15,0,0,0
18/07/2013,03:30,0,0,0
18/07/2013,03:45,2,2,0
18/07/2013,04:00,0,0,0
18/07/2013,04:15,2,2,0
18/07/2013,04:30,0,0,0
18/07/2013,04:45,1,1,0
18/07/2013,05:00,5,3,2
18/07/2013,05:15,2,1,1
18/07/2013,05:30,7,5,2
18/07/2013,05:45,11,6,5
18/07/2013,06:00,21,18,3
18/07/2013,06:15,15,15,0
18/07/2013,06:30,28,28,0
18/07/2013,06:45,37,34,3
18/07/2013,07:00,31,31,0
18/07/2013,07:15,37,32,5
18/07/2013,07:30,26,25,1
18/07/2013,07:45,27,25,2
18/07/2013,08:00,27,20,7
18/07/2013,08:15,28,18,10
18/07/2013,08:30,22,13,9
18/07/2013,08:45,19,9,10
18/07/2013,09:00,15,11,4
18/07/2013,09:15,22,14,8
18/07/2013,09:30,9,7,2
18/07/2013,09:45,20,14,6
18/07/2013,10:00,10,9,1
18/07/2013,10:15,14,13,1
18/07/2013,10:30,11,11,0
18/07/2013,10:45,10,7,3
18/07/2013,11:00,9,5,4
18/07/2013,11:15,38,34,4
18/07/2013,11:30,21,17,4
18/07/2013,11:45,15,13,2
18/07/2013,12:00,12,7,5
18/07/2013,12:15,12,5,7
18/07/2013,12:30,7,5,2
18/07/2013,12:45,5,5,0
18/07/2013,13:00,31,20,11
18/07/2013,13:15,4,3,1
18/07/2013,13:30,7,4,3
18/07/2013,13:45,6,4,2
18/07/2013,14:00,2,0,2
18/07/2013,14:15,4,2,2
18/07/2013,14:30,11,10,1
18/07/2013,14:45,4,2,2
18/07/2013,15:00,5,4,1
18/07/2013,15:15,11,5,6
18/07/2013,15:30,4,2,2
18/07/2013,15:45,11,6,5
18/07/2013,16:00,20,10,10
18/07/2013,16:15,13,3,10
18/07/2013,16:30,16,7,9
18/07/2013,16:45,19,12,7
18/07/2013,17:00,18,13,5
18/07/2013,17:15,22,16,6
18/07/2013,17:30,25,17,8
18/07/2013,17:45,22,13,9
18/07/2013,18:00,24,17,7
18/07/2013,18:15,28,20,8
18/07/2013,18:30,18,13,5
18/07/2013,18:45,24,15,9
18/07/2013,19:00,29,19,10
18/07/2013,19:15,22,17,5
18/07/2013,19:30,9,9,0
18/07/2013,19:45,8,8,0
18/07/2013,20:00,17,16,1
18/07/2013,20:15,20,19,1
18/07/2013,20:30,5,4,1
18/07/2013,20:45,12,5,7
18/07/2013,21:00,5,3,2
18/07/2013,21:15,4,2,2
18/07/2013,21:30,0,0,0
18/07/2013,21:45,3,3,0
18/07/2013,22:00,3,2,1
18/07/2013,22:15,2,0,2
18/07/2013,22:30,4,4,0
18/07/2013,22:45,0,0,0
18/07/2013,23:00,2,0,2
18/07/2013,23:15,0,0,0
18/07/2013,23:30,1,1,0
18/07/2013,23:45,0,0,0
19/07/2013,00:00,0,0,0
19/07/2013,00:15,1,0,1
19/07/2013,00:30,0,0,0
19/07/2013,00:45,0,0,0
19/07/2013,01:00,0,0,0
19/07/2013,01:15,1,1,0
19/07/2013,01:30,0,0,0
19/07/2013,01:45,0,0,0
19/07/2013,02:00,0,0,0
19/07/2013,02:15,0,0,0
19/07/2013,02:30,0,0,0
19/07/2013,02:45,0,0,0
19/07/2013,03:00,0,0,0
19/07/2013,03:15,0,0,0
19/07/2013,03:30,0,0,0
19/07/2013,03:45,0,0,0
19/07/2013,04:00,0,0,0
19/07/2013,04:15,1,1,0
19/07/2013,04:30,1,1,0
19/07/2013,04:45,2,2,0
19/07/2013,05:00,2,1,1
19/07/2013,05:15,3,3,0
19/07/2013,05:30,10,7,3
19/07/2013,05:45,10,7,3
19/07/2013,06:00,11,10,1
19/07/2013,06:15,17,15,2
19/07/2013,06:30,24,24,0
19/07/2013,06:45,25,23,2
19/07/2013,07:00,33,30,3
19/07/2013,07:15,23,21,2
19/07/2013,07:30,16,15,1
19/07/2013,07:45,26,20,6
19/07/2013,08:00,41,26,15
19/07/2013,08:15,34,12,22
19/07/2013,08:30,20,10,10
19/07/2013,08:45,18,11,7
19/07/2013,09:00,27,12,15
19/07/2013,09:15,14,4,10
19/07/2013,09:30,17,13,4
19/07/2013,09:45,14,11,3
19/07/2013,10:00,13,4,9
19/07/2013,10:15,8,6,2
19/07/2013,10:30,27,12,15
19/07/2013,10:45,13,8,5
19/07/2013,11:00,10,6,4
19/07/2013,11:15,14,11,3
19/07/2013,11:30,17,11,6
19/07/2013,11:45,8,7,1
19/07/2013,12:00,15,14,1
19/07/2013,12:15,26,19,7
19/07/2013,12:30,21,19,2
19/07/2013,12:45,16,12,4
19/07/2013,13:00,23,18,5
19/07/2013,13:15,20,13,7
19/07/2013,13:30,5,4,1
19/07/2013,13:45,15,11,4
19/07/2013,14:00,3,3,0
19/07/2013,14:15,6,4,2
19/07/2013,14:30,8,6,2
19/07/2013,14:45,9,7,2
19/07/2013,15:00,8,6,2
19/07/2013,15:15,6,3,3
19/07/2013,15:30,5,5,0
19/07/2013,15:45,11,9,2
19/07/2013,16:00,23,14,9
19/07/2013,16:15,12,8,4
19/07/2013,16:30,21,11,10
19/07/2013,16:45,15,12,3
19/07/2013,17:00,17,10,7
19/07/2013,17:15,12,10,2
19/07/2013,17:30,21,13,8
19/07/2013,17:45,18,9,9
19/07/2013,18:00,12,9,3
19/07/2013,18:15,14,9,5
19/07/2013,18:30,22,18,4
19/07/2013,18:45,11,9,2
19/07/2013,19:00,13,13,0
19/07/2013,19:15,7,4,3
19/07/2013,19:30,9,9,0
19/07/2013,19:45,6,6,0
19/07/2013,20:00,7,4,3
19/07/2013,20:15,2,2,0
19/07/2013,20:30,2,2,0
19/07/2013,20:45,8,5,3
19/07/2013,21:00,4,4,0
19/07/2013,21:15,6,6,0
19/07/2013,21:30,7,5,2
19/07/2013,21:45,2,2,0
19/07/2013,22:00,4,3,1
19/07/2013,22:15,2,2,0
19/07/2013,22:30,1,0,1
19/07/2013,22:45,2,2,0
19/07/2013,23:00,2,2,0
19/07/2013,23:15,5,3,2
19/07/2013,23:30,2,0,2
19/07/2013,23:45,2,1,1
20/07/2013,00:00,0,0,0
20/07/2013,00:15,2,1,1
20/07/2013,00:30,1,1,0
20/07/2013,00:45,2,2,0
20/07/2013,01:00,0,0,0
20/07/2013,01:15,1,1,0
20/07/2013,01:30,1,1,0
20/07/2013,01:45,0,0,0
20/07/2013,02:00,0,0,0
20/07/2013,02:15,0,0,0
20/07/2013,02:30,0,0,0
20/07/2013,02:45,0,0,0
20/07/2013,03:00,1,1,0
20/07/2013,03:15,1,1,0
20/07/2013,03:30,2,0,2
20/07/2013,03:45,1,0,1
20/07/2013,04:00,1,1,0
20/07/2013,04:15,0,0,0
20/07/2013,04:30,0,0,0
20/07/2013,04:45,1,0,1
20/07/2013,05:00,3,1,2
20/07/2013,05:15,1,1,0
20/07/2013,05:30,2,1,1
20/07/2013,05:45,9,9,0
20/07/2013,06:00,7,6,1
20/07/2013,06:15,8,6,2
20/07/2013,06:30,19,14,5
20/07/2013,06:45,26,24,2
20/07/2013,07:00,14,12,2
20/07/2013,07:15,26,24,2
20/07/2013,07:30,28,24,4
20/07/2013,07:45,48,40,8
20/07/2013,08:00,40,33,7
20/07/2013,08:15,50,39,11
20/07/2013,08:30,47,43,4
20/07/2013,08:45,38,29,9
20/07/2013,09:00,40,32,8
20/07/2013,09:15,44,34,10
20/07/2013,09:30,40,29,11
20/07/2013,09:45,48,34,14
20/07/2013,10:00,40,34,6
20/07/2013,10:15,49,35,14
20/07/2013,10:30,35,23,12
20/07/2013,10:45,50,37,13
20/07/2013,11:00,37,28,9
20/07/2013,11:15,35,28,7
20/07/2013,11:30,27,17,10
20/07/2013,11:45,42,20,22
20/07/2013,12:00,42,23,19
20/07/2013,12:15,48,28,20
20/07/2013,12:30,45,28,17
20/07/2013,12:45,36,18,18
20/07/2013,13:00,36,21,15
20/07/2013,13:15,27,12,15
20/07/2013,13:30,18,14,4
20/07/2013,13:45,17,14,3
20/07/2013,14:00,17,9,8
20/07/2013,14:15,25,9,16
20/07/2013,14:30,19,13,6
20/07/2013,14:45,20,11,9
20/07/2013,15:00,17,8,9
20/07/2013,15:15,18,11,7
20/07/2013,15:30,29,18,11
20/07/2013,15:45,29,16,13
20/07/2013,16:00,29,11,18
20/07/2013,16:15,23,14,9
20/07/2013,16:30,19,8,11
20/07/2013,16:45,8,2,6
20/07/2013,17:00,9,6,3
20/07/2013,17:15,21,11,10
20/07/2013,17:30,18,10,8
20/07/2013,17:45,13,9,4
20/07/2013,18:00,23,14,9
20/07/2013,18:15,10,4,6
20/07/2013,18:30,23,7,16
20/07/2013,18:45,17,10,7
20/07/2013,19:00,12,5,7
20/07/2013,19:15,14,8,6
20/07/2013,19:30,15,9,6
20/07/2013,19:45,14,12,2
20/07/2013,20:00,8,7,1
20/07/2013,20:15,6,5,1
20/07/2013,20:30,15,7,8
20/07/2013,20:45,13,9,4
20/07/2013,21:00,12,10,2
20/07/2013,21:15,1,0,1
20/07/2013,21:30,4,2,2
20/07/2013,21:45,2,1,1
20/07/2013,22:00,0,0,0
20/07/2013,22:15,0,0,0
20/07/2013,22:30,4,2,2
20/07/2013,22:45,1,1,0
20/07/2013,23:00,5,5,0
20/07/2013,23:15,1,1,0
20/07/2013,23:30,0,0,0
20/07/2013,23:45,1,0,1
21/07/2013,00:00,2,1,1
21/07/2013,00:15,3,0,3
21/07/2013,00:30,0,0,0
21/07/2013,00:45,0,0,0
21/07/2013,01:00,2,2,0
21/07/2013,01:15,0,0,0
21/07/2013,01:30,2,2,0
21/07/2013,01:45,1,1,0
21/07/2013,02:00,1,0,1
21/07/2013,02:15,1,1,0
21/07/2013,02:30,0,0,0
21/07/2013,02:45,0,0,0
21/07/2013,03:00,0,0,0
21/07/2013,03:15,0,0,0
21/07/2013,03:30,0,0,0
21/07/2013,03:45,1,0,1
21/07/2013,04:00,0,0,0
21/07/2013,04:15,0,0,0
21/07/2013,04:30,0,0,0
21/07/2013,04:45,0,0,0
21/07/2013,05:00,2,1,1
21/07/2013,05:15,2,2,0
21/07/2013,05:30,6,4,2
21/07/2013,05:45,2,1,1
21/07/2013,06:00,4,3,1
21/07/2013,06:15,5,3,2
21/07/2013,06:30,13,11,2
21/07/2013,06:45,17,15,2
21/07/2013,07:00,8,6,2
21/07/2013,07:15,30,26,4
21/07/2013,07:30,30,27,3
21/07/2013,07:45,21,16,5
21/07/2013,08:00,26,11,15
21/07/2013,08:15,33,15,18
21/07/2013,08:30,25,9,16
21/07/2013,08:45,35,18,17
21/07/2013,09:00,40,19,21
21/07/2013,09:15,53,22,31
21/07/2013,09:30,50,26,24
21/07/2013,09:45,41,17,24
21/07/2013,10:00,56,28,28
21/07/2013,10:15,48,27,21
21/07/2013,10:30,42,22,20
21/07/2013,10:45,48,30,18
21/07/2013,11:00,47,29,18
21/07/2013,11:15,61,31,30
21/07/2013,11:30,14,7,7
21/07/2013,11:45,68,39,29
21/07/2013,12:00,44,26,18
21/07/2013,12:15,58,36,22
21/07/2013,12:30,39,18,21
21/07/2013,12:45,44,29,15
21/07/2013,13:00,37,21,16
21/07/2013,13:15,45,22,23
21/07/2013,13:30,49,30,19
21/07/2013,13:45,53,38,15
21/07/2013,14:00,29,19,10
21/07/2013,14:15,41,27,14
21/07/2013,14:30,33,20,13
21/07/2013,14:45,28,13,15
21/07/2013,15:00,23,15,8
21/07/2013,15:15,32,14,18
21/07/2013,15:30,25,12,13
21/07/2013,15:45,25,14,11
21/07/2013,16:00,17,11,6
21/07/2013,16:15,11,9,2
21/07/2013,16:30,21,12,9
21/07/2013,16:45,15,8,7
21/07/2013,17:00,15,8,7
21/07/2013,17:15,8,5,3
21/07/2013,17:30,8,7,1
21/07/2013,17:45,15,7,8
21/07/2013,18:00,7,3,4
21/07/2013,18:15,10,3,7
21/07/2013,18:30,8,1,7
21/07/2013,18:45,13,9,4
21/07/2013,19:00,15,10,5
21/07/2013,19:15,16,9,7
21/07/2013,19:30,22,20,2
21/07/2013,19:45,15,11,4
21/07/2013,20:00,12,9,3
21/07/2013,20:15,11,8,3
21/07/2013,20:30,11,8,3
21/07/2013,20:45,7,6,1
21/07/2013,21:00,5,5,0
21/07/2013,21:15,5,4,1
21/07/2013,21:30,7,7,0
21/07/2013,21:45,4,3,1
21/07/2013,22:00,6,4,2
21/07/2013,22:15,0,0,0
21/07/2013,22:30,1,1,0
21/07/2013,22:45,1,0,1
21/07/2013,23:00,5,2,3
21/07/2013,23:15,0,0,0
21/07/2013,23:30,1,1,0
21/07/2013,23:45,1,0,1
22/07/2013,00:00,3,2,1
22/07/2013,00:15,2,1,1
22/07/2013,00:30,0,0,0
22/07/2013,00:45,0,0,0
22/07/2013,01:00,2,2,0
22/07/2013,01:15,0,0,0
22/07/2013,01:30,1,1,0
22/07/2013,01:45,0,0,0
22/07/2013,02:00,0,0,0
22/07/2013,02:15,0,0,0
22/07/2013,02:30,1,0,1
22/07/2013,02:45,0,0,0
22/07/2013,03:00,0,0,0
22/07/2013,03:15,0,0,0
22/07/2013,03:30,0,0,0
22/07/2013,03:45,0,0,0
22/07/2013,04:00,2,2,0
22/07/2013,04:15,2,1,1
22/07/2013,04:30,0,0,0
22/07/2013,04:45,6,4,2
22/07/2013,05:00,9,7,2
22/07/2013,05:15,2,0,2
22/07/2013,05:30,9,5,4
22/07/2013,05:45,9,4,5
22/07/2013,06:00,15,6,9
22/07/2013,06:15,16,5,11
22/07/2013,06:30,23,9,14
22/07/2013,06:45,22,6,16
22/07/2013,07:00,36,15,21
22/07/2013,07:15,25,6,19
22/07/2013,07:30,34,20,14
22/07/2013,07:45,25,7,18
22/07/2013,08:00,29,12,17
22/07/2013,08:15,30,12,18
22/07/2013,08:30,41,20,21
22/07/2013,08:45,31,13,18
22/07/2013,09:00,19,7,12
22/07/2013,09:15,18,10,8
22/07/2013,09:30,16,8,8
22/07/2013,09:45,22,11,11
22/07/2013,10:00,12,4,8
22/07/2013,10:15,23,13,10
22/07/2013,10:30,11,2,9
22/07/2013,10:45,12,5,7
22/07/2013,11:00,11,5,6
22/07/2013,11:15,25,14,11
22/07/2013,11:30,19,8,11
22/07/2013,11:45,14,9,5
22/07/2013,12:00,9,4,5
22/07/2013,12:15,14,10,4
22/07/2013,12:30,22,10,12
22/07/2013,12:45,11,9,2
22/07/2013,13:00,12,10,2
22/07/2013,13:15,25,16,9
22/07/2013,13:30,15,13,2
22/07/2013,13:45,7,6,1
22/07/2013,14:00,12,10,2
22/07/2013,14:15,10,7,3
22/07/2013,14:30,14,6,8
22/07/2013,14:45,17,4,13
22/07/2013,15:00,15,7,8
22/07/2013,15:15,10,4,6
22/07/2013,15:30,14,7,7
22/07/2013,15:45,20,11,9
22/07/2013,16:00,14,7,7
22/07/2013,16:15,12,4,8
22/07/2013,16:30,23,13,10
22/07/2013,16:45,46,30,16
22/07/2013,17:00,32,21,11
22/07/2013,17:15,34,16,18
22/07/2013,17:30,36,24,12
22/07/2013,17:45,41,22,19
22/07/2013,18:00,45,28,17
22/07/2013,18:15,44,26,18
22/07/2013,18:30,36,20,16
22/07/2013,18:45,34,21,13
22/07/2013,19:00,29,23,6
22/07/2013,19:15,43,26,17
22/07/2013,19:30,38,26,12
22/07/2013,19:45,34,20,14
22/07/2013,20:00,16,11,5
22/07/2013,20:15,30,21,9
22/07/2013,20:30,18,13,5
22/07/2013,20:45,8,4,4
22/07/2013,21:00,8,4,4
22/07/2013,21:15,8,6,2
22/07/2013,21:30,4,3,1
22/07/2013,21:45,2,1,1
22/07/2013,22:00,3,2,1
22/07/2013,22:15,3,1,2
22/07/2013,22:30,4,3,1
22/07/2013,22:45,5,3,2
22/07/2013,23:00,4,3,1
22/07/2013,23:15,1,1,0
22/07/2013,23:30,2,1,1
22/07/2013,23:45,0,0,0
23/07/2013,00:00,1,0,1
23/07/2013,00:15,1,1,0
23/07/2013,00:30,1,1,0
23/07/2013,00:45,0,0,0
23/07/2013,01:00,0,0,0
23/07/2013,01:15,0,0,0
23/07/2013,01:30,0,0,0
23/07/2013,01:45,0,0,0
23/07/2013,02:00,0,0,0
23/07/2013,02:15,0,0,0
23/07/2013,02:30,1,0,1
23/07/2013,02:45,0,0,0
23/07/2013,03:00,0,0,0
23/07/2013,03:15,0,0,0
23/07/2013,03:30,0,0,0
23/07/2013,03:45,3,1,2
23/07/2013,04:00,0,0,0
23/07/2013,04:15,0,0,0
23/07/2013,04:30,1,1,0
23/07/2013,04:45,3,0,3
23/07/2013,05:00,2,2,0
23/07/2013,05:15,8,4,4
23/07/2013,05:30,7,4,3
23/07/2013,05:45,9,5,4
23/07/2013,06:00,14,5,9
23/07/2013,06:15,22,9,13
23/07/2013,06:30,42,18,24
23/07/2013,06:45,27,4,23
23/07/2013,07:00,44,13,31
23/07/2013,07:15,29,5,24
23/07/2013,07:30,50,19,31
23/07/2013,07:45,32,14,18
23/07/2013,08:00,35,12,23
23/07/2013,08:15,25,13,12
23/07/2013,08:30,22,7,15
23/07/2013,08:45,27,14,13
23/07/2013,09:00,29,14,15
23/07/2013,09:15,19,10,9
23/07/2013,09:30,10,4,6
23/07/2013,09:45,13,5,8
23/07/2013,10:00,19,9,10
23/07/2013,10:15,12,4,8
23/07/2013,10:30,17,9,8
23/07/2013,10:45,18,9,9
23/07/2013,11:00,13,6,7
23/07/2013,11:15,16,8,8
23/07/2013,11:30,18,8,10
23/07/2013,11:45,11,4,7
23/07/2013,12:00,12,7,5
23/07/2013,12:15,12,8,4
23/07/2013,12:30,14,7,7
23/07/2013,12:45,14,7,7
23/07/2013,13:00,14,8,6
23/07/2013,13:15,20,15,5
23/07/2013,13:30,14,8,6
23/07/2013,13:45,12,5,7
23/07/2013,14:00,11,6,5
23/07/2013,14:15,8,3,5
23/07/2013,14:30,9,4,5
23/07/2013,14:45,8,2,6
23/07/2013,15:00,10,5,5
23/07/2013,15:15,11,5,6
23/07/2013,15:30,8,4,4
23/07/2013,15:45,16,9,7
23/07/2013,16:00,11,4,7
23/07/2013,16:15,11,4,7
23/07/2013,16:30,17,12,5
23/07/2013,16:45,38,22,16
23/07/2013,17:00,32,15,17
23/07/2013,17:15,46,26,20
23/07/2013,17:30,41,26,15
23/07/2013,17:45,38,25,13
23/07/2013,18:00,45,23,22
23/07/2013,18:15,49,29,20
23/07/2013,18:30,54,34,20
23/07/2013,18:45,63,28,35
23/07/2013,19:00,47,26,21
23/07/2013,19:15,41,27,14
23/07/2013,19:30,40,24,16
23/07/2013,19:45,30,21,9
23/07/2013,20:00,37,28,9
23/07/2013,20:15,29,23,6
23/07/2013,20:30,21,13,8
23/07/2013,20:45,23,13,10
23/07/2013,21:00,7,4,3
23/07/2013,21:15,10,7,3
23/07/2013,21:30,5,3,2
23/07/2013,21:45,10,1,9
23/07/2013,22:00,3,1,2
23/07/2013,22:15,1,0,1
23/07/2013,22:30,3,1,2
23/07/2013,22:45,1,0,1
23/07/2013,23:00,0,0,0
23/07/2013,23:15,0,0,0
23/07/2013,23:30,1,1,0
23/07/2013,23:45,1,1,0
24/07/2013,00:00,0,0,0
24/07/2013,00:15,1,0,1
24/07/2013,00:30,1,0,1
24/07/2013,00:45,0,0,0
24/07/2013,01:00,0,0,0
24/07/2013,01:15,0,0,0
24/07/2013,01:30,0,0,0
24/07/2013,01:45,0,0,0
24/07/2013,02:00,0,0,0
24/07/2013,02:15,1,1,0
24/07/2013,02:30,0,0,0
24/07/2013,02:45,0,0,0
24/07/2013,03:00,0,0,0
24/07/2013,03:15,0,0,0
24/07/2013,03:30,0,0,0
24/07/2013,03:45,1,1,0
24/07/2013,04:00,3,2,1
24/07/2013,04:15,2,2,0
24/07/2013,04:30,0,0,0
24/07/2013,04:45,2,1,1
24/07/2013,05:00,0,0,0
24/07/2013,05:15,5,2,3
24/07/2013,05:30,9,5,4
24/07/2013,05:45,15,9,6
24/07/2013,06:00,17,9,8
24/07/2013,06:15,19,10,9
24/07/2013,06:30,38,15,23
24/07/2013,06:45,45,22,23
24/07/2013,07:00,30,17,13
24/07/2013,07:15,44,19,25
24/07/2013,07:30,33,17,16
24/07/2013,07:45,28,16,12
24/07/2013,08:00,36,14,22
24/07/2013,08:15,28,10,18
24/07/2013,08:30,32,7,25
24/07/2013,08:45,26,12,14
24/07/2013,09:00,23,6,17
24/07/2013,09:15,17,6,11
24/07/2013,09:30,12,7,5
24/07/2013,09:45,24,7,17
24/07/2013,10:00,20,10,10
24/07/2013,10:15,18,7,11
24/07/2013,10:30,22,6,16
24/07/2013,10:45,19,9,10
24/07/2013,11:00,13,6,7
24/07/2013,11:15,14,7,7
24/07/2013,11:30,14,2,12
24/07/2013,11:45,16,9,7
24/07/2013,12:00,16,8,8
24/07/2013,12:15,16,7,9
24/07/2013,12:30,24,9,15
24/07/2013,12:45,15,4,11
24/07/2013,13:00,23,14,9
24/07/2013,13:15,17,9,8
24/07/2013,13:30,21,5,16
24/07/2013,13:45,9,2,7
24/07/2013,14:00,13,5,8
24/07/2013,14:15,19,7,12
24/07/2013,14:30,13,4,9
24/07/2013,14:45,14,8,6
24/07/2013,15:00,9,3,6
24/07/2013,15:15,14,8,6
24/07/2013,15:30,18,6,12
24/07/2013,15:45,23,9,14
24/07/2013,16:00,19,7,12
24/07/2013,16:15,18,9,9
24/07/2013,16:30,23,10,13
24/07/2013,16:45,34,12,22
24/07/2013,17:00,36,17,19
24/07/2013,17:15,37,19,18
24/07/2013,17:30,43,24,19
24/07/2013,17:45,56,24,32
24/07/2013,18:00,56,31,25
24/07/2013,18:15,43,27,16
24/07/2013,18:30,48,24,24
24/07/2013,18:45,54,25,29
24/07/2013,19:00,39,14,25
24/07/2013,19:15,38,22,16
24/07/2013,19:30,12,6,6
24/07/2013,19:45,38,20,18
24/07/2013,20:00,38,22,16
24/07/2013,20:15,35,14,21
24/07/2013,20:30,16,10,6
24/07/2013,20:45,14,8,6
24/07/2013,21:00,17,12,5
24/07/2013,21:15,12,5,7
24/07/2013,21:30,3,1,2
24/07/2013,21:45,2,0,2
24/07/2013,22:00,1,0,1
24/07/2013,22:15,1,0,1
24/07/2013,22:30,6,3,3
24/07/2013,22:45,2,1,1
24/07/2013,23:00,5,2,3
24/07/2013,23:15,1,1,0
24/07/2013,23:30,2,2,0
24/07/2013,23:45,1,0,1
25/07/2013,00:00,1,0,1
25/07/2013,00:15,0,0,0
25/07/2013,00:30,0,0,0
25/07/2013,00:45,1,1,0
25/07/2013,01:00,0,0,0
25/07/2013,01:15,1,0,1
25/07/2013,01:30,0,0,0
25/07/2013,01:45,0,0,0
25/07/2013,02:00,1,0,1
25/07/2013,02:15,1,0,1
25/07/2013,02:30,0,0,0
25/07/2013,02:45,2,0,2
25/07/2013,03:00,0,0,0
25/07/2013,03:15,0,0,0
25/07/2013,03:30,0,0,0
25/07/2013,03:45,1,0,1
25/07/2013,04:00,5,4,1
25/07/2013,04:15,0,0,0
25/07/2013,04:30,1,0,1
25/07/2013,04:45,0,0,0
25/07/2013,05:00,3,3,0
25/07/2013,05:15,7,3,4
25/07/2013,05:30,6,4,2
25/07/2013,05:45,16,7,9
25/07/2013,06:00,12,4,8
25/07/2013,06:15,25,6,19
25/07/2013,06:30,34,9,25
25/07/2013,06:45,37,12,25
25/07/2013,07:00,41,18,23
25/07/2013,07:15,43,15,28
25/07/2013,07:30,38,12,26
25/07/2013,07:45,35,15,20
25/07/2013,08:00,28,8,20
25/07/2013,08:15,30,10,20
25/07/2013,08:30,27,7,20
25/07/2013,08:45,28,14,14
25/07/2013,09:00,17,5,12
25/07/2013,09:15,25,15,10
25/07/2013,09:30,21,7,14
25/07/2013,09:45,22,15,7
25/07/2013,10:00,8,2,6
25/07/2013,10:15,20,8,12
25/07/2013,10:30,16,3,13
25/07/2013,10:45,12,6,6
25/07/2013,11:00,22,18,4
25/07/2013,11:15,17,14,3
25/07/2013,11:30,15,4,11
25/07/2013,11:45,27,10,17
25/07/2013,12:00,34,23,11
25/07/2013,12:15,15,7,8
25/07/2013,12:30,17,10,7
25/07/2013,12:45,16,5,11
25/07/2013,13:00,18,11,7
25/07/2013,13:15,22,10,12
25/07/2013,13:30,23,15,8
25/07/2013,13:45,16,7,9
25/07/2013,14:00,39,14,25
25/07/2013,14:15,19,11,8
25/07/2013,14:30,13,6,7
25/07/2013,14:45,25,15,10
25/07/2013,15:00,18,9,9
25/07/2013,15:15,22,11,11
25/07/2013,15:30,15,5,10
25/07/2013,15:45,21,12,9
25/07/2013,16:00,31,11,20
25/07/2013,16:15,27,9,18
25/07/2013,16:30,21,11,10
25/07/2013,16:45,37,8,29
25/07/2013,17:00,48,31,17
25/07/2013,17:15,41,14,27
25/07/2013,17:30,56,21,35
25/07/2013,17:45,44,16,28
25/07/2013,18:00,56,20,36
25/07/2013,18:15,67,34,33
25/07/2013,18:30,62,18,44
25/07/2013,18:45,47,21,26
25/07/2013,19:00,63,26,37
25/07/2013,19:15,52,26,26
25/07/2013,19:30,45,22,23
25/07/2013,19:45,35,22,13
25/07/2013,20:00,38,16,22
25/07/2013,20:15,33,20,13
25/07/2013,20:30,29,15,14
25/07/2013,20:45,16,9,7
25/07/2013,21:00,6,3,3
25/07/2013,21:15,3,1,2
25/07/2013,21:30,2,0,2
25/07/2013,21:45,3,0,3
25/07/2013,22:00,3,2,1
25/07/2013,22:15,4,3,1
25/07/2013,22:30,4,3,1
25/07/2013,22:45,3,2,1
25/07/2013,23:00,1,0,1
25/07/2013,23:15,0,0,0
25/07/2013,23:30,4,2,2
25/07/2013,23:45,4,3,1
26/07/2013,00:00,2,0,2
26/07/2013,00:15,3,2,1
26/07/2013,00:30,0,0,0
26/07/2013,00:45,0,0,0
26/07/2013,01:00,0,0,0
26/07/2013,01:15,0,0,0
26/07/2013,01:30,1,1,0
26/07/2013,01:45,0,0,0
26/07/2013,02:00,0,0,0
26/07/2013,02:15,0,0,0
26/07/2013,02:30,0,0,0
26/07/2013,02:45,0,0,0
26/07/2013,03:00,0,0,0
26/07/2013,03:15,0,0,0
26/07/2013,03:30,0,0,0
26/07/2013,03:45,1,1,0
26/07/2013,04:00,0,0,0
26/07/2013,04:15,0,0,0
26/07/2013,04:30,1,1,0
26/07/2013,04:45,3,2,1
26/07/2013,05:00,2,2,0
26/07/2013,05:15,1,1,0
26/07/2013,05:30,10,5,5
26/07/2013,05:45,15,7,8
26/07/2013,06:00,15,5,10
26/07/2013,06:15,12,4,8
26/07/2013,06:30,27,11,16
26/07/2013,06:45,28,7,21
26/07/2013,07:00,25,7,18
26/07/2013,07:15,32,10,22
26/07/2013,07:30,29,14,15
26/07/2013,07:45,34,12,22
26/07/2013,08:00,34,13,21
26/07/2013,08:15,36,9,27
26/07/2013,08:30,37,14,23
26/07/2013,08:45,34,9,25
26/07/2013,09:00,15,6,9
26/07/2013,09:15,13,5,8
26/07/2013,09:30,17,10,7
26/07/2013,09:45,24,9,15
26/07/2013,10:00,29,14,15
26/07/2013,10:15,26,12,14
26/07/2013,10:30,37,24,13
26/07/2013,10:45,23,10,13
26/07/2013,11:00,26,16,10
26/07/2013,11:15,37,22,15
26/07/2013,11:30,31,12,19
26/07/2013,11:45,20,9,11
26/07/2013,12:00,30,18,12
26/07/2013,12:15,23,15,8
26/07/2013,12:30,21,9,12
26/07/2013,12:45,17,8,9
26/07/2013,13:00,10,7,3
26/07/2013,13:15,18,7,11
26/07/2013,13:30,17,10,7
26/07/2013,13:45,20,8,12
26/07/2013,14:00,20,7,13
26/07/2013,14:15,25,17,8
26/07/2013,14:30,18,10,8
26/07/2013,14:45,19,11,8
26/07/2013,15:00,21,13,8
26/07/2013,15:15,20,10,10
26/07/2013,15:30,23,9,14
26/07/2013,15:45,20,6,14
26/07/2013,16:00,24,8,16
26/07/2013,16:15,35,18,17
26/07/2013,16:30,42,22,20
26/07/2013,16:45,37,20,17
26/07/2013,17:00,45,25,20
26/07/2013,17:15,37,20,17
26/07/2013,17:30,42,15,27
26/07/2013,17:45,46,27,19
26/07/2013,18:00,46,20,26
26/07/2013,18:15,32,15,17
26/07/2013,18:30,31,13,18
26/07/2013,18:45,41,24,17
26/07/2013,19:00,27,11,16
26/07/2013,19:15,31,15,16
26/07/2013,19:30,34,15,19
26/07/2013,19:45,21,11,10
26/07/2013,20:00,19,10,9
26/07/2013,20:15,21,12,9
26/07/2013,20:30,13,8,5
26/07/2013,20:45,17,10,7
26/07/2013,21:00,16,5,11
26/07/2013,21:15,14,3,11
26/07/2013,21:30,3,3,0
26/07/2013,21:45,3,1,2
26/07/2013,22:00,3,2,1
26/07/2013,22:15,0,0,0
26/07/2013,22:30,4,1,3
26/07/2013,22:45,3,0,3
26/07/2013,23:00,1,1,0
26/07/2013,23:15,2,1,1
26/07/2013,23:30,2,0,2
26/07/2013,23:45,2,2,0
27/07/2013,00:00,3,1,2
27/07/2013,00:15,0,0,0
27/07/2013,00:30,1,1,0
27/07/2013,00:45,1,1,0
27/07/2013,01:00,0,0,0
27/07/2013,01:15,1,0,1
27/07/2013,01:30,1,0,1
27/07/2013,01:45,1,0,1
27/07/2013,02:00,0,0,0
27/07/2013,02:15,1,0,1
27/07/2013,02:30,0,0,0
27/07/2013,02:45,0,0,0
27/07/2013,03:00,2,1,1
27/07/2013,03:15,0,0,0
27/07/2013,03:30,0,0,0
27/07/2013,03:45,0,0,0
27/07/2013,04:00,0,0,0
27/07/2013,04:15,0,0,0
27/07/2013,04:30,1,1,0
27/07/2013,04:45,1,0,1
27/07/2013,05:00,2,1,1
27/07/2013,05:15,0,0,0
27/07/2013,05:30,4,2,2
27/07/2013,05:45,3,1,2
27/07/2013,06:00,3,1,2
27/07/2013,06:15,9,6,3
27/07/2013,06:30,14,11,3
27/07/2013,06:45,22,9,13
27/07/2013,07:00,13,5,8
27/07/2013,07:15,15,6,9
27/07/2013,07:30,32,13,19
27/07/2013,07:45,21,12,9
27/07/2013,08:00,41,22,19
27/07/2013,08:15,29,14,15
27/07/2013,08:30,33,12,21
27/07/2013,08:45,53,27,26
27/07/2013,09:00,45,19,26
27/07/2013,09:15,41,13,28
27/07/2013,09:30,47,15,32
27/07/2013,09:45,57,23,34
27/07/2013,10:00,39,12,27
27/07/2013,10:15,61,25,36
27/07/2013,10:30,49,19,30
27/07/2013,10:45,49,20,29
27/07/2013,11:00,56,24,32
27/07/2013,11:15,39,18,21
27/07/2013,11:30,64,29,35
27/07/2013,11:45,46,24,22
27/07/2013,12:00,64,34,30
27/07/2013,12:15,45,21,24
27/07/2013,12:30,55,25,30
27/07/2013,12:45,45,24,21
27/07/2013,13:00,33,14,19
27/07/2013,13:15,42,24,18
27/07/2013,13:30,57,40,17
27/07/2013,13:45,47,30,17
27/07/2013,14:00,45,25,20
27/07/2013,14:15,54,33,21
27/07/2013,14:30,41,18,23
27/07/2013,14:45,34,16,18
27/07/2013,15:00,29,15,14
27/07/2013,15:15,40,18,22
27/07/2013,15:30,46,26,20
27/07/2013,15:45,29,17,12
27/07/2013,16:00,21,9,12
27/07/2013,16:15,32,14,18
27/07/2013,16:30,42,17,25
27/07/2013,16:45,21,11,10
27/07/2013,17:00,16,7,9
27/07/2013,17:15,6,3,3
27/07/2013,17:30,8,6,2
27/07/2013,17:45,9,3,6
27/07/2013,18:00,14,7,7
27/07/2013,18:15,5,4,1
27/07/2013,18:30,17,11,6
27/07/2013,18:45,2,2,0
27/07/2013,19:00,10,5,5
27/07/2013,19:15,8,3,5
27/07/2013,19:30,3,1,2
27/07/2013,19:45,13,4,9
27/07/2013,20:00,7,1,6
27/07/2013,20:15,11,5,6
27/07/2013,20:30,4,2,2
27/07/2013,20:45,2,1,1
27/07/2013,21:00,7,5,2
27/07/2013,21:15,2,1,1
27/07/2013,21:30,1,1,0
27/07/2013,21:45,2,1,1
27/07/2013,22:00,5,3,2
27/07/2013,22:15,5,2,3
27/07/2013,22:30,0,0,0
27/07/2013,22:45,3,3,0
27/07/2013,23:00,3,1,2
27/07/2013,23:15,1,1,0
27/07/2013,23:30,0,0,0
27/07/2013,23:45,0,0,0
28/07/2013,00:00,0,0,0
28/07/2013,00:15,0,0,0
28/07/2013,00:30,3,1,2
28/07/2013,00:45,3,2,1
28/07/2013,01:00,0,0,0
28/07/2013,01:15,0,0,0
28/07/2013,01:30,0,0,0
28/07/2013,01:45,1,0,1
28/07/2013,02:00,0,0,0
28/07/2013,02:15,1,1,0
28/07/2013,02:30,0,0,0
28/07/2013,02:45,0,0,0
28/07/2013,03:00,0,0,0
28/07/2013,03:15,0,0,0
28/07/2013,03:30,0,0,0
28/07/2013,03:45,5,1,4
28/07/2013,04:00,0,0,0
28/07/2013,04:15,0,0,0
28/07/2013,04:30,1,0,1
28/07/2013,04:45,0,0,0
28/07/2013,05:00,1,0,1
28/07/2013,05:15,0,0,0
28/07/2013,05:30,2,0,2
28/07/2013,05:45,2,1,1
28/07/2013,06:00,3,1,2
28/07/2013,06:15,5,2,3
28/07/2013,06:30,4,1,3
28/07/2013,06:45,5,2,3
28/07/2013,07:00,4,2,2
28/07/2013,07:15,13,3,10
28/07/2013,07:30,13,6,7
28/07/2013,07:45,11,5,6
28/07/2013,08:00,23,8,15
28/07/2013,08:15,17,8,9
28/07/2013,08:30,31,13,18
28/07/2013,08:45,23,8,15
28/07/2013,09:00,34,15,19
28/07/2013,09:15,38,14,24
28/07/2013,09:30,37,15,22
28/07/2013,09:45,39,17,22
28/07/2013,10:00,35,15,20
28/07/2013,10:15,40,20,20
28/07/2013,10:30,30,12,18
28/07/2013,10:45,55,21,34
28/07/2013,11:00,39,16,23
28/07/2013,11:15,51,23,28
28/07/2013,11:30,40,9,31
28/07/2013,11:45,52,31,21
28/07/2013,12:00,51,24,27
28/07/2013,12:15,49,25,24
28/07/2013,12:30,41,29,12
28/07/2013,12:45,41,21,20
28/07/2013,13:00,26,16,10
28/07/2013,13:15,30,16,14
28/07/2013,13:30,47,24,23
28/07/2013,13:45,35,20,15
28/07/2013,14:00,34,20,14
28/07/2013,14:15,23,12,11
28/07/2013,14:30,35,23,12
28/07/2013,14:45,28,14,14
28/07/2013,15:00,28,9,19
28/07/2013,15:15,38,15,23
28/07/2013,15:30,44,23,21
28/07/2013,15:45,28,12,16
28/07/2013,16:00,36,16,20
28/07/2013,16:15,49,21,28
28/07/2013,16:30,20,11,9
28/07/2013,16:45,33,10,23
28/07/2013,17:00,20,7,13
28/07/2013,17:15,38,14,24
28/07/2013,17:30,19,13,6
28/07/2013,17:45,21,8,13
28/07/2013,18:00,6,3,3
28/07/2013,18:15,10,8,2
28/07/2013,18:30,7,2,5
28/07/2013,18:45,12,5,7
28/07/2013,19:00,13,6,7
28/07/2013,19:15,17,5,12
28/07/2013,19:30,10,7,3
28/07/2013,19:45,9,5,4
28/07/2013,20:00,13,6,7
28/07/2013,20:15,24,13,11
28/07/2013,20:30,15,9,6
28/07/2013,20:45,5,2,3
28/07/2013,21:00,7,4,3
28/07/2013,21:15,2,1,1
28/07/2013,21:30,1,0,1
28/07/2013,21:45,5,3,2
28/07/2013,22:00,2,1,1
28/07/2013,22:15,2,0,2
28/07/2013,22:30,4,0,4
28/07/2013,22:45,0,0,0
28/07/2013,23:00,3,1,2
28/07/2013,23:15,2,0,2
28/07/2013,23:30,0,0,0
28/07/2013,23:45,1,0,1
29/07/2013,00:00,1,0,1
29/07/2013,00:15,0,0,0
29/07/2013,00:30,0,0,0
29/07/2013,00:45,0,0,0
29/07/2013,01:00,1,0,1
29/07/2013,01:15,1,0,1
29/07/2013,01:30,0,0,0
29/07/2013,01:45,0,0,0
29/07/2013,02:00,0,0,0
29/07/2013,02:15,1,0,1
29/07/2013,02:30,0,0,0
29/07/2013,02:45,0,0,0
29/07/2013,03:00,3,3,0
29/07/2013,03:15,0,0,0
29/07/2013,03:30,0,0,0
29/07/2013,03:45,1,1,0
29/07/2013,04:00,1,0,1
29/07/2013,04:15,1,1,0
29/07/2013,04:30,0,0,0
29/07/2013,04:45,3,1,2
29/07/2013,05:00,1,1,0
29/07/2013,05:15,1,1,0
29/07/2013,05:30,10,4,6
29/07/2013,05:45,15,10,5
29/07/2013,06:00,12,8,4
29/07/2013,06:15,16,9,7
29/07/2013,06:30,24,10,14
29/07/2013,06:45,32,14,18
29/07/2013,07:00,36,16,20
29/07/2013,07:15,41,10,31
29/07/2013,07:30,42,20,22
29/07/2013,07:45,36,12,24
29/07/2013,08:00,27,9,18
29/07/2013,08:15,24,7,17
29/07/2013,08:30,30,13,17
29/07/2013,08:45,27,12,15
29/07/2013,09:00,21,10,11
29/07/2013,09:15,15,7,8
29/07/2013,09:30,15,8,7
29/07/2013,09:45,18,8,10
29/07/2013,10:00,15,8,7
29/07/2013,10:15,17,10,7
29/07/2013,10:30,27,15,12
29/07/2013,10:45,23,10,13
29/07/2013,11:00,14,8,6
29/07/2013,11:15,33,20,13
29/07/2013,11:30,23,15,8
29/07/2013,11:45,25,15,10
29/07/2013,12:00,16,6,10
29/07/2013,12:15,32,15,17
29/07/2013,12:30,28,17,11
29/07/2013,12:45,16,10,6
29/07/2013,13:00,13,3,10
29/07/2013,13:15,23,13,10
29/07/2013,13:30,18,12,6
29/07/2013,13:45,17,6,11
29/07/2013,14:00,15,11,4
29/07/2013,14:15,24,10,14
29/07/2013,14:30,41,12,29
29/07/2013,14:45,23,11,12
29/07/2013,15:00,24,7,17
29/07/2013,15:15,21,10,11
29/07/2013,15:30,25,7,18
29/07/2013,15:45,24,9,15
29/07/2013,16:00,29,17,12
29/07/2013,16:15,20,9,11
29/07/2013,16:30,36,15,21
29/07/2013,16:45,41,19,22
29/07/2013,17:00,48,21,27
29/07/2013,17:15,52,21,31
29/07/2013,17:30,53,19,34
29/07/2013,17:45,59,34,25
29/07/2013,18:00,71,26,45
29/07/2013,18:15,71,30,41
29/07/2013,18:30,74,35,39
29/07/2013,18:45,67,30,37
29/07/2013,19:00,48,26,22
29/07/2013,19:15,73,28,45
29/07/2013,19:30,66,28,38
29/07/2013,19:45,53,32,21
29/07/2013,20:00,37,17,20
29/07/2013,20:15,41,22,19
29/07/2013,20:30,31,22,9
29/07/2013,20:45,17,9,8
29/07/2013,21:00,13,6,7
29/07/2013,21:15,18,8,10
29/07/2013,21:30,9,5,4
29/07/2013,21:45,5,2,3
29/07/2013,22:00,4,2,2
29/07/2013,22:15,2,1,1
29/07/2013,22:30,1,0,1
29/07/2013,22:45,1,1,0
29/07/2013,23:00,2,0,2
29/07/2013,23:15,0,0,0
29/07/2013,23:30,2,0,2
29/07/2013,23:45,1,0,1
30/07/2013,00:00,2,1,1
30/07/2013,00:15,0,0,0
30/07/2013,00:30,0,0,0
30/07/2013,00:45,0,0,0
30/07/2013,01:00,0,0,0
30/07/2013,01:15,0,0,0
30/07/2013,01:30,0,0,0
30/07/2013,01:45,1,1,0
30/07/2013,02:00,0,0,0
30/07/2013,02:15,0,0,0
30/07/2013,02:30,0,0,0
30/07/2013,02:45,0,0,0
30/07/2013,03:00,0,0,0
30/07/2013,03:15,1,1,0
30/07/2013,03:30,0,0,0
30/07/2013,03:45,0,0,0
30/07/2013,04:00,3,3,0
30/07/2013,04:15,4,3,1
30/07/2013,04:30,0,0,0
30/07/2013,04:45,1,0,1
30/07/2013,05:00,1,0,1
30/07/2013,05:15,4,2,2
30/07/2013,05:30,13,9,4
30/07/2013,05:45,20,12,8
30/07/2013,06:00,20,12,8
30/07/2013,06:15,23,10,13
30/07/2013,06:30,34,8,26
30/07/2013,06:45,39,15,24
30/07/2013,07:00,39,12,27
30/07/2013,07:15,41,16,25
30/07/2013,07:30,33,13,20
30/07/2013,07:45,44,9,35
30/07/2013,08:00,45,22,23
30/07/2013,08:15,38,10,28
30/07/2013,08:30,25,10,15
30/07/2013,08:45,33,9,24
30/07/2013,09:00,19,6,13
30/07/2013,09:15,19,6,13
30/07/2013,09:30,18,8,10
30/07/2013,09:45,21,10,11
30/07/2013,10:00,27,17,10
30/07/2013,10:15,34,15,19
30/07/2013,10:30,25,7,18
30/07/2013,10:45,31,19,12
30/07/2013,11:00,34,19,15
30/07/2013,11:15,20,14,6
30/07/2013,11:30,19,9,10
30/07/2013,11:45,28,14,14
30/07/2013,12:00,22,19,3
30/07/2013,12:15,38,21,17
30/07/2013,12:30,21,14,7
30/07/2013,12:45,21,13,8
30/07/2013,13:00,18,5,13
30/07/2013,13:15,9,6,3
30/07/2013,13:30,42,24,18
30/07/2013,13:45,20,7,13
30/07/2013,14:00,22,15,7
30/07/2013,14:15,24,7,17
30/07/2013,14:30,16,9,7
30/07/2013,14:45,9,6,3
30/07/2013,15:00,19,6,13
30/07/2013,15:15,10,7,3
30/07/2013,15:30,28,10,18
30/07/2013,15:45,21,11,10
30/07/2013,16:00,18,4,14
30/07/2013,16:15,27,13,14
30/07/2013,16:30,36,12,24
30/07/2013,16:45,36,19,17
30/07/2013,17:00,48,17,31
30/07/2013,17:15,50,20,30
30/07/2013,17:30,58,24,34
30/07/2013,17:45,46,19,27
30/07/2013,18:00,72,35,37
30/07/2013,18:15,68,37,31
30/07/2013,18:30,69,33,36
30/07/2013,18:45,78,29,49
30/07/2013,19:00,58,31,27
30/07/2013,19:15,66,31,35
30/07/2013,19:30,63,25,38
30/07/2013,19:45,56,22,34
30/07/2013,20:00,31,10,21
30/07/2013,20:15,28,12,16
30/07/2013,20:30,29,17,12
30/07/2013,20:45,17,9,8
30/07/2013,21:00,14,9,5
30/07/2013,21:15,8,4,4
30/07/2013,21:30,5,2,3
30/07/2013,21:45,1,0,1
30/07/2013,22:00,5,2,3
30/07/2013,22:15,4,3,1
30/07/2013,22:30,6,3,3
30/07/2013,22:45,4,3,1
30/07/2013,23:00,2,0,2
30/07/2013,23:15,1,0,1
30/07/2013,23:30,1,0,1
30/07/2013,23:45,0,0,0
31/07/2013,00:00,8,5,3
31/07/2013,00:15,2,2,0
31/07/2013,00:30,0,0,0
31/07/2013,00:45,1,0,1
31/07/2013,01:00,3,1,2
31/07/2013,01:15,1,1,0
31/07/2013,01:30,0,0,0
31/07/2013,01:45,0,0,0
31/07/2013,02:00,0,0,0
31/07/2013,02:15,2,1,1
31/07/2013,02:30,1,1,0
31/07/2013,02:45,1,0,1
31/07/2013,03:00,0,0,0
31/07/2013,03:15,0,0,0
31/07/2013,03:30,0,0,0
31/07/2013,03:45,0,0,0
31/07/2013,04:00,5,4,1
31/07/2013,04:15,2,1,1
31/07/2013,04:30,0,0,0
31/07/2013,04:45,2,2,0
31/07/2013,05:00,2,1,1
31/07/2013,05:15,7,1,6
31/07/2013,05:30,12,7,5
31/07/2013,05:45,21,13,8
31/07/2013,06:00,17,8,9
31/07/2013,06:15,14,8,6
31/07/2013,06:30,33,16,17
31/07/2013,06:45,36,7,29
31/07/2013,07:00,36,9,27
31/07/2013,07:15,33,13,20
31/07/2013,07:30,32,14,18
31/07/2013,07:45,51,13,38
31/07/2013,08:00,43,13,30
31/07/2013,08:15,33,9,24
31/07/2013,08:30,30,9,21
31/07/2013,08:45,27,13,14
31/07/2013,09:00,26,11,15
31/07/2013,09:15,20,8,12
31/07/2013,09:30,9,5,4
31/07/2013,09:45,12,8,4
31/07/2013,10:00,12,7,5
31/07/2013,10:15,10,5,5
31/07/2013,10:30,19,11,8
31/07/2013,10:45,18,8,10
31/07/2013,11:00,16,6,10
31/07/2013,11:15,7,3,4
31/07/2013,11:30,20,9,11
31/07/2013,11:45,8,5,3
31/07/2013,12:00,14,9,5
31/07/2013,12:15,20,7,13
31/07/2013,12:30,20,14,6
31/07/2013,12:45,30,22,8
31/07/2013,13:00,12,2,10
31/07/2013,13:15,11,6,5
31/07/2013,13:30,6,3,3
31/07/2013,13:45,12,4,8
31/07/2013,14:00,13,9,4
31/07/2013,14:15,14,7,7
31/07/2013,14:30,14,5,9
31/07/2013,14:45,7,3,4
31/07/2013,15:00,13,5,8
31/07/2013,15:15,14,7,7
31/07/2013,15:30,15,8,7
31/07/2013,15:45,19,10,9
31/07/2013,16:00,11,5,6
31/07/2013,16:15,14,3,11
31/07/2013,16:30,31,14,17
31/07/2013,16:45,27,15,12
31/07/2013,17:00,37,21,16
31/07/2013,17:15,44,18,26
31/07/2013,17:30,38,23,15
31/07/2013,17:45,50,27,23
31/07/2013,18:00,42,24,18
31/07/2013,18:15,49,21,28
31/07/2013,18:30,54,24,30
31/07/2013,18:45,43,22,21
31/07/2013,19:00,48,22,26
31/07/2013,19:15,24,11,13
31/07/2013,19:30,27,10,17
31/07/2013,19:45,18,14,4
31/07/2013,20:00,14,12,2
31/07/2013,20:15,8,6,2
31/07/2013,20:30,13,9,4
31/07/2013,20:45,7,2,5
31/07/2013,21:00,6,2,4
31/07/2013,21:15,4,1,3
31/07/2013,21:30,3,1,2
31/07/2013,21:45,2,2,0
31/07/2013,22:00,2,0,2
31/07/2013,22:15,4,2,2
31/07/2013,22:30,2,1,1
31/07/2013,22:45,0,0,0
31/07/2013,23:00,0,0,0
31/07/2013,23:15,1,0,1
31/07/2013,23:30,0,0,0
31/07/2013,23:45,2,2,0
01/08/2013,00:00,2,1,1
01/08/2013,00:15,0,0,0
01/08/2013,00:30,1,0,1
01/08/2013,00:45,1,0,1
01/08/2013,01:00,0,0,0
01/08/2013,01:15,1,0,1
01/08/2013,01:30,0,0,0
01/08/2013,01:45,0,0,0
01/08/2013,02:00,0,0,0
01/08/2013,02:15,3,1,2
01/08/2013,02:30,0,0,0
01/08/2013,02:45,0,0,0
01/08/2013,03:00,0,0,0
01/08/2013,03:15,0,0,0
01/08/2013,03:30,0,0,0
01/08/2013,03:45,0,0,0
01/08/2013,04:00,2,2,0
01/08/2013,04:15,1,1,0
01/08/2013,04:30,1,1,0
01/08/2013,04:45,0,0,0
01/08/2013,05:00,0,0,0
01/08/2013,05:15,2,0,2
01/08/2013,05:30,7,4,3
01/08/2013,05:45,6,5,1
01/08/2013,06:00,7,2,5
01/08/2013,06:15,8,2,6
01/08/2013,06:30,8,2,6
01/08/2013,06:45,10,8,2
01/08/2013,07:00,19,9,10
01/08/2013,07:15,13,4,9
01/08/2013,07:30,24,7,17
01/08/2013,07:45,23,10,13
01/08/2013,08:00,18,8,10
01/08/2013,08:15,15,3,12
01/08/2013,08:30,20,5,15
01/08/2013,08:45,20,8,12
01/08/2013,09:00,8,2,6
01/08/2013,09:15,2,1,1
01/08/2013,09:30,9,5,4
01/08/2013,09:45,7,2,5
01/08/2013,10:00,7,5,2
01/08/2013,10:15,3,1,2
01/08/2013,10:30,4,2,2
01/08/2013,10:45,10,7,3
01/08/2013,11:00,3,3,0
01/08/2013,11:15,3,2,1
01/08/2013,11:30,7,4,3
01/08/2013,11:45,8,6,2
01/08/2013,12:00,13,7,6
01/08/2013,12:15,8,6,2
01/08/2013,12:30,3,0,3
01/08/2013,12:45,6,3,3
01/08/2013,13:00,11,7,4
01/08/2013,13:15,11,6,5
01/08/2013,13:30,13,2,11
01/08/2013,13:45,11,3,8
01/08/2013,14:00,9,2,7
01/08/2013,14:15,8,3,5
01/08/2013,14:30,6,3,3
01/08/2013,14:45,6,0,6
01/08/2013,15:00,16,6,10
01/08/2013,15:15,13,3,10
01/08/2013,15:30,10,4,6
01/08/2013,15:45,14,9,5
01/08/2013,16:00,11,4,7
01/08/2013,16:15,15,7,8
01/08/2013,16:30,17,10,7
01/08/2013,16:45,23,15,8
01/08/2013,17:00,22,9,13
01/08/2013,17:15,15,11,4
01/08/2013,17:30,30,18,12
01/08/2013,17:45,25,10,15
01/08/2013,18:00,29,13,16
01/08/2013,18:15,22,11,11
01/08/2013,18:30,28,15,13
01/08/2013,18:45,17,7,10
01/08/2013,19:00,13,5,8
01/08/2013,19:15,16,9,7
01/08/2013,19:30,16,7,9
01/08/2013,19:45,18,10,8
01/08/2013,20:00,12,6,6
01/08/2013,20:15,13,7,6
01/08/2013,20:30,5,5,0
01/08/2013,20:45,5,3,2
01/08/2013,21:00,3,1,2
01/08/2013,21:15,5,1,4
01/08/2013,21:30,4,2,2
01/08/2013,21:45,6,3,3
01/08/2013,22:00,3,1,2
01/08/2013,22:15,2,0,2
01/08/2013,22:30,1,0,1
01/08/2013,22:45,1,1,0
01/08/2013,23:00,3,2,1
01/08/2013,23:15,1,0,1
01/08/2013,23:30,0,0,0
01/08/2013,23:45,1,0,1
02/08/2013,00:00,1,0,1
02/08/2013,00:15,0,0,0
02/08/2013,00:30,0,0,0
02/08/2013,00:45,2,0,2
02/08/2013,01:00,0,0,0
02/08/2013,01:15,0,0,0
02/08/2013,01:30,1,0,1
02/08/2013,01:45,0,0,0
02/08/2013,02:00,0,0,0
02/08/2013,02:15,1,1,0
02/08/2013,02:30,0,0,0
02/08/2013,02:45,0,0,0
02/08/2013,03:00,0,0,0
02/08/2013,03:15,1,0,1
02/08/2013,03:30,0,0,0
02/08/2013,03:45,0,0,0
02/08/2013,04:00,0,0,0
02/08/2013,04:15,4,2,2
02/08/2013,04:30,0,0,0
02/08/2013,04:45,2,1,1
02/08/2013,05:00,0,0,0
02/08/2013,05:15,2,1,1
02/08/2013,05:30,10,8,2
02/08/2013,05:45,13,8,5
02/08/2013,06:00,14,8,6
02/08/2013,06:15,15,6,9
02/08/2013,06:30,30,9,21
02/08/2013,06:45,21,10,11
02/08/2013,07:00,34,17,17
02/08/2013,07:15,35,17,18
02/08/2013,07:30,30,18,12
02/08/2013,07:45,38,16,22
02/08/2013,08:00,33,15,18
02/08/2013,08:15,25,11,14
02/08/2013,08:30,23,7,16
02/08/2013,08:45,37,17,20
02/08/2013,09:00,28,9,19
02/08/2013,09:15,26,11,15
02/08/2013,09:30,25,19,6
02/08/2013,09:45,19,8,11
02/08/2013,10:00,30,12,18
02/08/2013,10:15,23,11,12
02/08/2013,10:30,30,18,12
02/08/2013,10:45,25,13,12
02/08/2013,11:00,18,11,7
02/08/2013,11:15,15,12,3
02/08/2013,11:30,26,16,10
02/08/2013,11:45,10,2,8
02/08/2013,12:00,20,12,8
02/08/2013,12:15,31,17,14
02/08/2013,12:30,17,9,8
02/08/2013,12:45,22,8,14
02/08/2013,13:00,36,22,14
02/08/2013,13:15,21,11,10
02/08/2013,13:30,23,19,4
02/08/2013,13:45,25,13,12
02/08/2013,14:00,24,15,9
02/08/2013,14:15,35,21,14
02/08/2013,14:30,15,7,8
02/08/2013,14:45,21,11,10
02/08/2013,15:00,30,14,16
02/08/2013,15:15,17,9,8
02/08/2013,15:30,28,13,15
02/08/2013,15:45,22,7,15
02/08/2013,16:00,36,14,22
02/08/2013,16:15,28,9,19
02/08/2013,16:30,29,13,16
02/08/2013,16:45,47,24,23
02/08/2013,17:00,44,26,18
02/08/2013,17:15,34,17,17
02/08/2013,17:30,47,24,23
02/08/2013,17:45,39,16,23
02/08/2013,18:00,46,18,28
02/08/2013,18:15,35,19,16
02/08/2013,18:30,35,18,17
02/08/2013,18:45,49,26,23
02/08/2013,19:00,24,6,18
02/08/2013,19:15,27,16,11
02/08/2013,19:30,29,14,15
02/08/2013,19:45,16,9,7
02/08/2013,20:00,24,10,14
02/08/2013,20:15,29,11,18
02/08/2013,20:30,22,8,14
02/08/2013,20:45,10,5,5
02/08/2013,21:00,7,5,2
02/08/2013,21:15,7,0,7
02/08/2013,21:30,3,2,1
02/08/2013,21:45,1,0,1
02/08/2013,22:00,2,2,0
02/08/2013,22:15,10,7,3
02/08/2013,22:30,4,0,4
02/08/2013,22:45,1,0,1
02/08/2013,23:00,4,1,3
02/08/2013,23:15,2,0,2
02/08/2013,23:30,4,3,1
02/08/2013,23:45,1,0,1
03/08/2013,00:00,4,2,2
03/08/2013,00:15,1,0,1
03/08/2013,00:30,0,0,0
03/08/2013,00:45,0,0,0
03/08/2013,01:00,2,0,2
03/08/2013,01:15,2,1,1
03/08/2013,01:30,0,0,0
03/08/2013,01:45,0,0,0
03/08/2013,02:00,2,0,2
03/08/2013,02:15,0,0,0
03/08/2013,02:30,1,0,1
03/08/2013,02:45,0,0,0
03/08/2013,03:00,0,0,0
03/08/2013,03:15,0,0,0
03/08/2013,03:30,0,0,0
03/08/2013,03:45,0,0,0
03/08/2013,04:00,0,0,0
03/08/2013,04:15,1,0,1
03/08/2013,04:30,0,0,0
03/08/2013,04:45,1,1,0
03/08/2013,05:00,2,2,0
03/08/2013,05:15,0,0,0
03/08/2013,05:30,6,5,1
03/08/2013,05:45,1,1,0
03/08/2013,06:00,5,4,1
03/08/2013,06:15,5,3,2
03/08/2013,06:30,14,3,11
03/08/2013,06:45,12,5,7
03/08/2013,07:00,10,4,6
03/08/2013,07:15,24,9,15
03/08/2013,07:30,50,31,19
03/08/2013,07:45,35,20,15
03/08/2013,08:00,37,12,25
03/08/2013,08:15,22,8,14
03/08/2013,08:30,32,17,15
03/08/2013,08:45,45,17,28
03/08/2013,09:00,32,14,18
03/08/2013,09:15,44,20,24
03/08/2013,09:30,36,18,18
03/08/2013,09:45,24,9,15
03/08/2013,10:00,37,10,27
03/08/2013,10:15,25,11,14
03/08/2013,10:30,49,27,22
03/08/2013,10:45,39,16,23
03/08/2013,11:00,40,15,25
03/08/2013,11:15,37,21,16
03/08/2013,11:30,31,14,17
03/08/2013,11:45,45,23,22
03/08/2013,12:00,47,18,29
03/08/2013,12:15,34,9,25
03/08/2013,12:30,33,15,18
03/08/2013,12:45,33,12,21
03/08/2013,13:00,23,15,8
03/08/2013,13:15,33,16,17
03/08/2013,13:30,40,13,27
03/08/2013,13:45,23,6,17
03/08/2013,14:00,27,13,14
03/08/2013,14:15,35,13,22
03/08/2013,14:30,29,11,18
03/08/2013,14:45,24,10,14
03/08/2013,15:00,37,9,28
03/08/2013,15:15,36,14,22
03/08/2013,15:30,34,10,24
03/08/2013,15:45,25,12,13
03/08/2013,16:00,31,17,14
03/08/2013,16:15,27,15,12
03/08/2013,16:30,34,20,14
03/08/2013,16:45,40,20,20
03/08/2013,17:00,26,14,12
03/08/2013,17:15,24,10,14
03/08/2013,17:30,18,7,11
03/08/2013,17:45,19,6,13
03/08/2013,18:00,9,2,7
03/08/2013,18:15,12,3,9
03/08/2013,18:30,15,8,7
03/08/2013,18:45,10,5,5
03/08/2013,19:00,7,1,6
03/08/2013,19:15,6,4,2
03/08/2013,19:30,13,7,6
03/08/2013,19:45,5,3,2
03/08/2013,20:00,15,10,5
03/08/2013,20:15,20,14,6
03/08/2013,20:30,5,3,2
03/08/2013,20:45,4,3,1
03/08/2013,21:00,3,1,2
03/08/2013,21:15,4,4,0
03/08/2013,21:30,0,0,0
03/08/2013,21:45,0,0,0
03/08/2013,22:00,2,0,2
03/08/2013,22:15,0,0,0
03/08/2013,22:30,1,0,1
03/08/2013,22:45,1,1,0
03/08/2013,23:00,1,0,1
03/08/2013,23:15,2,1,1
03/08/2013,23:30,1,1,0
03/08/2013,23:45,0,0,0
04/08/2013,00:00,2,0,2
04/08/2013,00:15,1,0,1
04/08/2013,00:30,0,0,0
04/08/2013,00:45,1,1,0
04/08/2013,01:00,1,0,1
04/08/2013,01:15,0,0,0
04/08/2013,01:30,0,0,0
04/08/2013,01:45,1,0,1
04/08/2013,02:00,3,0,3
04/08/2013,02:15,3,3,0
04/08/2013,02:30,5,1,4
04/08/2013,02:45,1,1,0
04/08/2013,03:00,1,0,1
04/08/2013,03:15,1,0,1
04/08/2013,03:30,0,0,0
04/08/2013,03:45,1,0,1
04/08/2013,04:00,0,0,0
04/08/2013,04:15,0,0,0
04/08/2013,04:30,1,0,1
04/08/2013,04:45,3,0,3
04/08/2013,05:00,0,0,0
04/08/2013,05:15,0,0,0
04/08/2013,05:30,5,2,3
04/08/2013,05:45,4,4,0
04/08/2013,06:00,2,1,1
04/08/2013,06:15,6,4,2
04/08/2013,06:30,4,1,3
04/08/2013,06:45,10,5,5
04/08/2013,07:00,13,6,7
04/08/2013,07:15,29,12,17
04/08/2013,07:30,17,12,5
04/08/2013,07:45,32,17,15
04/08/2013,08:00,25,11,14
04/08/2013,08:15,43,12,31
04/08/2013,08:30,40,21,19
04/08/2013,08:45,33,17,16
04/08/2013,09:00,49,22,27
04/08/2013,09:15,36,15,21
04/08/2013,09:30,71,32,39
04/08/2013,09:45,65,32,33
04/08/2013,10:00,51,23,28
04/08/2013,10:15,60,24,36
04/08/2013,10:30,63,30,33
04/08/2013,10:45,84,39,45
04/08/2013,11:00,81,42,39
04/08/2013,11:15,93,54,39
04/08/2013,11:30,61,32,29
04/08/2013,11:45,85,44,41
04/08/2013,12:00,79,38,41
04/08/2013,12:15,84,35,49
04/08/2013,12:30,48,22,26
04/08/2013,12:45,65,27,38
04/08/2013,13:00,49,25,24
04/08/2013,13:15,76,39,37
04/08/2013,13:30,57,23,34
04/08/2013,13:45,62,26,36
04/08/2013,14:00,66,29,37
04/08/2013,14:15,67,31,36
04/08/2013,14:30,64,25,39
04/08/2013,14:45,67,24,43
04/08/2013,15:00,65,22,43
04/08/2013,15:15,56,25,31
04/08/2013,15:30,45,22,23
04/08/2013,15:45,59,19,40
04/08/2013,16:00,58,17,41
04/08/2013,16:15,52,19,33
04/08/2013,16:30,48,21,27
04/08/2013,16:45,62,20,42
04/08/2013,17:00,38,16,22
04/08/2013,17:15,42,20,22
04/08/2013,17:30,39,11,28
04/08/2013,17:45,43,16,27
04/08/2013,18:00,35,15,20
04/08/2013,18:15,39,5,34
04/08/2013,18:30,32,15,17
04/08/2013,18:45,27,7,20
04/08/2013,19:00,35,15,20
04/08/2013,19:15,37,12,25
04/08/2013,19:30,32,15,17
04/08/2013,19:45,29,19,10
04/08/2013,20:00,17,14,3
04/08/2013,20:15,18,10,8
04/08/2013,20:30,37,22,15
04/08/2013,20:45,12,8,4
04/08/2013,21:00,7,1,6
04/08/2013,21:15,6,3,3
04/08/2013,21:30,7,6,1
04/08/2013,21:45,5,3,2
04/08/2013,22:00,6,1,5
04/08/2013,22:15,2,1,1
04/08/2013,22:30,5,3,2
04/08/2013,22:45,1,0,1
04/08/2013,23:00,3,3,0
04/08/2013,23:15,0,0,0
04/08/2013,23:30,3,1,2
04/08/2013,23:45,3,1,2
05/08/2013,00:00,0,0,0
05/08/2013,00:15,0,0,0
05/08/2013,00:30,1,1,0
05/08/2013,00:45,0,0,0
05/08/2013,01:00,0,0,0
05/08/2013,01:15,0,0,0
05/08/2013,01:30,0,0,0
05/08/2013,01:45,0,0,0
05/08/2013,02:00,0,0,0
05/08/2013,02:15,1,0,1
05/08/2013,02:30,1,0,1
05/08/2013,02:45,0,0,0
05/08/2013,03:00,1,0,1
05/08/2013,03:15,3,1,2
05/08/2013,03:30,0,0,0
05/08/2013,03:45,0,0,0
05/08/2013,04:00,2,2,0
05/08/2013,04:15,1,0,1
05/08/2013,04:30,0,0,0
05/08/2013,04:45,4,2,2
05/08/2013,05:00,2,0,2
05/08/2013,05:15,3,1,2
05/08/2013,05:30,7,3,4
05/08/2013,05:45,5,3,2
05/08/2013,06:00,18,9,9
05/08/2013,06:15,18,5,13
05/08/2013,06:30,28,7,21
05/08/2013,06:45,16,8,8
05/08/2013,07:00,32,11,21
05/08/2013,07:15,32,15,17
05/08/2013,07:30,39,11,28
05/08/2013,07:45,45,9,36
05/08/2013,08:00,34,10,24
05/08/2013,08:15,40,14,26
05/08/2013,08:30,26,8,18
05/08/2013,08:45,26,5,21
05/08/2013,09:00,21,7,14
05/08/2013,09:15,18,7,11
05/08/2013,09:30,33,19,14
05/08/2013,09:45,20,12,8
05/08/2013,10:00,19,9,10
05/08/2013,10:15,29,18,11
05/08/2013,10:30,20,14,6
05/08/2013,10:45,24,13,11
05/08/2013,11:00,34,23,11
05/08/2013,11:15,34,21,13
05/08/2013,11:30,30,15,15
05/08/2013,11:45,22,7,15
05/08/2013,12:00,19,9,10
05/08/2013,12:15,15,6,9
05/08/2013,12:30,14,7,7
05/08/2013,12:45,14,6,8
05/08/2013,13:00,18,10,8
05/08/2013,13:15,15,9,6
05/08/2013,13:30,22,11,11
05/08/2013,13:45,24,16,8
05/08/2013,14:00,19,7,12
05/08/2013,14:15,19,8,11
05/08/2013,14:30,33,16,17
05/08/2013,14:45,30,12,18
05/08/2013,15:00,21,6,15
05/08/2013,15:15,16,8,8
05/08/2013,15:30,27,12,15
05/08/2013,15:45,21,6,15
05/08/2013,16:00,26,13,13
05/08/2013,16:15,18,4,14
05/08/2013,16:30,35,13,22
05/08/2013,16:45,44,18,26
05/08/2013,17:00,51,21,30
05/08/2013,17:15,56,20,36
05/08/2013,17:30,45,18,27
05/08/2013,17:45,56,26,30
05/08/2013,18:00,63,30,33
05/08/2013,18:15,57,27,30
05/08/2013,18:30,64,24,40
05/08/2013,18:45,75,35,40
05/08/2013,19:00,42,24,18
05/08/2013,19:15,48,25,23
05/08/2013,19:30,41,22,19
05/08/2013,19:45,34,16,18
05/08/2013,20:00,19,12,7
05/08/2013,20:15,22,14,8
05/08/2013,20:30,12,8,4
05/08/2013,20:45,11,6,5
05/08/2013,21:00,5,2,3
05/08/2013,21:15,7,4,3
05/08/2013,21:30,6,4,2
05/08/2013,21:45,8,4,4
05/08/2013,22:00,2,2,0
05/08/2013,22:15,1,0,1
05/08/2013,22:30,3,2,1
05/08/2013,22:45,2,1,1
05/08/2013,23:00,1,0,1
05/08/2013,23:15,0,0,0
05/08/2013,23:30,1,0,1
05/08/2013,23:45,1,1,0
06/08/2013,00:00,1,0,1
06/08/2013,00:15,1,0,1
06/08/2013,00:30,0,0,0
06/08/2013,00:45,2,1,1
06/08/2013,01:00,0,0,0
06/08/2013,01:15,0,0,0
06/08/2013,01:30,0,0,0
06/08/2013,01:45,1,0,1
06/08/2013,02:00,0,0,0
06/08/2013,02:15,0,0,0
06/08/2013,02:30,0,0,0
06/08/2013,02:45,0,0,0
06/08/2013,03:00,0,0,0
06/08/2013,03:15,0,0,0
06/08/2013,03:30,0,0,0
06/08/2013,03:45,0,0,0
06/08/2013,04:00,3,2,1
06/08/2013,04:15,0,0,0
06/08/2013,04:30,0,0,0
06/08/2013,04:45,2,0,2
06/08/2013,05:00,1,1,0
06/08/2013,05:15,4,4,0
06/08/2013,05:30,6,1,5
06/08/2013,05:45,21,9,12
06/08/2013,06:00,14,6,8
06/08/2013,06:15,19,8,11
06/08/2013,06:30,26,10,16
06/08/2013,06:45,30,9,21
06/08/2013,07:00,27,10,17
06/08/2013,07:15,23,7,16
06/08/2013,07:30,15,5,10
06/08/2013,07:45,22,9,13
06/08/2013,08:00,21,8,13
06/08/2013,08:15,14,6,8
06/08/2013,08:30,14,7,7
06/08/2013,08:45,13,6,7
06/08/2013,09:00,13,4,9
06/08/2013,09:15,12,5,7
06/08/2013,09:30,7,4,3
06/08/2013,09:45,5,2,3
06/08/2013,10:00,10,5,5
06/08/2013,10:15,7,1,6
06/08/2013,10:30,7,2,5
06/08/2013,10:45,10,1,9
06/08/2013,11:00,5,2,3
06/08/2013,11:15,10,7,3
06/08/2013,11:30,6,1,5
06/08/2013,11:45,9,4,5
06/08/2013,12:00,5,2,3
06/08/2013,12:15,13,4,9
06/08/2013,12:30,12,4,8
06/08/2013,12:45,6,2,4
06/08/2013,13:00,10,4,6
06/08/2013,13:15,17,3,14
06/08/2013,13:30,8,6,2
06/08/2013,13:45,7,1,6
06/08/2013,14:00,14,3,11
06/08/2013,14:15,6,2,4
06/08/2013,14:30,9,2,7
06/08/2013,14:45,10,4,6
06/08/2013,15:00,7,4,3
06/08/2013,15:15,10,4,6
06/08/2013,15:30,12,4,8
06/08/2013,15:45,9,3,6
06/08/2013,16:00,19,13,6
06/08/2013,16:15,24,10,14
06/08/2013,16:30,30,13,17
06/08/2013,16:45,27,13,14
06/08/2013,17:00,29,11,18
06/08/2013,17:15,22,11,11
06/08/2013,17:30,24,9,15
06/08/2013,17:45,32,19,13
06/08/2013,18:00,31,12,19
06/08/2013,18:15,41,20,21
06/08/2013,18:30,43,27,16
06/08/2013,18:45,27,11,16
06/08/2013,19:00,16,8,8
06/08/2013,19:15,28,14,14
06/08/2013,19:30,28,8,20
06/08/2013,19:45,23,12,11
06/08/2013,20:00,12,6,6
06/08/2013,20:15,30,13,17
06/08/2013,20:30,14,8,6
06/08/2013,20:45,20,11,9
06/08/2013,21:00,7,2,5
06/08/2013,21:15,2,2,0
06/08/2013,21:30,13,6,7
06/08/2013,21:45,3,1,2
06/08/2013,22:00,3,0,3
06/08/2013,22:15,4,2,2
06/08/2013,22:30,3,2,1
06/08/2013,22:45,6,2,4
06/08/2013,23:00,2,2,0
06/08/2013,23:15,1,0,1
06/08/2013,23:30,1,0,1
06/08/2013,23:45,4,0,4
07/08/2013,00:00,1,0,1
07/08/2013,00:15,0,0,0
07/08/2013,00:30,0,0,0
07/08/2013,00:45,0,0,0
07/08/2013,01:00,2,0,2
07/08/2013,01:15,1,1,0
07/08/2013,01:30,0,0,0
07/08/2013,01:45,0,0,0
07/08/2013,02:00,1,1,0
07/08/2013,02:15,0,0,0
07/08/2013,02:30,0,0,0
07/08/2013,02:45,0,0,0
07/08/2013,03:00,0,0,0
07/08/2013,03:15,0,0,0
07/08/2013,03:30,0,0,0
07/08/2013,03:45,1,1,0
07/08/2013,04:00,2,1,1
07/08/2013,04:15,3,2,1
07/08/2013,04:30,1,0,1
07/08/2013,04:45,0,0,0
07/08/2013,05:00,1,1,0
07/08/2013,05:15,4,3,1
07/08/2013,05:30,2,1,1
07/08/2013,05:45,7,3,4
07/08/2013,06:00,10,5,5
07/08/2013,06:15,13,5,8
07/08/2013,06:30,29,16,13
07/08/2013,06:45,28,8,20
07/08/2013,07:00,39,15,24
07/08/2013,07:15,29,13,16
07/08/2013,07:30,33,14,19
07/08/2013,07:45,18,7,11
07/08/2013,08:00,28,12,16
07/08/2013,08:15,27,10,17
07/08/2013,08:30,18,8,10
07/08/2013,08:45,23,9,14
07/08/2013,09:00,19,8,11
07/08/2013,09:15,22,7,15
07/08/2013,09:30,10,5,5
07/08/2013,09:45,18,10,8
07/08/2013,10:00,7,4,3
07/08/2013,10:15,14,7,7
07/08/2013,10:30,13,8,5
07/08/2013,10:45,14,4,10
07/08/2013,11:00,20,8,12
07/08/2013,11:15,14,6,8
07/08/2013,11:30,10,3,7
07/08/2013,11:45,13,7,6
07/08/2013,12:00,22,8,14
07/08/2013,12:15,12,6,6
07/08/2013,12:30,15,4,11
07/08/2013,12:45,12,3,9
07/08/2013,13:00,19,9,10
07/08/2013,13:15,10,5,5
07/08/2013,13:30,13,5,8
07/08/2013,13:45,13,7,6
07/08/2013,14:00,11,5,6
07/08/2013,14:15,10,3,7
07/08/2013,14:30,12,7,5
07/08/2013,14:45,15,6,9
07/08/2013,15:00,12,3,9
07/08/2013,15:15,19,9,10
07/08/2013,15:30,13,9,4
07/08/2013,15:45,21,10,11
07/08/2013,16:00,21,9,12
07/08/2013,16:15,22,11,11
07/08/2013,16:30,25,15,10
07/08/2013,16:45,33,11,22
07/08/2013,17:00,35,19,16
07/08/2013,17:15,33,13,20
07/08/2013,17:30,32,22,10
07/08/2013,17:45,41,28,13
07/08/2013,18:00,43,21,22
07/08/2013,18:15,46,32,14
07/08/2013,18:30,54,31,23
07/08/2013,18:45,42,30,12
07/08/2013,19:00,53,32,21
07/08/2013,19:15,27,17,10
07/08/2013,19:30,18,9,9
07/08/2013,19:45,21,14,7
07/08/2013,20:00,16,8,8
07/08/2013,20:15,14,8,6
07/08/2013,20:30,8,6,2
07/08/2013,20:45,9,6,3
07/08/2013,21:00,6,5,1
07/08/2013,21:15,3,2,1
07/08/2013,21:30,2,1,1
07/08/2013,21:45,2,1,1
07/08/2013,22:00,8,4,4
07/08/2013,22:15,2,0,2
07/08/2013,22:30,4,2,2
07/08/2013,22:45,2,2,0
07/08/2013,23:00,0,0,0
07/08/2013,23:15,2,1,1
07/08/2013,23:30,1,1,0
07/08/2013,23:45,2,2,0
08/08/2013,00:00,1,0,1
08/08/2013,00:15,2,1,1
08/08/2013,00:30,4,1,3
08/08/2013,00:45,2,0,2
08/08/2013,01:00,0,0,0
08/08/2013,01:15,1,0,1
08/08/2013,01:30,0,0,0
08/08/2013,01:45,0,0,0
08/08/2013,02:00,1,0,1
08/08/2013,02:15,0,0,0
08/08/2013,02:30,0,0,0
08/08/2013,02:45,1,0,1
08/08/2013,03:00,0,0,0
08/08/2013,03:15,0,0,0
08/08/2013,03:30,1,1,0
08/08/2013,03:45,1,0,1
08/08/2013,04:00,2,2,0
08/08/2013,04:15,3,1,2
08/08/2013,04:30,3,2,1
08/08/2013,04:45,2,0,2
08/08/2013,05:00,5,1,4
08/08/2013,05:15,3,2,1
08/08/2013,05:30,5,3,2
08/08/2013,05:45,11,7,4
08/08/2013,06:00,21,9,12
08/08/2013,06:15,13,3,10
08/08/2013,06:30,25,13,12
08/08/2013,06:45,29,10,19
08/08/2013,07:00,27,15,12
08/08/2013,07:15,24,13,11
08/08/2013,07:30,34,12,22
08/08/2013,07:45,29,12,17
08/08/2013,08:00,25,12,13
08/08/2013,08:15,24,9,15
08/08/2013,08:30,15,7,8
08/08/2013,08:45,28,11,17
08/08/2013,09:00,28,11,17
08/08/2013,09:15,5,2,3
08/08/2013,09:30,13,7,6
08/08/2013,09:45,14,7,7
08/08/2013,10:00,11,9,2
08/08/2013,10:15,24,11,13
08/08/2013,10:30,18,8,10
08/08/2013,10:45,19,10,9
08/08/2013,11:00,15,7,8
08/08/2013,11:15,16,7,9
08/08/2013,11:30,16,7,9
08/08/2013,11:45,17,8,9
08/08/2013,12:00,22,13,9
08/08/2013,12:15,14,7,7
08/08/2013,12:30,18,11,7
08/08/2013,12:45,17,10,7
08/08/2013,13:00,15,10,5
08/08/2013,13:15,18,8,10
08/08/2013,13:30,6,4,2
08/08/2013,13:45,18,7,11
08/08/2013,14:00,14,5,9
08/08/2013,14:15,11,4,7
08/08/2013,14:30,10,5,5
08/08/2013,14:45,13,10,3
08/08/2013,15:00,10,3,7
08/08/2013,15:15,16,8,8
08/08/2013,15:30,14,6,8
08/08/2013,15:45,21,7,14
08/08/2013,16:00,17,10,7
08/08/2013,16:15,24,12,12
08/08/2013,16:30,14,11,3
08/08/2013,16:45,33,22,11
08/08/2013,17:00,32,22,10
08/08/2013,17:15,26,16,10
08/08/2013,17:30,39,20,19
08/08/2013,17:45,23,11,12
08/08/2013,18:00,20,13,7
08/08/2013,18:15,41,19,22
08/08/2013,18:30,32,20,12
08/08/2013,18:45,33,21,12
08/08/2013,19:00,23,10,13
08/08/2013,19:15,32,19,13
08/08/2013,19:30,16,11,5
08/08/2013,19:45,23,9,14
08/08/2013,20:00,13,10,3
08/08/2013,20:15,10,6,4
08/08/2013,20:30,6,3,3
08/08/2013,20:45,8,6,2
08/08/2013,21:00,1,1,0
08/08/2013,21:15,3,2,1
08/08/2013,21:30,2,1,1
08/08/2013,21:45,1,1,0
08/08/2013,22:00,2,1,1
08/08/2013,22:15,1,0,1
08/08/2013,22:30,2,1,1
08/08/2013,22:45,2,1,1
08/08/2013,23:00,0,0,0
08/08/2013,23:15,2,1,1
08/08/2013,23:30,1,1,0
08/08/2013,23:45,1,1,0
09/08/2013,00:00,3,1,2
09/08/2013,00:15,0,0,0
09/08/2013,00:30,1,1,0
09/08/2013,00:45,0,0,0
09/08/2013,01:00,0,0,0
09/08/2013,01:15,0,0,0
09/08/2013,01:30,0,0,0
09/08/2013,01:45,1,0,1
09/08/2013,02:00,0,0,0
09/08/2013,02:15,0,0,0
09/08/2013,02:30,0,0,0
09/08/2013,02:45,2,1,1
09/08/2013,03:00,1,0,1
09/08/2013,03:15,0,0,0
09/08/2013,03:30,1,1,0
09/08/2013,03:45,1,0,1
09/08/2013,04:00,2,2,0
09/08/2013,04:15,0,0,0
09/08/2013,04:30,1,1,0
09/08/2013,04:45,1,1,0
09/08/2013,05:00,1,1,0
09/08/2013,05:15,1,1,0
09/08/2013,05:30,4,2,2
09/08/2013,05:45,16,9,7
09/08/2013,06:00,13,6,7
09/08/2013,06:15,9,3,6
09/08/2013,06:30,25,12,13
09/08/2013,06:45,22,13,9
09/08/2013,07:00,18,9,9
09/08/2013,07:15,25,13,12
09/08/2013,07:30,28,15,13
09/08/2013,07:45,30,13,17
09/08/2013,08:00,22,7,15
09/08/2013,08:15,23,10,13
09/08/2013,08:30,26,13,13
09/08/2013,08:45,21,11,10
09/08/2013,09:00,19,11,8
09/08/2013,09:15,22,14,8
09/08/2013,09:30,18,7,11
09/08/2013,09:45,20,9,11
09/08/2013,10:00,19,14,5
09/08/2013,10:15,23,14,9
09/08/2013,10:30,33,16,17
09/08/2013,10:45,20,9,11
09/08/2013,11:00,35,21,14
09/08/2013,11:15,24,14,10
09/08/2013,11:30,26,8,18
09/08/2013,11:45,21,15,6
09/08/2013,12:00,13,12,1
09/08/2013,12:15,22,17,5
09/08/2013,12:30,29,25,4
09/08/2013,12:45,38,25,13
09/08/2013,13:00,28,19,9
09/08/2013,13:15,27,17,10
09/08/2013,13:30,8,4,4
09/08/2013,13:45,5,2,3
09/08/2013,14:00,9,7,2
09/08/2013,14:15,30,26,4
09/08/2013,14:30,19,10,9
09/08/2013,14:45,24,15,9
09/08/2013,15:00,26,14,12
09/08/2013,15:15,34,25,9
09/08/2013,15:30,5,4,1
09/08/2013,15:45,16,8,8
09/08/2013,16:00,16,11,5
09/08/2013,16:15,20,13,7
09/08/2013,16:30,23,18,5
09/08/2013,16:45,20,12,8
09/08/2013,17:00,10,9,1
09/08/2013,17:15,21,13,8
09/08/2013,17:30,31,25,6
09/08/2013,17:45,29,24,5
09/08/2013,18:00,15,13,2
09/08/2013,18:15,32,21,11
09/08/2013,18:30,28,21,7
09/08/2013,18:45,17,15,2
09/08/2013,19:00,22,21,1
09/08/2013,19:15,19,12,7
09/08/2013,19:30,17,14,3
09/08/2013,19:45,26,25,1
09/08/2013,20:00,9,8,1
09/08/2013,20:15,10,8,2
09/08/2013,20:30,4,4,0
09/08/2013,20:45,6,6,0
09/08/2013,21:00,4,2,2
09/08/2013,21:15,4,3,1
09/08/2013,21:30,2,0,2
09/08/2013,21:45,6,4,2
09/08/2013,22:00,2,0,2
09/08/2013,22:15,6,4,2
09/08/2013,22:30,1,0,1
09/08/2013,22:45,2,1,1
09/08/2013,23:00,1,1,0
09/08/2013,23:15,2,1,1
09/08/2013,23:30,1,0,1
09/08/2013,23:45,1,0,1
10/08/2013,00:00,4,3,1
10/08/2013,00:15,1,0,1
10/08/2013,00:30,1,1,0
10/08/2013,00:45,0,0,0
10/08/2013,01:00,2,2,0
10/08/2013,01:15,1,1,0
10/08/2013,01:30,1,1,0
10/08/2013,01:45,0,0,0
10/08/2013,02:00,0,0,0
10/08/2013,02:15,1,1,0
10/08/2013,02:30,1,0,1
10/08/2013,02:45,0,0,0
10/08/2013,03:00,0,0,0
10/08/2013,03:15,0,0,0
10/08/2013,03:30,0,0,0
10/08/2013,03:45,0,0,0
10/08/2013,04:00,0,0,0
10/08/2013,04:15,0,0,0
10/08/2013,04:30,1,1,0
10/08/2013,04:45,0,0,0
10/08/2013,05:00,0,0,0
10/08/2013,05:15,1,0,1
10/08/2013,05:30,2,2,0
10/08/2013,05:45,6,5,1
10/08/2013,06:00,4,1,3
10/08/2013,06:15,3,2,1
10/08/2013,06:30,7,3,4
10/08/2013,06:45,6,4,2
10/08/2013,07:00,15,7,8
10/08/2013,07:15,18,10,8
10/08/2013,07:30,29,14,15
10/08/2013,07:45,35,21,14
10/08/2013,08:00,21,8,13
10/08/2013,08:15,49,23,26
10/08/2013,08:30,25,11,14
10/08/2013,08:45,41,19,22
10/08/2013,09:00,43,21,22
10/08/2013,09:15,42,22,20
10/08/2013,09:30,39,21,18
10/08/2013,09:45,57,24,33
10/08/2013,10:00,39,20,19
10/08/2013,10:15,48,20,28
10/08/2013,10:30,39,15,24
10/08/2013,10:45,42,21,21
10/08/2013,11:00,35,14,21
10/08/2013,11:15,38,22,16
10/08/2013,11:30,42,13,29
10/08/2013,11:45,37,20,17
10/08/2013,12:00,32,16,16
10/08/2013,12:15,25,10,15
10/08/2013,12:30,34,13,21
10/08/2013,12:45,30,14,16
10/08/2013,13:00,33,14,19
10/08/2013,13:15,28,16,12
10/08/2013,13:30,28,10,18
10/08/2013,13:45,29,13,16
10/08/2013,14:00,34,13,21
10/08/2013,14:15,37,12,25
10/08/2013,14:30,21,10,11
10/08/2013,14:45,25,11,14
10/08/2013,15:00,23,7,16
10/08/2013,15:15,21,14,7
10/08/2013,15:30,37,15,22
10/08/2013,15:45,29,10,19
10/08/2013,16:00,37,14,23
10/08/2013,16:15,44,16,28
10/08/2013,16:30,51,21,30
10/08/2013,16:45,16,8,8
10/08/2013,17:00,29,10,19
10/08/2013,17:15,40,13,27
10/08/2013,17:30,16,3,13
10/08/2013,17:45,21,10,11
10/08/2013,18:00,30,7,23
10/08/2013,18:15,38,25,13
10/08/2013,18:30,20,9,11
10/08/2013,18:45,18,7,11
10/08/2013,19:00,25,14,11
10/08/2013,19:15,14,7,7
10/08/2013,19:30,16,9,7
10/08/2013,19:45,9,2,7
10/08/2013,20:00,16,7,9
10/08/2013,20:15,18,14,4
10/08/2013,20:30,8,4,4
10/08/2013,20:45,3,1,2
10/08/2013,21:00,6,5,1
10/08/2013,21:15,6,3,3
10/08/2013,21:30,1,0,1
10/08/2013,21:45,2,2,0
10/08/2013,22:00,2,0,2
10/08/2013,22:15,0,0,0
10/08/2013,22:30,0,0,0
10/08/2013,22:45,1,1,0
10/08/2013,23:00,1,0,1
10/08/2013,23:15,2,0,2
10/08/2013,23:30,3,2,1
10/08/2013,23:45,1,0,1
11/08/2013,00:00,0,0,0
11/08/2013,00:15,1,0,1
11/08/2013,00:30,5,3,2
11/08/2013,00:45,1,1,0
11/08/2013,01:00,1,1,0
11/08/2013,01:15,0,0,0
11/08/2013,01:30,0,0,0
11/08/2013,01:45,0,0,0
11/08/2013,02:00,0,0,0
11/08/2013,02:15,3,0,3
11/08/2013,02:30,0,0,0
11/08/2013,02:45,3,1,2
11/08/2013,03:00,0,0,0
11/08/2013,03:15,1,1,0
11/08/2013,03:30,0,0,0
11/08/2013,03:45,0,0,0
11/08/2013,04:00,0,0,0
11/08/2013,04:15,0,0,0
11/08/2013,04:30,0,0,0
11/08/2013,04:45,0,0,0
11/08/2013,05:00,2,0,2
11/08/2013,05:15,0,0,0
11/08/2013,05:30,0,0,0
11/08/2013,05:45,1,0,1
11/08/2013,06:00,3,2,1
11/08/2013,06:15,1,0,1
11/08/2013,06:30,4,0,4
11/08/2013,06:45,4,3,1
11/08/2013,07:00,13,6,7
11/08/2013,07:15,8,1,7
11/08/2013,07:30,25,13,12
11/08/2013,07:45,14,6,8
11/08/2013,08:00,25,9,16
11/08/2013,08:15,48,20,28
11/08/2013,08:30,25,12,13
11/08/2013,08:45,38,16,22
11/08/2013,09:00,61,31,30
11/08/2013,09:15,41,17,24
11/08/2013,09:30,45,18,27
11/08/2013,09:45,53,26,27
11/08/2013,10:00,43,20,23
11/08/2013,10:15,43,22,21
11/08/2013,10:30,54,26,28
11/08/2013,10:45,55,22,33
11/08/2013,11:00,52,29,23
11/08/2013,11:15,52,25,27
11/08/2013,11:30,58,20,38
11/08/2013,11:45,84,47,37
11/08/2013,12:00,70,29,41
11/08/2013,12:15,59,23,36
11/08/2013,12:30,59,29,30
11/08/2013,12:45,49,27,22
11/08/2013,13:00,55,35,20
11/08/2013,13:15,70,40,30
11/08/2013,13:30,31,7,24
11/08/2013,13:45,35,13,22
11/08/2013,14:00,43,17,26
11/08/2013,14:15,91,29,62
11/08/2013,14:30,43,24,19
11/08/2013,14:45,50,28,22
11/08/2013,15:00,47,21,26
11/08/2013,15:15,42,19,23
11/08/2013,15:30,40,22,18
11/08/2013,15:45,40,22,18
11/08/2013,16:00,44,19,25
11/08/2013,16:15,33,17,16
11/08/2013,16:30,55,23,32
11/08/2013,16:45,36,18,18
11/08/2013,17:00,56,33,23
11/08/2013,17:15,44,16,28
11/08/2013,17:30,51,24,27
11/08/2013,17:45,38,24,14
11/08/2013,18:00,34,18,16
11/08/2013,18:15,35,16,19
11/08/2013,18:30,28,13,15
11/08/2013,18:45,25,15,10
11/08/2013,19:00,19,9,10
11/08/2013,19:15,32,11,21
11/08/2013,19:30,14,6,8
11/08/2013,19:45,15,4,11
11/08/2013,20:00,15,6,9
11/08/2013,20:15,18,10,8
11/08/2013,20:30,16,10,6
11/08/2013,20:45,9,6,3
11/08/2013,21:00,9,5,4
11/08/2013,21:15,9,1,8
11/08/2013,21:30,2,2,0
11/08/2013,21:45,1,0,1
11/08/2013,22:00,3,3,0
11/08/2013,22:15,2,0,2
11/08/2013,22:30,1,0,1
11/08/2013,22:45,2,0,2
11/08/2013,23:00,1,1,0
11/08/2013,23:15,1,0,1
11/08/2013,23:30,3,0,3
11/08/2013,23:45,0,0,0
12/08/2013,00:00,0,0,0
12/08/2013,00:15,0,0,0
12/08/2013,00:30,0,0,0
12/08/2013,00:45,1,0,1
12/08/2013,01:00,1,1,0
12/08/2013,01:15,3,1,2
12/08/2013,01:30,1,0,1
12/08/2013,01:45,0,0,0
12/08/2013,02:00,0,0,0
12/08/2013,02:15,1,1,0
12/08/2013,02:30,0,0,0
12/08/2013,02:45,0,0,0
12/08/2013,03:00,1,0,1
12/08/2013,03:15,0,0,0
12/08/2013,03:30,2,2,0
12/08/2013,03:45,0,0,0
12/08/2013,04:00,1,1,0
12/08/2013,04:15,0,0,0
12/08/2013,04:30,0,0,0
12/08/2013,04:45,1,0,1
12/08/2013,05:00,4,3,1
12/08/2013,05:15,0,0,0
12/08/2013,05:30,7,2,5
12/08/2013,05:45,8,7,1
12/08/2013,06:00,13,5,8
12/08/2013,06:15,16,6,10
12/08/2013,06:30,25,12,13
12/08/2013,06:45,28,7,21
12/08/2013,07:00,29,12,17
12/08/2013,07:15,28,6,22
12/08/2013,07:30,36,15,21
12/08/2013,07:45,24,9,15
12/08/2013,08:00,33,12,21
12/08/2013,08:15,28,13,15
12/08/2013,08:30,23,9,14
12/08/2013,08:45,28,11,17
12/08/2013,09:00,29,12,17
12/08/2013,09:15,24,12,12
12/08/2013,09:30,18,12,6
12/08/2013,09:45,18,9,9
12/08/2013,10:00,17,9,8
12/08/2013,10:15,23,10,13
12/08/2013,10:30,16,6,10
12/08/2013,10:45,27,11,16
12/08/2013,11:00,21,9,12
12/08/2013,11:15,16,13,3
12/08/2013,11:30,24,18,6
12/08/2013,11:45,18,17,1
12/08/2013,12:00,19,9,10
12/08/2013,12:15,27,18,9
12/08/2013,12:30,13,11,2
12/08/2013,12:45,10,8,2
12/08/2013,13:00,14,11,3
12/08/2013,13:15,13,9,4
12/08/2013,13:30,16,12,4
12/08/2013,13:45,16,9,7
12/08/2013,14:00,20,14,6
12/08/2013,14:15,16,11,5
12/08/2013,14:30,14,4,10
12/08/2013,14:45,17,7,10
12/08/2013,15:00,15,7,8
12/08/2013,15:15,10,6,4
12/08/2013,15:30,11,4,7
12/08/2013,15:45,16,10,6
12/08/2013,16:00,18,7,11
12/08/2013,16:15,21,12,9
12/08/2013,16:30,34,16,18
12/08/2013,16:45,23,17,6
12/08/2013,17:00,37,21,16
12/08/2013,17:15,36,23,13
12/08/2013,17:30,34,21,13
12/08/2013,17:45,46,29,17
12/08/2013,18:00,47,29,18
12/08/2013,18:15,62,35,27
12/08/2013,18:30,62,37,25
12/08/2013,18:45,55,39,16
12/08/2013,19:00,49,33,16
12/08/2013,19:15,44,35,9
12/08/2013,19:30,44,34,10
12/08/2013,19:45,26,21,5
12/08/2013,20:00,33,27,6
12/08/2013,20:15,21,14,7
12/08/2013,20:30,20,13,7
12/08/2013,20:45,12,6,6
12/08/2013,21:00,11,5,6
12/08/2013,21:15,7,5,2
12/08/2013,21:30,7,6,1
12/08/2013,21:45,1,0,1
12/08/2013,22:00,3,1,2
12/08/2013,22:15,0,0,0
12/08/2013,22:30,1,1,0
12/08/2013,22:45,2,2,0
12/08/2013,23:00,1,0,1
12/08/2013,23:15,5,3,2
12/08/2013,23:30,0,0,0
12/08/2013,23:45,4,2,2
13/08/2013,00:00,1,0,1
13/08/2013,00:15,2,1,1
13/08/2013,00:30,2,0,2
13/08/2013,00:45,0,0,0
13/08/2013,01:00,1,0,1
13/08/2013,01:15,0,0,0
13/08/2013,01:30,0,0,0
13/08/2013,01:45,1,1,0
13/08/2013,02:00,0,0,0
13/08/2013,02:15,0,0,0
13/08/2013,02:30,0,0,0
13/08/2013,02:45,0,0,0
13/08/2013,03:00,0,0,0
13/08/2013,03:15,2,1,1
13/08/2013,03:30,1,1,0
13/08/2013,03:45,4,1,3
13/08/2013,04:00,1,0,1
13/08/2013,04:15,2,1,1
13/08/2013,04:30,0,0,0
13/08/2013,04:45,3,1,2
13/08/2013,05:00,1,0,1
13/08/2013,05:15,2,0,2
13/08/2013,05:30,8,3,5
13/08/2013,05:45,11,6,5
13/08/2013,06:00,15,7,8
13/08/2013,06:15,12,5,7
13/08/2013,06:30,19,9,10
13/08/2013,06:45,16,7,9
13/08/2013,07:00,22,10,12
13/08/2013,07:15,21,10,11
13/08/2013,07:30,19,10,9
13/08/2013,07:45,17,7,10
13/08/2013,08:00,23,13,10
13/08/2013,08:15,10,2,8
13/08/2013,08:30,9,5,4
13/08/2013,08:45,12,6,6
13/08/2013,09:00,12,8,4
13/08/2013,09:15,8,4,4
13/08/2013,09:30,11,7,4
13/08/2013,09:45,19,6,13
13/08/2013,10:00,13,4,9
13/08/2013,10:15,6,3,3
13/08/2013,10:30,9,1,8
13/08/2013,10:45,16,8,8
13/08/2013,11:00,12,8,4
13/08/2013,11:15,14,3,11
13/08/2013,11:30,6,4,2
13/08/2013,11:45,9,6,3
13/08/2013,12:00,17,10,7
13/08/2013,12:15,15,9,6
13/08/2013,12:30,7,4,3
13/08/2013,12:45,10,7,3
13/08/2013,13:00,8,2,6
13/08/2013,13:15,10,3,7
13/08/2013,13:30,5,2,3
13/08/2013,13:45,17,4,13
13/08/2013,14:00,11,5,6
13/08/2013,14:15,17,8,9
13/08/2013,14:30,13,6,7
13/08/2013,14:45,9,3,6
13/08/2013,15:00,12,5,7
13/08/2013,15:15,10,6,4
13/08/2013,15:30,17,9,8
13/08/2013,15:45,11,5,6
13/08/2013,16:00,16,10,6
13/08/2013,16:15,20,13,7
13/08/2013,16:30,22,10,12
13/08/2013,16:45,35,18,17
13/08/2013,17:00,25,18,7
13/08/2013,17:15,33,19,14
13/08/2013,17:30,49,26,23
13/08/2013,17:45,40,19,21
13/08/2013,18:00,37,23,14
13/08/2013,18:15,37,22,15
13/08/2013,18:30,46,32,14
13/08/2013,18:45,54,26,28
13/08/2013,19:00,37,24,13
13/08/2013,19:15,32,24,8
13/08/2013,19:30,36,29,7
13/08/2013,19:45,32,18,14
13/08/2013,20:00,26,10,16
13/08/2013,20:15,18,11,7
13/08/2013,20:30,10,4,6
13/08/2013,20:45,6,3,3
13/08/2013,21:00,4,3,1
13/08/2013,21:15,5,2,3
13/08/2013,21:30,2,2,0
13/08/2013,21:45,6,4,2
13/08/2013,22:00,2,2,0
13/08/2013,22:15,0,0,0
13/08/2013,22:30,3,3,0
13/08/2013,22:45,0,0,0
13/08/2013,23:00,3,2,1
13/08/2013,23:15,2,2,0
13/08/2013,23:30,1,0,1
13/08/2013,23:45,2,0,2
14/08/2013,00:00,4,1,3
14/08/2013,00:15,2,1,1
14/08/2013,00:30,1,0,1
14/08/2013,00:45,0,0,0
14/08/2013,01:00,0,0,0
14/08/2013,01:15,0,0,0
14/08/2013,01:30,0,0,0
14/08/2013,01:45,0,0,0
14/08/2013,02:00,0,0,0
14/08/2013,02:15,1,1,0
14/08/2013,02:30,0,0,0
14/08/2013,02:45,0,0,0
14/08/2013,03:00,0,0,0
14/08/2013,03:15,0,0,0
14/08/2013,03:30,0,0,0
14/08/2013,03:45,1,1,0
14/08/2013,04:00,1,0,1
14/08/2013,04:15,1,0,1
14/08/2013,04:30,2,2,0
14/08/2013,04:45,2,2,0
14/08/2013,05:00,3,1,2
14/08/2013,05:15,2,0,2
14/08/2013,05:30,5,1,4
14/08/2013,05:45,11,6,5
14/08/2013,06:00,12,7,5
14/08/2013,06:15,20,6,14
14/08/2013,06:30,21,5,16
14/08/2013,06:45,33,9,24
14/08/2013,07:00,40,9,31
14/08/2013,07:15,31,6,25
14/08/2013,07:30,43,21,22
14/08/2013,07:45,37,13,24
14/08/2013,08:00,37,13,24
14/08/2013,08:15,36,10,26
14/08/2013,08:30,25,5,20
14/08/2013,08:45,31,10,21
14/08/2013,09:00,28,10,18
14/08/2013,09:15,15,6,9
14/08/2013,09:30,25,13,12
14/08/2013,09:45,26,17,9
14/08/2013,10:00,17,8,9
14/08/2013,10:15,20,12,8
14/08/2013,10:30,31,20,11
14/08/2013,10:45,47,33,14
14/08/2013,11:00,43,33,10
14/08/2013,11:15,25,15,10
14/08/2013,11:30,41,23,18
14/08/2013,11:45,26,12,14
14/08/2013,12:00,28,16,12
14/08/2013,12:15,21,8,13
14/08/2013,12:30,28,16,12
14/08/2013,12:45,34,19,15
14/08/2013,13:00,36,17,19
14/08/2013,13:15,21,10,11
14/08/2013,13:30,39,33,6
14/08/2013,13:45,23,10,13
14/08/2013,14:00,33,25,8
14/08/2013,14:15,22,11,11
14/08/2013,14:30,18,8,10
14/08/2013,14:45,15,10,5
14/08/2013,15:00,23,16,7
14/08/2013,15:15,26,12,14
14/08/2013,15:30,22,10,12
14/08/2013,15:45,24,8,16
14/08/2013,16:00,32,20,12
14/08/2013,16:15,26,12,14
14/08/2013,16:30,43,21,22
14/08/2013,16:45,46,19,27
14/08/2013,17:00,45,22,23
14/08/2013,17:15,53,28,25
14/08/2013,17:30,48,19,29
14/08/2013,17:45,55,18,37
14/08/2013,18:00,59,26,33
14/08/2013,18:15,64,28,36
14/08/2013,18:30,61,32,29
14/08/2013,18:45,70,29,41
14/08/2013,19:00,77,30,47
14/08/2013,19:15,70,34,36
14/08/2013,19:30,54,26,28
14/08/2013,19:45,44,23,21
14/08/2013,20:00,36,23,13
14/08/2013,20:15,29,16,13
14/08/2013,20:30,20,6,14
14/08/2013,20:45,14,10,4
14/08/2013,21:00,6,2,4
14/08/2013,21:15,8,3,5
14/08/2013,21:30,6,4,2
14/08/2013,21:45,5,2,3
14/08/2013,22:00,1,1,0
14/08/2013,22:15,2,1,1
14/08/2013,22:30,2,2,0
14/08/2013,22:45,2,2,0
14/08/2013,23:00,2,1,1
14/08/2013,23:15,1,1,0
14/08/2013,23:30,0,0,0
14/08/2013,23:45,4,2,2
15/08/2013,00:00,4,3,1
15/08/2013,00:15,1,0,1
15/08/2013,00:30,1,1,0
15/08/2013,00:45,0,0,0
15/08/2013,01:00,0,0,0
15/08/2013,01:15,1,0,1
15/08/2013,01:30,1,0,1
15/08/2013,01:45,1,1,0
15/08/2013,02:00,0,0,0
15/08/2013,02:15,1,1,0
15/08/2013,02:30,0,0,0
15/08/2013,02:45,0,0,0
15/08/2013,03:00,0,0,0
15/08/2013,03:15,1,1,0
15/08/2013,03:30,0,0,0
15/08/2013,03:45,2,2,0
15/08/2013,04:00,2,2,0
15/08/2013,04:15,1,0,1
15/08/2013,04:30,3,2,1
15/08/2013,04:45,3,1,2
15/08/2013,05:00,4,2,2
15/08/2013,05:15,5,3,2
15/08/2013,05:30,5,2,3
15/08/2013,05:45,12,6,6
15/08/2013,06:00,11,6,5
15/08/2013,06:15,22,7,15
15/08/2013,06:30,24,7,17
15/08/2013,06:45,31,9,22
15/08/2013,07:00,38,17,21
15/08/2013,07:15,37,11,26
15/08/2013,07:30,46,20,26
15/08/2013,07:45,34,12,22
15/08/2013,08:00,38,18,20
15/08/2013,08:15,30,12,18
15/08/2013,08:30,25,7,18
15/08/2013,08:45,26,5,21
15/08/2013,09:00,22,11,11
15/08/2013,09:15,33,15,18
15/08/2013,09:30,21,7,14
15/08/2013,09:45,21,14,7
15/08/2013,10:00,17,11,6
15/08/2013,10:15,16,12,4
15/08/2013,10:30,26,15,11
15/08/2013,10:45,34,22,12
15/08/2013,11:00,23,15,8
15/08/2013,11:15,34,16,18
15/08/2013,11:30,20,17,3
15/08/2013,11:45,14,5,9
15/08/2013,12:00,31,16,15
15/08/2013,12:15,29,17,12
15/08/2013,12:30,36,33,3
15/08/2013,12:45,39,24,15
15/08/2013,13:00,30,25,5
15/08/2013,13:15,23,14,9
15/08/2013,13:30,23,18,5
15/08/2013,13:45,22,14,8
15/08/2013,14:00,18,12,6
15/08/2013,14:15,19,11,8
15/08/2013,14:30,30,15,15
15/08/2013,14:45,15,3,12
15/08/2013,15:00,15,8,7
15/08/2013,15:15,25,12,13
15/08/2013,15:30,22,6,16
15/08/2013,15:45,14,4,10
15/08/2013,16:00,16,9,7
15/08/2013,16:15,27,13,14
15/08/2013,16:30,37,13,24
15/08/2013,16:45,38,17,21
15/08/2013,17:00,41,16,25
15/08/2013,17:15,47,27,20
15/08/2013,17:30,52,22,30
15/08/2013,17:45,53,22,31
15/08/2013,18:00,49,18,31
15/08/2013,18:15,67,36,31
15/08/2013,18:30,73,28,45
15/08/2013,18:45,52,27,25
15/08/2013,19:00,50,20,30
15/08/2013,19:15,46,23,23
15/08/2013,19:30,44,17,27
15/08/2013,19:45,47,23,24
15/08/2013,20:00,26,17,9
15/08/2013,20:15,36,21,15
15/08/2013,20:30,16,10,6
15/08/2013,20:45,12,6,6
15/08/2013,21:00,4,3,1
15/08/2013,21:15,5,3,2
15/08/2013,21:30,3,1,2
15/08/2013,21:45,7,3,4
15/08/2013,22:00,1,1,0
15/08/2013,22:15,1,0,1
15/08/2013,22:30,2,2,0
15/08/2013,22:45,2,2,0
15/08/2013,23:00,1,1,0
15/08/2013,23:15,1,1,0
15/08/2013,23:30,0,0,0
15/08/2013,23:45,2,2,0
16/08/2013,00:00,4,1,3
16/08/2013,00:15,0,0,0
16/08/2013,00:30,0,0,0
16/08/2013,00:45,0,0,0
16/08/2013,01:00,0,0,0
16/08/2013,01:15,0,0,0
16/08/2013,01:30,0,0,0
16/08/2013,01:45,1,1,0
16/08/2013,02:00,0,0,0
16/08/2013,02:15,0,0,0
16/08/2013,02:30,0,0,0
16/08/2013,02:45,0,0,0
16/08/2013,03:00,0,0,0
16/08/2013,03:15,0,0,0
16/08/2013,03:30,3,2,1
16/08/2013,03:45,3,3,0
16/08/2013,04:00,0,0,0
16/08/2013,04:15,1,1,0
16/08/2013,04:30,0,0,0
16/08/2013,04:45,3,2,1
16/08/2013,05:00,1,0,1
16/08/2013,05:15,2,1,1
16/08/2013,05:30,5,4,1
16/08/2013,05:45,11,4,7
16/08/2013,06:00,8,3,5
16/08/2013,06:15,17,8,9
16/08/2013,06:30,20,7,13
16/08/2013,06:45,13,6,7
16/08/2013,07:00,39,17,22
16/08/2013,07:15,26,10,16
16/08/2013,07:30,31,10,21
16/08/2013,07:45,38,11,27
16/08/2013,08:00,33,13,20
16/08/2013,08:15,28,10,18
16/08/2013,08:30,19,4,15
16/08/2013,08:45,22,12,10
16/08/2013,09:00,27,7,20
16/08/2013,09:15,16,10,6
16/08/2013,09:30,31,12,19
16/08/2013,09:45,18,11,7
16/08/2013,10:00,10,5,5
16/08/2013,10:15,20,12,8
16/08/2013,10:30,14,7,7
16/08/2013,10:45,19,7,12
16/08/2013,11:00,28,15,13
16/08/2013,11:15,25,9,16
16/08/2013,11:30,41,17,24
16/08/2013,11:45,29,20,9
16/08/2013,12:00,31,17,14
16/08/2013,12:15,19,8,11
16/08/2013,12:30,22,11,11
16/08/2013,12:45,28,17,11
16/08/2013,13:00,15,7,8
16/08/2013,13:15,20,9,11
16/08/2013,13:30,14,7,7
16/08/2013,13:45,16,10,6
16/08/2013,14:00,15,7,8
16/08/2013,14:15,23,8,15
16/08/2013,14:30,29,14,15
16/08/2013,14:45,26,14,12
16/08/2013,15:00,16,6,10
16/08/2013,15:15,17,5,12
16/08/2013,15:30,33,13,20
16/08/2013,15:45,25,13,12
16/08/2013,16:00,42,23,19
16/08/2013,16:15,29,15,14
16/08/2013,16:30,32,16,16
16/08/2013,16:45,36,17,19
16/08/2013,17:00,26,13,13
16/08/2013,17:15,36,25,11
16/08/2013,17:30,57,25,32
16/08/2013,17:45,41,24,17
16/08/2013,18:00,42,19,23
16/08/2013,18:15,43,20,23
16/08/2013,18:30,24,11,13
16/08/2013,18:45,35,15,20
16/08/2013,19:00,37,17,20
16/08/2013,19:15,27,10,17
16/08/2013,19:30,27,13,14
16/08/2013,19:45,22,12,10
16/08/2013,20:00,9,8,1
16/08/2013,20:15,23,13,10
16/08/2013,20:30,7,4,3
16/08/2013,20:45,11,9,2
16/08/2013,21:00,6,3,3
16/08/2013,21:15,5,2,3
16/08/2013,21:30,4,3,1
16/08/2013,21:45,3,2,1
16/08/2013,22:00,3,2,1
16/08/2013,22:15,1,1,0
16/08/2013,22:30,3,0,3
16/08/2013,22:45,2,2,0
16/08/2013,23:00,1,1,0
16/08/2013,23:15,4,1,3
16/08/2013,23:30,3,1,2
16/08/2013,23:45,3,2,1
17/08/2013,00:00,2,0,2
17/08/2013,00:15,1,0,1
17/08/2013,00:30,1,0,1
17/08/2013,00:45,2,1,1
17/08/2013,01:00,1,1,0
17/08/2013,01:15,3,2,1
17/08/2013,01:30,1,0,1
17/08/2013,01:45,0,0,0
17/08/2013,02:00,0,0,0
17/08/2013,02:15,0,0,0
17/08/2013,02:30,0,0,0
17/08/2013,02:45,2,0,2
17/08/2013,03:00,0,0,0
17/08/2013,03:15,0,0,0
17/08/2013,03:30,2,0,2
17/08/2013,03:45,0,0,0
17/08/2013,04:00,0,0,0
17/08/2013,04:15,0,0,0
17/08/2013,04:30,1,1,0
17/08/2013,04:45,2,2,0
17/08/2013,05:00,1,0,1
17/08/2013,05:15,0,0,0
17/08/2013,05:30,4,2,2
17/08/2013,05:45,5,4,1
17/08/2013,06:00,4,4,0
17/08/2013,06:15,6,3,3
17/08/2013,06:30,12,7,5
17/08/2013,06:45,16,9,7
17/08/2013,07:00,16,9,7
17/08/2013,07:15,13,8,5
17/08/2013,07:30,24,11,13
17/08/2013,07:45,20,10,10
17/08/2013,08:00,29,10,19
17/08/2013,08:15,39,20,19
17/08/2013,08:30,36,17,19
17/08/2013,08:45,38,21,17
17/08/2013,09:00,34,13,21
17/08/2013,09:15,31,11,20
17/08/2013,09:30,68,39,29
17/08/2013,09:45,55,33,22
17/08/2013,10:00,50,27,23
17/08/2013,10:15,54,32,22
17/08/2013,10:30,59,27,32
17/08/2013,10:45,49,19,30
17/08/2013,11:00,80,45,35
17/08/2013,11:15,61,31,30
17/08/2013,11:30,70,32,38
17/08/2013,11:45,63,28,35
17/08/2013,12:00,70,26,44
17/08/2013,12:15,51,31,20
17/08/2013,12:30,67,34,33
17/08/2013,12:45,46,24,22
17/08/2013,13:00,41,22,19
17/08/2013,13:15,69,27,42
17/08/2013,13:30,44,20,24
17/08/2013,13:45,50,32,18
17/08/2013,14:00,38,20,18
17/08/2013,14:15,53,18,35
17/08/2013,14:30,49,17,32
17/08/2013,14:45,48,19,29
17/08/2013,15:00,46,20,26
17/08/2013,15:15,39,18,21
17/08/2013,15:30,43,22,21
17/08/2013,15:45,46,18,28
17/08/2013,16:00,33,12,21
17/08/2013,16:15,42,16,26
17/08/2013,16:30,34,9,25
17/08/2013,16:45,31,16,15
17/08/2013,17:00,24,8,16
17/08/2013,17:15,36,18,18
17/08/2013,17:30,35,12,23
17/08/2013,17:45,21,11,10
17/08/2013,18:00,29,13,16
17/08/2013,18:15,29,12,17
17/08/2013,18:30,37,16,21
17/08/2013,18:45,16,7,9
17/08/2013,19:00,10,6,4
17/08/2013,19:15,13,7,6
17/08/2013,19:30,24,14,10
17/08/2013,19:45,7,1,6
17/08/2013,20:00,16,11,5
17/08/2013,20:15,11,5,6
17/08/2013,20:30,8,4,4
17/08/2013,20:45,5,4,1
17/08/2013,21:00,3,2,1
17/08/2013,21:15,3,2,1
17/08/2013,21:30,2,2,0
17/08/2013,21:45,3,3,0
17/08/2013,22:00,4,3,1
17/08/2013,22:15,1,0,1
17/08/2013,22:30,2,1,1
17/08/2013,22:45,1,0,1
17/08/2013,23:00,1,0,1
17/08/2013,23:15,3,1,2
17/08/2013,23:30,3,1,2
17/08/2013,23:45,1,0,1
18/08/2013,00:00,0,0,0
18/08/2013,00:15,3,3,0
18/08/2013,00:30,1,1,0
18/08/2013,00:45,0,0,0
18/08/2013,01:00,0,0,0
18/08/2013,01:15,1,0,1
18/08/2013,01:30,0,0,0
18/08/2013,01:45,2,1,1
18/08/2013,02:00,2,0,2
18/08/2013,02:15,0,0,0
18/08/2013,02:30,1,0,1
18/08/2013,02:45,1,1,0
18/08/2013,03:00,0,0,0
18/08/2013,03:15,2,1,1
18/08/2013,03:30,1,1,0
18/08/2013,03:45,0,0,0
18/08/2013,04:00,0,0,0
18/08/2013,04:15,0,0,0
18/08/2013,04:30,0,0,0
18/08/2013,04:45,0,0,0
18/08/2013,05:00,1,0,1
18/08/2013,05:15,3,3,0
18/08/2013,05:30,1,0,1
18/08/2013,05:45,1,1,0
18/08/2013,06:00,0,0,0
18/08/2013,06:15,1,1,0
18/08/2013,06:30,1,1,0
18/08/2013,06:45,4,3,1
18/08/2013,07:00,4,2,2
18/08/2013,07:15,5,4,1
18/08/2013,07:30,7,4,3
18/08/2013,07:45,3,0,3
18/08/2013,08:00,4,2,2
18/08/2013,08:15,13,1,12
18/08/2013,08:30,6,3,3
18/08/2013,08:45,5,1,4
18/08/2013,09:00,10,5,5
18/08/2013,09:15,8,7,1
18/08/2013,09:30,4,4,0
18/08/2013,09:45,9,2,7
18/08/2013,10:00,6,2,4
18/08/2013,10:15,5,4,1
18/08/2013,10:30,9,3,6
18/08/2013,10:45,14,6,8
18/08/2013,11:00,5,4,1
18/08/2013,11:15,9,7,2
18/08/2013,11:30,14,7,7
18/08/2013,11:45,7,6,1
18/08/2013,12:00,14,5,9
18/08/2013,12:15,4,4,0
18/08/2013,12:30,3,1,2
18/08/2013,12:45,7,2,5
18/08/2013,13:00,8,5,3
18/08/2013,13:15,4,0,4
18/08/2013,13:30,13,4,9
18/08/2013,13:45,4,4,0
18/08/2013,14:00,11,4,7
18/08/2013,14:15,16,6,10
18/08/2013,14:30,3,1,2
18/08/2013,14:45,12,4,8
18/08/2013,15:00,14,6,8
18/08/2013,15:15,8,2,6
18/08/2013,15:30,14,3,11
18/08/2013,15:45,19,7,12
18/08/2013,16:00,17,6,11
18/08/2013,16:15,21,13,8
18/08/2013,16:30,22,8,14
18/08/2013,16:45,17,7,10
18/08/2013,17:00,17,7,10
18/08/2013,17:15,24,12,12
18/08/2013,17:30,28,13,15
18/08/2013,17:45,25,9,16
18/08/2013,18:00,20,11,9
18/08/2013,18:15,13,4,9
18/08/2013,18:30,21,12,9
18/08/2013,18:45,18,8,10
18/08/2013,19:00,24,9,15
18/08/2013,19:15,16,11,5
18/08/2013,19:30,18,6,12
18/08/2013,19:45,19,7,12
18/08/2013,20:00,7,4,3
18/08/2013,20:15,8,5,3
18/08/2013,20:30,2,0,2
18/08/2013,20:45,4,1,3
18/08/2013,21:00,3,1,2
18/08/2013,21:15,2,2,0
18/08/2013,21:30,3,1,2
18/08/2013,21:45,1,1,0
18/08/2013,22:00,2,1,1
18/08/2013,22:15,2,1,1
18/08/2013,22:30,3,2,1
18/08/2013,22:45,4,3,1
18/08/2013,23:00,1,0,1
18/08/2013,23:15,0,0,0
18/08/2013,23:30,0,0,0
18/08/2013,23:45,1,1,0
19/08/2013,00:00,0,0,0
19/08/2013,00:15,0,0,0
19/08/2013,00:30,0,0,0
19/08/2013,00:45,0,0,0
19/08/2013,01:00,0,0,0
19/08/2013,01:15,0,0,0
19/08/2013,01:30,2,2,0
19/08/2013,01:45,0,0,0
19/08/2013,02:00,0,0,0
19/08/2013,02:15,1,0,1
19/08/2013,02:30,0,0,0
19/08/2013,02:45,1,0,1
19/08/2013,03:00,0,0,0
19/08/2013,03:15,0,0,0
19/08/2013,03:30,0,0,0
19/08/2013,03:45,1,1,0
19/08/2013,04:00,1,1,0
19/08/2013,04:15,0,0,0
19/08/2013,04:30,2,1,1
19/08/2013,04:45,1,0,1
19/08/2013,05:00,1,0,1
19/08/2013,05:15,1,1,0
19/08/2013,05:30,3,2,1
19/08/2013,05:45,8,4,4
19/08/2013,06:00,11,6,5
19/08/2013,06:15,14,5,9
19/08/2013,06:30,18,5,13
19/08/2013,06:45,27,12,15
19/08/2013,07:00,42,14,28
19/08/2013,07:15,29,9,20
19/08/2013,07:30,42,11,31
19/08/2013,07:45,28,9,19
19/08/2013,08:00,34,14,20
19/08/2013,08:15,32,10,22
19/08/2013,08:30,26,7,19
19/08/2013,08:45,13,4,9
19/08/2013,09:00,14,2,12
19/08/2013,09:15,16,8,8
19/08/2013,09:30,12,3,9
19/08/2013,09:45,10,6,4
19/08/2013,10:00,11,5,6
19/08/2013,10:15,15,7,8
19/08/2013,10:30,13,2,11
19/08/2013,10:45,21,10,11
19/08/2013,11:00,10,4,6
19/08/2013,11:15,22,12,10
19/08/2013,11:30,17,8,9
19/08/2013,11:45,20,5,15
19/08/2013,12:00,12,2,10
19/08/2013,12:15,15,5,10
19/08/2013,12:30,16,2,14
19/08/2013,12:45,13,3,10
19/08/2013,13:00,12,6,6
19/08/2013,13:15,8,3,5
19/08/2013,13:30,6,2,4
19/08/2013,13:45,14,3,11
19/08/2013,14:00,13,6,7
19/08/2013,14:15,14,7,7
19/08/2013,14:30,13,3,10
19/08/2013,14:45,14,7,7
19/08/2013,15:00,21,9,12
19/08/2013,15:15,18,12,6
19/08/2013,15:30,15,5,10
19/08/2013,15:45,12,4,8
19/08/2013,16:00,19,7,12
19/08/2013,16:15,19,7,12
19/08/2013,16:30,23,11,12
19/08/2013,16:45,33,14,19
19/08/2013,17:00,37,15,22
19/08/2013,17:15,40,22,18
19/08/2013,17:30,39,22,17
19/08/2013,17:45,54,26,28
19/08/2013,18:00,53,26,27
19/08/2013,18:15,36,13,23
19/08/2013,18:30,42,20,22
19/08/2013,18:45,49,20,29
19/08/2013,19:00,29,13,16
19/08/2013,19:15,44,24,20
19/08/2013,19:30,23,11,12
19/08/2013,19:45,32,14,18
19/08/2013,20:00,26,13,13
19/08/2013,20:15,11,7,4
19/08/2013,20:30,7,2,5
19/08/2013,20:45,6,4,2
19/08/2013,21:00,6,3,3
19/08/2013,21:15,11,5,6
19/08/2013,21:30,1,1,0
19/08/2013,21:45,5,2,3
19/08/2013,22:00,1,0,1
19/08/2013,22:15,1,0,1
19/08/2013,22:30,4,3,1
19/08/2013,22:45,3,1,2
19/08/2013,23:00,1,0,1
19/08/2013,23:15,1,1,0
19/08/2013,23:30,2,1,1
19/08/2013,23:45,1,1,0
20/08/2013,00:00,2,0,2
20/08/2013,00:15,3,1,2
20/08/2013,00:30,0,0,0
20/08/2013,00:45,2,2,0
20/08/2013,01:00,0,0,0
20/08/2013,01:15,0,0,0
20/08/2013,01:30,0,0,0
20/08/2013,01:45,1,0,1
20/08/2013,02:00,0,0,0
20/08/2013,02:15,0,0,0
20/08/2013,02:30,0,0,0
20/08/2013,02:45,0,0,0
20/08/2013,03:00,0,0,0
20/08/2013,03:15,1,1,0
20/08/2013,03:30,2,2,0
20/08/2013,03:45,0,0,0
20/08/2013,04:00,3,2,1
20/08/2013,04:15,0,0,0
20/08/2013,04:30,0,0,0
20/08/2013,04:45,3,0,3
20/08/2013,05:00,1,1,0
20/08/2013,05:15,3,2,1
20/08/2013,05:30,2,1,1
20/08/2013,05:45,17,9,8
20/08/2013,06:00,12,2,10
20/08/2013,06:15,19,7,12
20/08/2013,06:30,34,13,21
20/08/2013,06:45,37,14,23
20/08/2013,07:00,32,12,20
20/08/2013,07:15,38,14,24
20/08/2013,07:30,35,13,22
20/08/2013,07:45,46,14,32
20/08/2013,08:00,35,13,22
20/08/2013,08:15,29,9,20
20/08/2013,08:30,23,10,13
20/08/2013,08:45,22,10,12
20/08/2013,09:00,23,8,15
20/08/2013,09:15,25,7,18
20/08/2013,09:30,19,11,8
20/08/2013,09:45,14,6,8
20/08/2013,10:00,18,7,11
20/08/2013,10:15,18,4,14
20/08/2013,10:30,20,10,10
20/08/2013,10:45,14,4,10
20/08/2013,11:00,25,18,7
20/08/2013,11:15,23,11,12
20/08/2013,11:30,21,13,8
20/08/2013,11:45,13,9,4
20/08/2013,12:00,16,13,3
20/08/2013,12:15,16,8,8
20/08/2013,12:30,9,7,2
20/08/2013,12:45,23,12,11
20/08/2013,13:00,19,15,4
20/08/2013,13:15,19,13,6
20/08/2013,13:30,11,8,3
20/08/2013,13:45,19,10,9
20/08/2013,14:00,7,4,3
20/08/2013,14:15,13,5,8
20/08/2013,14:30,17,8,9
20/08/2013,14:45,15,6,9
20/08/2013,15:00,26,17,9
20/08/2013,15:15,12,3,9
20/08/2013,15:30,27,16,11
20/08/2013,15:45,20,10,10
20/08/2013,16:00,15,7,8
20/08/2013,16:15,24,9,15
20/08/2013,16:30,26,15,11
20/08/2013,16:45,32,23,9
20/08/2013,17:00,36,20,16
20/08/2013,17:15,38,22,16
20/08/2013,17:30,36,23,13
20/08/2013,17:45,55,26,29
20/08/2013,18:00,58,29,29
20/08/2013,18:15,70,42,28
20/08/2013,18:30,62,37,25
20/08/2013,18:45,62,34,28
20/08/2013,19:00,64,34,30
20/08/2013,19:15,60,39,21
20/08/2013,19:30,34,19,15
20/08/2013,19:45,34,16,18
20/08/2013,20:00,27,18,9
20/08/2013,20:15,19,13,6
20/08/2013,20:30,22,13,9
20/08/2013,20:45,13,9,4
20/08/2013,21:00,3,1,2
20/08/2013,21:15,8,4,4
20/08/2013,21:30,3,0,3
20/08/2013,21:45,3,2,1
20/08/2013,22:00,5,1,4
20/08/2013,22:15,1,1,0
20/08/2013,22:30,2,1,1
20/08/2013,22:45,4,2,2
20/08/2013,23:00,1,0,1
20/08/2013,23:15,0,0,0
20/08/2013,23:30,2,1,1
20/08/2013,23:45,2,2,0
21/08/2013,00:00,1,0,1
21/08/2013,00:15,1,0,1
21/08/2013,00:30,1,0,1
21/08/2013,00:45,0,0,0
21/08/2013,01:00,1,0,1
21/08/2013,01:15,1,1,0
21/08/2013,01:30,0,0,0
21/08/2013,01:45,0,0,0
21/08/2013,02:00,0,0,0
21/08/2013,02:15,0,0,0
21/08/2013,02:30,0,0,0
21/08/2013,02:45,0,0,0
21/08/2013,03:00,1,1,0
21/08/2013,03:15,0,0,0
21/08/2013,03:30,0,0,0
21/08/2013,03:45,3,1,2
21/08/2013,04:00,1,1,0
21/08/2013,04:15,1,0,1
21/08/2013,04:30,1,0,1
21/08/2013,04:45,7,4,3
21/08/2013,05:00,0,0,0
21/08/2013,05:15,3,0,3
21/08/2013,05:30,2,1,1
21/08/2013,05:45,11,5,6
21/08/2013,06:00,13,7,6
21/08/2013,06:15,14,4,10
21/08/2013,06:30,29,12,17
21/08/2013,06:45,38,13,25
21/08/2013,07:00,32,13,19
21/08/2013,07:15,36,9,27
21/08/2013,07:30,37,6,31
21/08/2013,07:45,36,15,21
21/08/2013,08:00,33,13,20
21/08/2013,08:15,31,14,17
21/08/2013,08:30,22,7,15
21/08/2013,08:45,27,13,14
21/08/2013,09:00,16,12,4
21/08/2013,09:15,17,7,10
21/08/2013,09:30,14,7,7
21/08/2013,09:45,16,9,7
21/08/2013,10:00,20,10,10
21/08/2013,10:15,16,11,5
21/08/2013,10:30,23,12,11
21/08/2013,10:45,37,23,14
21/08/2013,11:00,38,31,7
21/08/2013,11:15,18,16,2
21/08/2013,11:30,20,12,8
21/08/2013,11:45,22,16,6
21/08/2013,12:00,5,2,3
21/08/2013,12:15,13,8,5
21/08/2013,12:30,14,8,6
21/08/2013,12:45,10,5,5
21/08/2013,13:00,17,11,6
21/08/2013,13:15,23,15,8
21/08/2013,13:30,24,16,8
21/08/2013,13:45,17,10,7
21/08/2013,14:00,18,16,2
21/08/2013,14:15,18,15,3
21/08/2013,14:30,23,8,15
21/08/2013,14:45,17,11,6
21/08/2013,15:00,14,10,4
21/08/2013,15:15,25,16,9
21/08/2013,15:30,21,13,8
21/08/2013,15:45,27,13,14
21/08/2013,16:00,20,13,7
21/08/2013,16:15,19,9,10
21/08/2013,16:30,29,18,11
21/08/2013,16:45,36,24,12
21/08/2013,17:00,41,26,15
21/08/2013,17:15,45,29,16
21/08/2013,17:30,29,23,6
21/08/2013,17:45,46,31,15
21/08/2013,18:00,45,30,15
21/08/2013,18:15,44,33,11
21/08/2013,18:30,64,39,25
21/08/2013,18:45,54,34,20
21/08/2013,19:00,46,30,16
21/08/2013,19:15,30,15,15
21/08/2013,19:30,51,26,25
21/08/2013,19:45,30,19,11
21/08/2013,20:00,23,15,8
21/08/2013,20:15,24,14,10
21/08/2013,20:30,5,1,4
21/08/2013,20:45,6,5,1
21/08/2013,21:00,1,0,1
21/08/2013,21:15,4,1,3
21/08/2013,21:30,2,2,0
21/08/2013,21:45,2,1,1
21/08/2013,22:00,1,1,0
21/08/2013,22:15,1,0,1
21/08/2013,22:30,1,0,1
21/08/2013,22:45,2,0,2
21/08/2013,23:00,0,0,0
21/08/2013,23:15,1,1,0
21/08/2013,23:30,1,0,1
21/08/2013,23:45,1,0,1
22/08/2013,00:00,4,1,3
22/08/2013,00:15,2,1,1
22/08/2013,00:30,0,0,0
22/08/2013,00:45,0,0,0
22/08/2013,01:00,0,0,0
22/08/2013,01:15,1,1,0
22/08/2013,01:30,1,0,1
22/08/2013,01:45,0,0,0
22/08/2013,02:00,0,0,0
22/08/2013,02:15,0,0,0
22/08/2013,02:30,1,1,0
22/08/2013,02:45,0,0,0
22/08/2013,03:00,0,0,0
22/08/2013,03:15,1,1,0
22/08/2013,03:30,0,0,0
22/08/2013,03:45,0,0,0
22/08/2013,04:00,2,1,1
22/08/2013,04:15,2,0,2
22/08/2013,04:30,1,0,1
22/08/2013,04:45,1,0,1
22/08/2013,05:00,0,0,0
22/08/2013,05:15,3,2,1
22/08/2013,05:30,6,4,2
22/08/2013,05:45,9,4,5
22/08/2013,06:00,15,5,10
22/08/2013,06:15,7,2,5
22/08/2013,06:30,19,7,12
22/08/2013,06:45,21,7,14
22/08/2013,07:00,25,12,13
22/08/2013,07:15,28,16,12
22/08/2013,07:30,23,7,16
22/08/2013,07:45,21,8,13
22/08/2013,08:00,28,12,16
22/08/2013,08:15,39,14,25
22/08/2013,08:30,17,6,11
22/08/2013,08:45,19,8,11
22/08/2013,09:00,26,12,14
22/08/2013,09:15,15,8,7
22/08/2013,09:30,22,10,12
22/08/2013,09:45,17,5,12
22/08/2013,10:00,10,6,4
22/08/2013,10:15,14,8,6
22/08/2013,10:30,24,18,6
22/08/2013,10:45,30,21,9
22/08/2013,11:00,23,15,8
22/08/2013,11:15,17,13,4
22/08/2013,11:30,29,27,2
22/08/2013,11:45,29,26,3
22/08/2013,12:00,29,25,4
22/08/2013,12:15,34,28,6
22/08/2013,12:30,34,28,6
22/08/2013,12:45,26,19,7
22/08/2013,13:00,23,14,9
22/08/2013,13:15,12,6,6
22/08/2013,13:30,19,14,5
22/08/2013,13:45,12,5,7
22/08/2013,14:00,9,1,8
22/08/2013,14:15,10,4,6
22/08/2013,14:30,16,9,7
22/08/2013,14:45,13,9,4
22/08/2013,15:00,9,3,6
22/08/2013,15:15,17,11,6
22/08/2013,15:30,16,5,11
22/08/2013,15:45,24,8,16
22/08/2013,16:00,19,12,7
22/08/2013,16:15,18,8,10
22/08/2013,16:30,15,5,10
22/08/2013,16:45,32,13,19
22/08/2013,17:00,29,21,8
22/08/2013,17:15,34,19,15
22/08/2013,17:30,32,15,17
22/08/2013,17:45,34,22,12
22/08/2013,18:00,43,27,16
22/08/2013,18:15,57,41,16
22/08/2013,18:30,33,24,9
22/08/2013,18:45,39,20,19
22/08/2013,19:00,32,25,7
22/08/2013,19:15,34,23,11
22/08/2013,19:30,36,29,7
22/08/2013,19:45,30,18,12
22/08/2013,20:00,38,19,19
22/08/2013,20:15,25,9,16
22/08/2013,20:30,11,5,6
22/08/2013,20:45,7,3,4
22/08/2013,21:00,7,6,1
22/08/2013,21:15,6,5,1
22/08/2013,21:30,5,2,3
22/08/2013,21:45,1,1,0
22/08/2013,22:00,5,2,3
22/08/2013,22:15,2,1,1
22/08/2013,22:30,0,0,0
22/08/2013,22:45,1,1,0
22/08/2013,23:00,1,0,1
22/08/2013,23:15,2,0,2
22/08/2013,23:30,1,0,1
22/08/2013,23:45,1,1,0
23/08/2013,00:00,0,0,0
23/08/2013,00:15,1,1,0
23/08/2013,00:30,1,0,1
23/08/2013,00:45,0,0,0
23/08/2013,01:00,0,0,0
23/08/2013,01:15,1,1,0
23/08/2013,01:30,0,0,0
23/08/2013,01:45,0,0,0
23/08/2013,02:00,0,0,0
23/08/2013,02:15,0,0,0
23/08/2013,02:30,0,0,0
23/08/2013,02:45,1,0,1
23/08/2013,03:00,2,2,0
23/08/2013,03:15,0,0,0
23/08/2013,03:30,1,1,0
23/08/2013,03:45,0,0,0
23/08/2013,04:00,1,0,1
23/08/2013,04:15,2,2,0
23/08/2013,04:30,0,0,0
23/08/2013,04:45,2,2,0
23/08/2013,05:00,2,1,1
23/08/2013,05:15,1,0,1
23/08/2013,05:30,9,7,2
23/08/2013,05:45,4,2,2
23/08/2013,06:00,11,7,4
23/08/2013,06:15,17,6,11
23/08/2013,06:30,18,11,7
23/08/2013,06:45,31,14,17
23/08/2013,07:00,21,10,11
23/08/2013,07:15,29,10,19
23/08/2013,07:30,36,16,20
23/08/2013,07:45,32,14,18
23/08/2013,08:00,20,7,13
23/08/2013,08:15,27,11,16
23/08/2013,08:30,20,11,9
23/08/2013,08:45,19,7,12
23/08/2013,09:00,13,6,7
23/08/2013,09:15,18,12,6
23/08/2013,09:30,11,6,5
23/08/2013,09:45,15,8,7
23/08/2013,10:00,18,9,9
23/08/2013,10:15,11,5,6
23/08/2013,10:30,26,12,14
23/08/2013,10:45,10,2,8
23/08/2013,11:00,15,10,5
23/08/2013,11:15,14,6,8
23/08/2013,11:30,15,4,11
23/08/2013,11:45,9,3,6
23/08/2013,12:00,5,3,2
23/08/2013,12:15,3,0,3
23/08/2013,12:30,6,4,2
23/08/2013,12:45,15,10,5
23/08/2013,13:00,6,3,3
23/08/2013,13:15,8,2,6
23/08/2013,13:30,2,1,1
23/08/2013,13:45,1,1,0
23/08/2013,14:00,9,3,6
23/08/2013,14:15,6,1,5
23/08/2013,14:30,9,0,9
23/08/2013,14:45,10,8,2
23/08/2013,15:00,7,2,5
23/08/2013,15:15,9,6,3
23/08/2013,15:30,8,4,4
23/08/2013,15:45,10,5,5
23/08/2013,16:00,11,6,5
23/08/2013,16:15,11,5,6
23/08/2013,16:30,14,8,6
23/08/2013,16:45,17,11,6
23/08/2013,17:00,29,10,19
23/08/2013,17:15,24,15,9
23/08/2013,17:30,21,13,8
23/08/2013,17:45,22,15,7
23/08/2013,18:00,31,20,11
23/08/2013,18:15,21,5,16
23/08/2013,18:30,27,11,16
23/08/2013,18:45,27,17,10
23/08/2013,19:00,21,9,12
23/08/2013,19:15,13,3,10
23/08/2013,19:30,18,9,9
23/08/2013,19:45,12,10,2
23/08/2013,20:00,7,5,2
23/08/2013,20:15,15,14,1
23/08/2013,20:30,5,1,4
23/08/2013,20:45,6,2,4
23/08/2013,21:00,2,1,1
23/08/2013,21:15,4,2,2
23/08/2013,21:30,2,0,2
23/08/2013,21:45,4,2,2
23/08/2013,22:00,1,1,0
23/08/2013,22:15,1,1,0
23/08/2013,22:30,0,0,0
23/08/2013,22:45,1,1,0
23/08/2013,23:00,1,0,1
23/08/2013,23:15,1,0,1
23/08/2013,23:30,3,3,0
23/08/2013,23:45,0,0,0
24/08/2013,00:00,0,0,0
24/08/2013,00:15,3,1,2
24/08/2013,00:30,1,1,0
24/08/2013,00:45,2,1,1
24/08/2013,01:00,1,0,1
24/08/2013,01:15,3,2,1
24/08/2013,01:30,0,0,0
24/08/2013,01:45,2,1,1
24/08/2013,02:00,0,0,0
24/08/2013,02:15,0,0,0
24/08/2013,02:30,0,0,0
24/08/2013,02:45,1,1,0
24/08/2013,03:00,1,0,1
24/08/2013,03:15,0,0,0
24/08/2013,03:30,0,0,0
24/08/2013,03:45,0,0,0
24/08/2013,04:00,0,0,0
24/08/2013,04:15,1,0,1
24/08/2013,04:30,0,0,0
24/08/2013,04:45,0,0,0
24/08/2013,05:00,2,2,0
24/08/2013,05:15,0,0,0
24/08/2013,05:30,3,2,1
24/08/2013,05:45,4,3,1
24/08/2013,06:00,3,2,1
24/08/2013,06:15,3,2,1
24/08/2013,06:30,12,6,6
24/08/2013,06:45,7,6,1
24/08/2013,07:00,14,7,7
24/08/2013,07:15,27,12,15
24/08/2013,07:30,28,14,14
24/08/2013,07:45,37,18,19
24/08/2013,08:00,40,22,18
24/08/2013,08:15,45,25,20
24/08/2013,08:30,36,21,15
24/08/2013,08:45,48,24,24
24/08/2013,09:00,57,29,28
24/08/2013,09:15,47,18,29
24/08/2013,09:30,78,42,36
24/08/2013,09:45,90,45,45
24/08/2013,10:00,52,21,31
24/08/2013,10:15,67,28,39
24/08/2013,10:30,79,47,32
24/08/2013,10:45,78,37,41
24/08/2013,11:00,77,40,37
24/08/2013,11:15,98,62,36
24/08/2013,11:30,101,58,43
24/08/2013,11:45,72,30,42
24/08/2013,12:00,90,41,49
24/08/2013,12:15,72,44,28
24/08/2013,12:30,90,66,24
24/08/2013,12:45,58,32,26
24/08/2013,13:00,79,35,44
24/08/2013,13:15,64,36,28
24/08/2013,13:30,70,34,36
24/08/2013,13:45,51,24,27
24/08/2013,14:00,46,18,28
24/08/2013,14:15,47,17,30
24/08/2013,14:30,43,16,27
24/08/2013,14:45,53,20,33
24/08/2013,15:00,45,15,30
24/08/2013,15:15,56,30,26
24/08/2013,15:30,44,15,29
24/08/2013,15:45,43,18,25
24/08/2013,16:00,48,17,31
24/08/2013,16:15,41,13,28
24/08/2013,16:30,32,13,19
24/08/2013,16:45,39,8,31
24/08/2013,17:00,47,16,31
24/08/2013,17:15,33,7,26
24/08/2013,17:30,32,14,18
24/08/2013,17:45,33,12,21
24/08/2013,18:00,32,14,18
24/08/2013,18:15,21,6,15
24/08/2013,18:30,33,20,13
24/08/2013,18:45,28,14,14
24/08/2013,19:00,12,8,4
24/08/2013,19:15,17,6,11
24/08/2013,19:30,5,4,1
24/08/2013,19:45,21,13,8
24/08/2013,20:00,15,10,5
24/08/2013,20:15,23,18,5
24/08/2013,20:30,6,3,3
24/08/2013,20:45,5,4,1
24/08/2013,21:00,1,1,0
24/08/2013,21:15,3,2,1
24/08/2013,21:30,3,3,0
24/08/2013,21:45,0,0,0
24/08/2013,22:00,2,1,1
24/08/2013,22:15,1,0,1
24/08/2013,22:30,3,1,2
24/08/2013,22:45,0,0,0
24/08/2013,23:00,1,1,0
24/08/2013,23:15,1,1,0
24/08/2013,23:30,0,0,0
24/08/2013,23:45,1,1,0
25/08/2013,00:00,0,0,0
25/08/2013,00:15,1,0,1
25/08/2013,00:30,0,0,0
25/08/2013,00:45,2,1,1
25/08/2013,01:00,1,0,1
25/08/2013,01:15,0,0,0
25/08/2013,01:30,2,2,0
25/08/2013,01:45,1,1,0
25/08/2013,02:00,1,0,1
25/08/2013,02:15,1,0,1
25/08/2013,02:30,1,0,1
25/08/2013,02:45,0,0,0
25/08/2013,03:00,0,0,0
25/08/2013,03:15,3,1,2
25/08/2013,03:30,2,1,1
25/08/2013,03:45,0,0,0
25/08/2013,04:00,1,0,1
25/08/2013,04:15,1,1,0
25/08/2013,04:30,0,0,0
25/08/2013,04:45,0,0,0
25/08/2013,05:00,1,0,1
25/08/2013,05:15,0,0,0
25/08/2013,05:30,0,0,0
25/08/2013,05:45,3,1,2
25/08/2013,06:00,3,1,2
25/08/2013,06:15,1,1,0
25/08/2013,06:30,1,1,0
25/08/2013,06:45,3,1,2
25/08/2013,07:00,9,5,4
25/08/2013,07:15,13,6,7
25/08/2013,07:30,16,4,12
25/08/2013,07:45,13,6,7
25/08/2013,08:00,24,11,13
25/08/2013,08:15,35,15,20
25/08/2013,08:30,49,27,22
25/08/2013,08:45,30,12,18
25/08/2013,09:00,44,16,28
25/08/2013,09:15,41,21,20
25/08/2013,09:30,38,18,20
25/08/2013,09:45,53,22,31
25/08/2013,10:00,57,31,26
25/08/2013,10:15,53,25,28
25/08/2013,10:30,59,31,28
25/08/2013,10:45,71,38,33
25/08/2013,11:00,79,37,42
25/08/2013,11:15,76,43,33
25/08/2013,11:30,66,31,35
25/08/2013,11:45,82,43,39
25/08/2013,12:00,59,32,27
25/08/2013,12:15,70,39,31
25/08/2013,12:30,77,39,38
25/08/2013,12:45,74,30,44
25/08/2013,13:00,57,22,35
25/08/2013,13:15,63,39,24
25/08/2013,13:30,62,32,30
25/08/2013,13:45,57,27,30
25/08/2013,14:00,58,28,30
25/08/2013,14:15,55,23,32
25/08/2013,14:30,43,27,16
25/08/2013,14:45,54,22,32
25/08/2013,15:00,54,20,34
25/08/2013,15:15,50,22,28
25/08/2013,15:30,50,11,39
25/08/2013,15:45,61,25,36
25/08/2013,16:00,41,13,28
25/08/2013,16:15,45,18,27
25/08/2013,16:30,43,12,31
25/08/2013,16:45,46,16,30
25/08/2013,17:00,55,26,29
25/08/2013,17:15,51,21,30
25/08/2013,17:30,37,11,26
25/08/2013,17:45,43,17,26
25/08/2013,18:00,34,8,26
25/08/2013,18:15,32,16,16
25/08/2013,18:30,29,13,16
25/08/2013,18:45,21,9,12
25/08/2013,19:00,49,18,31
25/08/2013,19:15,40,19,21
25/08/2013,19:30,32,11,21
25/08/2013,19:45,24,15,9
25/08/2013,20:00,16,9,7
25/08/2013,20:15,24,12,12
25/08/2013,20:30,7,2,5
25/08/2013,20:45,3,2,1
25/08/2013,21:00,4,0,4
25/08/2013,21:15,7,4,3
25/08/2013,21:30,2,1,1
25/08/2013,21:45,0,0,0
25/08/2013,22:00,3,2,1
25/08/2013,22:15,5,3,2
25/08/2013,22:30,4,1,3
25/08/2013,22:45,1,1,0
25/08/2013,23:00,3,0,3
25/08/2013,23:15,2,0,2
25/08/2013,23:30,1,1,0
25/08/2013,23:45,0,0,0
26/08/2013,00:00,0,0,0
26/08/2013,00:15,0,0,0
26/08/2013,00:30,0,0,0
26/08/2013,00:45,1,1,0
26/08/2013,01:00,0,0,0
26/08/2013,01:15,1,1,0
26/08/2013,01:30,0,0,0
26/08/2013,01:45,1,0,1
26/08/2013,02:00,0,0,0
26/08/2013,02:15,0,0,0
26/08/2013,02:30,1,1,0
26/08/2013,02:45,1,0,1
26/08/2013,03:00,0,0,0
26/08/2013,03:15,1,0,1
26/08/2013,03:30,0,0,0
26/08/2013,03:45,2,1,1
26/08/2013,04:00,1,0,1
26/08/2013,04:15,2,0,2
26/08/2013,04:30,2,1,1
26/08/2013,04:45,1,0,1
26/08/2013,05:00,4,3,1
26/08/2013,05:15,4,2,2
26/08/2013,05:30,7,1,6
26/08/2013,05:45,12,9,3
26/08/2013,06:00,15,6,9
26/08/2013,06:15,13,6,7
26/08/2013,06:30,20,6,14
26/08/2013,06:45,26,10,16
26/08/2013,07:00,31,12,19
26/08/2013,07:15,21,12,9
26/08/2013,07:30,39,9,30
26/08/2013,07:45,42,12,30
26/08/2013,08:00,30,6,24
26/08/2013,08:15,27,12,15
26/08/2013,08:30,28,8,20
26/08/2013,08:45,24,8,16
26/08/2013,09:00,23,10,13
26/08/2013,09:15,23,12,11
26/08/2013,09:30,13,8,5
26/08/2013,09:45,19,13,6
26/08/2013,10:00,13,3,10
26/08/2013,10:15,14,7,7
26/08/2013,10:30,19,7,12
26/08/2013,10:45,30,20,10
26/08/2013,11:00,34,20,14
26/08/2013,11:15,26,12,14
26/08/2013,11:30,28,16,12
26/08/2013,11:45,21,12,9
26/08/2013,12:00,17,13,4
26/08/2013,12:15,28,17,11
26/08/2013,12:30,23,15,8
26/08/2013,12:45,8,6,2
26/08/2013,13:00,16,10,6
26/08/2013,13:15,21,14,7
26/08/2013,13:30,17,6,11
26/08/2013,13:45,8,3,5
26/08/2013,14:00,19,11,8
26/08/2013,14:15,24,20,4
26/08/2013,14:30,18,12,6
26/08/2013,14:45,13,3,10
26/08/2013,15:00,14,4,10
26/08/2013,15:15,24,16,8
26/08/2013,15:30,23,7,16
26/08/2013,15:45,22,14,8
26/08/2013,16:00,22,10,12
26/08/2013,16:15,22,13,9
26/08/2013,16:30,31,19,12
26/08/2013,16:45,44,21,23
26/08/2013,17:00,27,15,12
26/08/2013,17:15,42,25,17
26/08/2013,17:30,46,19,27
26/08/2013,17:45,43,25,18
26/08/2013,18:00,45,17,28
26/08/2013,18:15,50,31,19
26/08/2013,18:30,61,27,34
26/08/2013,18:45,47,23,24
26/08/2013,19:00,42,25,17
26/08/2013,19:15,63,34,29
26/08/2013,19:30,39,21,18
26/08/2013,19:45,17,10,7
26/08/2013,20:00,25,12,13
26/08/2013,20:15,17,8,9
26/08/2013,20:30,1,0,1
26/08/2013,20:45,6,4,2
26/08/2013,21:00,7,5,2
26/08/2013,21:15,8,2,6
26/08/2013,21:30,4,3,1
26/08/2013,21:45,0,0,0
26/08/2013,22:00,2,0,2
26/08/2013,22:15,2,2,0
26/08/2013,22:30,3,3,0
26/08/2013,22:45,2,1,1
26/08/2013,23:00,0,0,0
26/08/2013,23:15,0,0,0
26/08/2013,23:30,3,3,0
26/08/2013,23:45,1,0,1
27/08/2013,00:00,2,1,1
27/08/2013,00:15,1,0,1
27/08/2013,00:30,1,1,0
27/08/2013,00:45,1,1,0
27/08/2013,01:00,1,1,0
27/08/2013,01:15,0,0,0
27/08/2013,01:30,0,0,0
27/08/2013,01:45,2,0,2
27/08/2013,02:00,0,0,0
27/08/2013,02:15,1,1,0
27/08/2013,02:30,0,0,0
27/08/2013,02:45,2,1,1
27/08/2013,03:00,0,0,0
27/08/2013,03:15,0,0,0
27/08/2013,03:30,1,1,0
27/08/2013,03:45,1,0,1
27/08/2013,04:00,3,2,1
27/08/2013,04:15,0,0,0
27/08/2013,04:30,2,1,1
27/08/2013,04:45,2,0,2
27/08/2013,05:00,3,3,0
27/08/2013,05:15,4,1,3
27/08/2013,05:30,5,2,3
27/08/2013,05:45,11,5,6
27/08/2013,06:00,15,7,8
27/08/2013,06:15,20,11,9
27/08/2013,06:30,26,5,21
27/08/2013,06:45,30,9,21
27/08/2013,07:00,43,10,33
27/08/2013,07:15,27,9,18
27/08/2013,07:30,38,19,19
27/08/2013,07:45,32,15,17
27/08/2013,08:00,20,9,11
27/08/2013,08:15,26,9,17
27/08/2013,08:30,29,8,21
27/08/2013,08:45,21,10,11
27/08/2013,09:00,25,7,18
27/08/2013,09:15,28,17,11
27/08/2013,09:30,10,4,6
27/08/2013,09:45,19,7,12
27/08/2013,10:00,16,7,9
27/08/2013,10:15,26,11,15
27/08/2013,10:30,18,10,8
27/08/2013,10:45,24,10,14
27/08/2013,11:00,28,17,11
27/08/2013,11:15,30,20,10
27/08/2013,11:30,27,21,6
27/08/2013,11:45,26,15,11
27/08/2013,12:00,30,26,4
27/08/2013,12:15,25,20,5
27/08/2013,12:30,18,14,4
27/08/2013,12:45,16,13,3
27/08/2013,13:00,18,11,7
27/08/2013,13:15,21,13,8
27/08/2013,13:30,22,17,5
27/08/2013,13:45,13,11,2
27/08/2013,14:00,18,16,2
27/08/2013,14:15,22,17,5
27/08/2013,14:30,12,10,2
27/08/2013,14:45,12,5,7
27/08/2013,15:00,19,6,13
27/08/2013,15:15,21,15,6
27/08/2013,15:30,19,16,3
27/08/2013,15:45,21,11,10
27/08/2013,16:00,20,13,7
27/08/2013,16:15,12,5,7
27/08/2013,16:30,33,20,13
27/08/2013,16:45,28,19,9
27/08/2013,17:00,34,28,6
27/08/2013,17:15,33,21,12
27/08/2013,17:30,30,22,8
27/08/2013,17:45,42,31,11
27/08/2013,18:00,38,27,11
27/08/2013,18:15,51,42,9
27/08/2013,18:30,50,42,8
27/08/2013,18:45,45,30,15
27/08/2013,19:00,33,23,10
27/08/2013,19:15,35,26,9
27/08/2013,19:30,38,30,8
27/08/2013,19:45,29,24,5
27/08/2013,20:00,27,19,8
27/08/2013,20:15,18,15,3
27/08/2013,20:30,9,7,2
27/08/2013,20:45,3,2,1
27/08/2013,21:00,7,5,2
27/08/2013,21:15,4,3,1
27/08/2013,21:30,5,3,2
27/08/2013,21:45,3,2,1
27/08/2013,22:00,2,2,0
27/08/2013,22:15,1,0,1
27/08/2013,22:30,1,1,0
27/08/2013,22:45,2,0,2
27/08/2013,23:00,1,0,1
27/08/2013,23:15,4,3,1
27/08/2013,23:30,0,0,0
27/08/2013,23:45,1,1,0
28/08/2013,00:00,3,1,2
28/08/2013,00:15,0,0,0
28/08/2013,00:30,0,0,0
28/08/2013,00:45,1,0,1
28/08/2013,01:00,0,0,0
28/08/2013,01:15,0,0,0
28/08/2013,01:30,0,0,0
28/08/2013,01:45,0,0,0
28/08/2013,02:00,0,0,0
28/08/2013,02:15,1,1,0
28/08/2013,02:30,0,0,0
28/08/2013,02:45,1,1,0
28/08/2013,03:00,0,0,0
28/08/2013,03:15,0,0,0
28/08/2013,03:30,0,0,0
28/08/2013,03:45,1,0,1
28/08/2013,04:00,1,1,0
28/08/2013,04:15,2,1,1
28/08/2013,04:30,2,1,1
28/08/2013,04:45,2,1,1
28/08/2013,05:00,2,1,1
28/08/2013,05:15,3,1,2
28/08/2013,05:30,7,5,2
28/08/2013,05:45,13,8,5
28/08/2013,06:00,7,4,3
28/08/2013,06:15,12,6,6
28/08/2013,06:30,18,4,14
28/08/2013,06:45,29,17,12
28/08/2013,07:00,33,15,18
28/08/2013,07:15,28,13,15
28/08/2013,07:30,28,21,7
28/08/2013,07:45,20,11,9
28/08/2013,08:00,23,10,13
28/08/2013,08:15,23,7,16
28/08/2013,08:30,18,12,6
28/08/2013,08:45,19,10,9
28/08/2013,09:00,12,5,7
28/08/2013,09:15,11,7,4
28/08/2013,09:30,10,3,7
28/08/2013,09:45,4,0,4
28/08/2013,10:00,5,3,2
28/08/2013,10:15,1,1,0
28/08/2013,10:30,11,5,6
28/08/2013,10:45,13,3,10
28/08/2013,11:00,9,6,3
28/08/2013,11:15,10,6,4
28/08/2013,11:30,3,2,1
28/08/2013,11:45,9,5,4
28/08/2013,12:00,8,1,7
28/08/2013,12:15,2,1,1
28/08/2013,12:30,4,3,1
28/08/2013,12:45,5,1,4
28/08/2013,13:00,5,3,2
28/08/2013,13:15,9,4,5
28/08/2013,13:30,7,4,3
28/08/2013,13:45,4,1,3
28/08/2013,14:00,11,5,6
28/08/2013,14:15,9,4,5
28/08/2013,14:30,7,2,5
28/08/2013,14:45,7,4,3
28/08/2013,15:00,7,2,5
28/08/2013,15:15,5,3,2
28/08/2013,15:30,4,2,2
28/08/2013,15:45,9,3,6
28/08/2013,16:00,11,9,2
28/08/2013,16:15,15,7,8
28/08/2013,16:30,15,8,7
28/08/2013,16:45,31,10,21
28/08/2013,17:00,30,22,8
28/08/2013,17:15,25,8,17
28/08/2013,17:30,26,16,10
28/08/2013,17:45,31,18,13
28/08/2013,18:00,22,11,11
28/08/2013,18:15,32,12,20
28/08/2013,18:30,36,13,23
28/08/2013,18:45,27,10,17
28/08/2013,19:00,15,9,6
28/08/2013,19:15,13,6,7
28/08/2013,19:30,16,8,8
28/08/2013,19:45,22,11,11
28/08/2013,20:00,9,5,4
28/08/2013,20:15,4,4,0
28/08/2013,20:30,5,1,4
28/08/2013,20:45,1,0,1
28/08/2013,21:00,7,5,2
28/08/2013,21:15,8,3,5
28/08/2013,21:30,1,0,1
28/08/2013,21:45,3,2,1
28/08/2013,22:00,4,2,2
28/08/2013,22:15,3,2,1
28/08/2013,22:30,2,2,0
28/08/2013,22:45,1,1,0
28/08/2013,23:00,0,0,0
28/08/2013,23:15,2,0,2
28/08/2013,23:30,1,0,1
28/08/2013,23:45,2,1,1
29/08/2013,00:00,1,0,1
29/08/2013,00:15,1,1,0
29/08/2013,00:30,2,0,2
29/08/2013,00:45,0,0,0
29/08/2013,01:00,0,0,0
29/08/2013,01:15,1,1,0
29/08/2013,01:30,1,0,1
29/08/2013,01:45,0,0,0
29/08/2013,02:00,2,0,2
29/08/2013,02:15,0,0,0
29/08/2013,02:30,0,0,0
29/08/2013,02:45,0,0,0
29/08/2013,03:00,0,0,0
29/08/2013,03:15,1,1,0
29/08/2013,03:30,1,0,1
29/08/2013,03:45,1,0,1
29/08/2013,04:00,2,2,0
29/08/2013,04:15,2,2,0
29/08/2013,04:30,1,1,0
29/08/2013,04:45,2,0,2
29/08/2013,05:00,1,1,0
29/08/2013,05:15,5,1,4
29/08/2013,05:30,8,3,5
29/08/2013,05:45,7,4,3
29/08/2013,06:00,17,6,11
29/08/2013,06:15,16,4,12
29/08/2013,06:30,12,4,8
29/08/2013,06:45,44,25,19
29/08/2013,07:00,36,15,21
29/08/2013,07:15,34,13,21
29/08/2013,07:30,32,15,17
29/08/2013,07:45,36,7,29
29/08/2013,08:00,29,18,11
29/08/2013,08:15,25,14,11
29/08/2013,08:30,26,12,14
29/08/2013,08:45,29,9,20
29/08/2013,09:00,24,14,10
29/08/2013,09:15,19,8,11
29/08/2013,09:30,11,5,6
29/08/2013,09:45,6,2,4
29/08/2013,10:00,8,2,6
29/08/2013,10:15,14,8,6
29/08/2013,10:30,20,9,11
29/08/2013,10:45,13,4,9
29/08/2013,11:00,7,5,2
29/08/2013,11:15,12,4,8
29/08/2013,11:30,9,4,5
29/08/2013,11:45,16,10,6
29/08/2013,12:00,8,2,6
29/08/2013,12:15,9,3,6
29/08/2013,12:30,18,6,12
29/08/2013,12:45,11,7,4
29/08/2013,13:00,14,7,7
29/08/2013,13:15,20,11,9
29/08/2013,13:30,11,4,7
29/08/2013,13:45,16,11,5
29/08/2013,14:00,9,5,4
29/08/2013,14:15,13,7,6
29/08/2013,14:30,7,3,4
29/08/2013,14:45,19,10,9
29/08/2013,15:00,16,7,9
29/08/2013,15:15,10,2,8
29/08/2013,15:30,18,8,10
29/08/2013,15:45,17,8,9
29/08/2013,16:00,19,7,12
29/08/2013,16:15,24,17,7
29/08/2013,16:30,26,12,14
29/08/2013,16:45,29,10,19
29/08/2013,17:00,28,16,12
29/08/2013,17:15,42,26,16
29/08/2013,17:30,41,28,13
29/08/2013,17:45,48,29,19
29/08/2013,18:00,61,41,20
29/08/2013,18:15,48,23,25
29/08/2013,18:30,60,41,19
29/08/2013,18:45,58,34,24
29/08/2013,19:00,46,31,15
29/08/2013,19:15,32,19,13
29/08/2013,19:30,29,20,9
29/08/2013,19:45,29,20,9
29/08/2013,20:00,22,14,8
29/08/2013,20:15,17,8,9
29/08/2013,20:30,17,10,7
29/08/2013,20:45,8,4,4
29/08/2013,21:00,6,4,2
29/08/2013,21:15,7,4,3
29/08/2013,21:30,2,1,1
29/08/2013,21:45,4,1,3
29/08/2013,22:00,4,1,3
29/08/2013,22:15,1,1,0
29/08/2013,22:30,3,0,3
29/08/2013,22:45,7,4,3
29/08/2013,23:00,1,1,0
29/08/2013,23:15,0,0,0
29/08/2013,23:30,2,0,2
29/08/2013,23:45,5,2,3
30/08/2013,00:00,1,0,1
30/08/2013,00:15,2,1,1
30/08/2013,00:30,2,1,1
30/08/2013,00:45,1,0,1
30/08/2013,01:00,0,0,0
30/08/2013,01:15,3,2,1
30/08/2013,01:30,1,0,1
30/08/2013,01:45,0,0,0
30/08/2013,02:00,0,0,0
30/08/2013,02:15,0,0,0
30/08/2013,02:30,0,0,0
30/08/2013,02:45,0,0,0
30/08/2013,03:00,0,0,0
30/08/2013,03:15,1,0,1
30/08/2013,03:30,0,0,0
30/08/2013,03:45,0,0,0
30/08/2013,04:00,3,3,0
30/08/2013,04:15,1,0,1
30/08/2013,04:30,2,0,2
30/08/2013,04:45,1,1,0
30/08/2013,05:00,3,0,3
30/08/2013,05:15,1,1,0
30/08/2013,05:30,6,2,4
30/08/2013,05:45,16,9,7
30/08/2013,06:00,10,4,6
30/08/2013,06:15,9,4,5
30/08/2013,06:30,13,4,9
30/08/2013,06:45,28,14,14
30/08/2013,07:00,32,11,21
30/08/2013,07:15,32,14,18
30/08/2013,07:30,30,10,20
30/08/2013,07:45,30,10,20
30/08/2013,08:00,24,16,8
30/08/2013,08:15,26,10,16
30/08/2013,08:30,29,13,16
30/08/2013,08:45,30,15,15
30/08/2013,09:00,20,5,15
30/08/2013,09:15,22,11,11
30/08/2013,09:30,12,2,10
30/08/2013,09:45,21,10,11
30/08/2013,10:00,35,21,14
30/08/2013,10:15,22,9,13
30/08/2013,10:30,30,18,12
30/08/2013,10:45,26,13,13
30/08/2013,11:00,35,18,17
30/08/2013,11:15,28,17,11
30/08/2013,11:30,20,9,11
30/08/2013,11:45,29,20,9
30/08/2013,12:00,26,12,14
30/08/2013,12:15,25,20,5
30/08/2013,12:30,30,19,11
30/08/2013,12:45,17,11,6
30/08/2013,13:00,24,19,5
30/08/2013,13:15,22,17,5
30/08/2013,13:30,22,14,8
30/08/2013,13:45,17,9,8
30/08/2013,14:00,26,17,9
30/08/2013,14:15,30,18,12
30/08/2013,14:30,30,19,11
30/08/2013,14:45,21,16,5
30/08/2013,15:00,20,12,8
30/08/2013,15:15,24,13,11
30/08/2013,15:30,37,18,19
30/08/2013,15:45,27,12,15
30/08/2013,16:00,25,8,17
30/08/2013,16:15,36,15,21
30/08/2013,16:30,21,12,9
30/08/2013,16:45,23,10,13
30/08/2013,17:00,31,17,14
30/08/2013,17:15,31,17,14
30/08/2013,17:30,21,14,7
30/08/2013,17:45,35,15,20
30/08/2013,18:00,17,8,9
30/08/2013,18:15,34,14,20
30/08/2013,18:30,34,14,20
30/08/2013,18:45,34,17,17
30/08/2013,19:00,21,14,7
30/08/2013,19:15,27,15,12
30/08/2013,19:30,26,14,12
30/08/2013,19:45,7,4,3
30/08/2013,20:00,5,5,0
30/08/2013,20:15,11,5,6
30/08/2013,20:30,14,8,6
30/08/2013,20:45,9,2,7
30/08/2013,21:00,4,2,2
30/08/2013,21:15,8,5,3
30/08/2013,21:30,3,2,1
30/08/2013,21:45,4,2,2
30/08/2013,22:00,3,0,3
30/08/2013,22:15,6,3,3
30/08/2013,22:30,2,0,2
30/08/2013,22:45,2,2,0
30/08/2013,23:00,1,0,1
30/08/2013,23:15,2,0,2
30/08/2013,23:30,1,1,0
30/08/2013,23:45,4,1,3
31/08/2013,00:00,0,0,0
31/08/2013,00:15,1,0,1
31/08/2013,00:30,1,0,1
31/08/2013,00:45,1,1,0
31/08/2013,01:00,1,0,1
31/08/2013,01:15,0,0,0
31/08/2013,01:30,0,0,0
31/08/2013,01:45,0,0,0
31/08/2013,02:00,0,0,0
31/08/2013,02:15,2,0,2
31/08/2013,02:30,0,0,0
31/08/2013,02:45,1,1,0
31/08/2013,03:00,1,1,0
31/08/2013,03:15,0,0,0
31/08/2013,03:30,1,0,1
31/08/2013,03:45,0,0,0
31/08/2013,04:00,0,0,0
31/08/2013,04:15,0,0,0
31/08/2013,04:30,0,0,0
31/08/2013,04:45,3,0,3
31/08/2013,05:00,1,0,1
31/08/2013,05:15,0,0,0
31/08/2013,05:30,5,1,4
31/08/2013,05:45,5,4,1
31/08/2013,06:00,5,1,4
31/08/2013,06:15,8,6,2
31/08/2013,06:30,5,1,4
31/08/2013,06:45,9,5,4
31/08/2013,07:00,16,7,9
31/08/2013,07:15,26,12,14
31/08/2013,07:30,22,15,7
31/08/2013,07:45,40,19,21
31/08/2013,08:00,26,13,13
31/08/2013,08:15,48,18,30
31/08/2013,08:30,44,23,21
31/08/2013,08:45,43,19,24
31/08/2013,09:00,63,29,34
31/08/2013,09:15,50,31,19
31/08/2013,09:30,49,26,23
31/08/2013,09:45,53,24,29
31/08/2013,10:00,54,26,28
31/08/2013,10:15,66,30,36
31/08/2013,10:30,64,25,39
31/08/2013,10:45,45,28,17
31/08/2013,11:00,58,34,24
31/08/2013,11:15,51,19,32
31/08/2013,11:30,52,27,25
31/08/2013,11:45,35,25,10
31/08/2013,12:00,56,29,27
31/08/2013,12:15,51,22,29
31/08/2013,12:30,34,23,11
31/08/2013,12:45,45,27,18
31/08/2013,13:00,37,26,11
31/08/2013,13:15,53,41,12
31/08/2013,13:30,51,35,16
31/08/2013,13:45,43,24,19
31/08/2013,14:00,40,23,17
31/08/2013,14:15,47,38,9
31/08/2013,14:30,56,39,17
31/08/2013,14:45,33,21,12
31/08/2013,15:00,23,12,11
31/08/2013,15:15,39,23,16
31/08/2013,15:30,26,14,12
31/08/2013,15:45,13,8,5
31/08/2013,16:00,37,18,19
31/08/2013,16:15,24,16,8
31/08/2013,16:30,23,9,14
31/08/2013,16:45,16,8,8
31/08/2013,17:00,21,16,5
31/08/2013,17:15,28,14,14
31/08/2013,17:30,21,12,9
31/08/2013,17:45,25,13,12
31/08/2013,18:00,18,9,9
31/08/2013,18:15,25,13,12
31/08/2013,18:30,26,17,9
31/08/2013,18:45,26,13,13
31/08/2013,19:00,10,4,6
31/08/2013,19:15,14,5,9
31/08/2013,19:30,13,10,3
31/08/2013,19:45,8,3,5
31/08/2013,20:00,7,3,4
31/08/2013,20:15,10,3,7
31/08/2013,20:30,4,3,1
31/08/2013,20:45,3,1,2
31/08/2013,21:00,3,1,2
31/08/2013,21:15,7,3,4
31/08/2013,21:30,1,1,0
31/08/2013,21:45,3,2,1
31/08/2013,22:00,4,2,2
31/08/2013,22:15,0,0,0
31/08/2013,22:30,1,0,1
31/08/2013,22:45,2,2,0
31/08/2013,23:00,5,1,4
31/08/2013,23:15,1,1,0
31/08/2013,23:30,1,1,0
31/08/2013,23:45,2,1,1
01/09/2013,00:00,1,1,0
01/09/2013,00:15,1,0,1
01/09/2013,00:30,0,0,0
01/09/2013,00:45,1,0,1
01/09/2013,01:00,0,0,0
01/09/2013,01:15,1,1,0
01/09/2013,01:30,0,0,0
01/09/2013,01:45,0,0,0
01/09/2013,02:00,1,0,1
01/09/2013,02:15,3,0,3
01/09/2013,02:30,0,0,0
01/09/2013,02:45,2,0,2
01/09/2013,03:00,0,0,0
01/09/2013,03:15,2,1,1
01/09/2013,03:30,5,1,4
01/09/2013,03:45,0,0,0
01/09/2013,04:00,1,1,0
01/09/2013,04:15,1,0,1
01/09/2013,04:30,0,0,0
01/09/2013,04:45,1,1,0
01/09/2013,05:00,2,0,2
01/09/2013,05:15,0,0,0
01/09/2013,05:30,0,0,0
01/09/2013,05:45,1,0,1
01/09/2013,06:00,1,0,1
01/09/2013,06:15,1,1,0
01/09/2013,06:30,3,2,1
01/09/2013,06:45,5,2,3
01/09/2013,07:00,8,2,6
01/09/2013,07:15,13,5,8
01/09/2013,07:30,18,7,11
01/09/2013,07:45,22,10,12
01/09/2013,08:00,28,15,13
01/09/2013,08:15,23,10,13
01/09/2013,08:30,30,13,17
01/09/2013,08:45,25,14,11
01/09/2013,09:00,33,17,16
01/09/2013,09:15,58,23,35
01/09/2013,09:30,59,23,36
01/09/2013,09:45,36,17,19
01/09/2013,10:00,30,13,17
01/09/2013,10:15,41,21,20
01/09/2013,10:30,58,32,26
01/09/2013,10:45,42,24,18
01/09/2013,11:00,54,28,26
01/09/2013,11:15,54,27,27
01/09/2013,11:30,39,19,20
01/09/2013,11:45,72,38,34
01/09/2013,12:00,63,37,26
01/09/2013,12:15,49,33,16
01/09/2013,12:30,47,28,19
01/09/2013,12:45,55,38,17
01/09/2013,13:00,47,35,12
01/09/2013,13:15,42,34,8
01/09/2013,13:30,34,21,13
01/09/2013,13:45,33,23,10
01/09/2013,14:00,54,36,18
01/09/2013,14:15,47,31,16
01/09/2013,14:30,57,36,21
01/09/2013,14:45,18,10,8
01/09/2013,15:00,27,19,8
01/09/2013,15:15,28,12,16
01/09/2013,15:30,29,19,10
01/09/2013,15:45,17,5,12
01/09/2013,16:00,25,10,15
01/09/2013,16:15,42,26,16
01/09/2013,16:30,39,18,21
01/09/2013,16:45,17,11,6
01/09/2013,17:00,16,8,8
01/09/2013,17:15,29,16,13
01/09/2013,17:30,27,18,9
01/09/2013,17:45,15,9,6
01/09/2013,18:00,19,9,10
01/09/2013,18:15,23,13,10
01/09/2013,18:30,16,11,5
01/09/2013,18:45,24,12,12
01/09/2013,19:00,19,14,5
01/09/2013,19:15,7,5,2
01/09/2013,19:30,9,5,4
01/09/2013,19:45,10,3,7
01/09/2013,20:00,10,5,5
01/09/2013,20:15,7,3,4
01/09/2013,20:30,7,5,2
01/09/2013,20:45,4,3,1
01/09/2013,21:00,1,0,1
01/09/2013,21:15,4,3,1
01/09/2013,21:30,5,3,2
01/09/2013,21:45,0,0,0
01/09/2013,22:00,2,2,0
01/09/2013,22:15,2,1,1
01/09/2013,22:30,3,0,3
01/09/2013,22:45,1,0,1
01/09/2013,23:00,1,0,1
01/09/2013,23:15,1,0,1
01/09/2013,23:30,2,0,2
01/09/2013,23:45,1,0,1
02/09/2013,00:00,0,0,0
02/09/2013,00:15,1,1,0
02/09/2013,00:30,0,0,0
02/09/2013,00:45,2,0,2
02/09/2013,01:00,0,0,0
02/09/2013,01:15,0,0,0
02/09/2013,01:30,0,0,0
02/09/2013,01:45,0,0,0
02/09/2013,02:00,0,0,0
02/09/2013,02:15,1,1,0
02/09/2013,02:30,1,1,0
02/09/2013,02:45,0,0,0
02/09/2013,03:00,0,0,0
02/09/2013,03:15,0,0,0
02/09/2013,03:30,0,0,0
02/09/2013,03:45,1,0,1
02/09/2013,04:00,0,0,0
02/09/2013,04:15,0,0,0
02/09/2013,04:30,1,1,0
02/09/2013,04:45,0,0,0
02/09/2013,05:00,1,0,1
02/09/2013,05:15,1,1,0
02/09/2013,05:30,1,0,1
02/09/2013,05:45,2,1,1
02/09/2013,06:00,1,1,0
02/09/2013,06:15,4,4,0
02/09/2013,06:30,3,2,1
02/09/2013,06:45,9,7,2
02/09/2013,07:00,17,4,13
02/09/2013,07:15,11,8,3
02/09/2013,07:30,18,6,12
02/09/2013,07:45,12,8,4
02/09/2013,08:00,18,7,11
02/09/2013,08:15,30,15,15
02/09/2013,08:30,30,12,18
02/09/2013,08:45,30,11,19
02/09/2013,09:00,52,25,27
02/09/2013,09:15,47,15,32
02/09/2013,09:30,55,21,34
02/09/2013,09:45,62,26,36
02/09/2013,10:00,62,25,37
02/09/2013,10:15,62,19,43
02/09/2013,10:30,55,16,39
02/09/2013,10:45,59,22,37
02/09/2013,11:00,61,23,38
02/09/2013,11:15,62,21,41
02/09/2013,11:30,80,40,40
02/09/2013,11:45,69,25,44
02/09/2013,12:00,46,21,25
02/09/2013,12:15,39,24,15
02/09/2013,12:30,43,19,24
02/09/2013,12:45,65,27,38
02/09/2013,13:00,46,21,25
02/09/2013,13:15,43,20,23
02/09/2013,13:30,46,27,19
02/09/2013,13:45,31,17,14
02/09/2013,14:00,44,26,18
02/09/2013,14:15,43,24,19
02/09/2013,14:30,32,16,16
02/09/2013,14:45,28,17,11
02/09/2013,15:00,33,19,14
02/09/2013,15:15,31,20,11
02/09/2013,15:30,35,23,12
02/09/2013,15:45,28,21,7
02/09/2013,16:00,30,22,8
02/09/2013,16:15,33,21,12
02/09/2013,16:30,43,22,21
02/09/2013,16:45,26,16,10
02/09/2013,17:00,29,14,15
02/09/2013,17:15,25,9,16
02/09/2013,17:30,26,14,12
02/09/2013,17:45,30,21,9
02/09/2013,18:00,17,8,9
02/09/2013,18:15,21,10,11
02/09/2013,18:30,15,8,7
02/09/2013,18:45,28,17,11
02/09/2013,19:00,16,11,5
02/09/2013,19:15,13,3,10
02/09/2013,19:30,19,12,7
02/09/2013,19:45,17,12,5
02/09/2013,20:00,11,5,6
02/09/2013,20:15,6,3,3
02/09/2013,20:30,4,1,3
02/09/2013,20:45,4,1,3
02/09/2013,21:00,2,1,1
02/09/2013,21:15,3,2,1
02/09/2013,21:30,1,1,0
02/09/2013,21:45,2,1,1
02/09/2013,22:00,1,0,1
02/09/2013,22:15,4,2,2
02/09/2013,22:30,0,0,0
02/09/2013,22:45,0,0,0
02/09/2013,23:00,0,0,0
02/09/2013,23:15,1,1,0
02/09/2013,23:30,4,1,3
02/09/2013,23:45,1,0,1
03/09/2013,00:00,1,1,0
03/09/2013,00:15,1,0,1
03/09/2013,00:30,1,0,1
03/09/2013,00:45,0,0,0
03/09/2013,01:00,0,0,0
03/09/2013,01:15,0,0,0
03/09/2013,01:30,0,0,0
03/09/2013,01:45,0,0,0
03/09/2013,02:00,1,0,1
03/09/2013,02:15,0,0,0
03/09/2013,02:30,0,0,0
03/09/2013,02:45,1,0,1
03/09/2013,03:00,0,0,0
03/09/2013,03:15,0,0,0
03/09/2013,03:30,0,0,0
03/09/2013,03:45,0,0,0
03/09/2013,04:00,2,1,1
03/09/2013,04:15,3,3,0
03/09/2013,04:30,1,1,0
03/09/2013,04:45,3,1,2
03/09/2013,05:00,1,0,1
03/09/2013,05:15,4,3,1
03/09/2013,05:30,5,3,2
03/09/2013,05:45,11,4,7
03/09/2013,06:00,14,7,7
03/09/2013,06:15,15,4,11
03/09/2013,06:30,21,6,15
03/09/2013,06:45,26,9,17
03/09/2013,07:00,33,13,20
03/09/2013,07:15,31,9,22
03/09/2013,07:30,36,17,19
03/09/2013,07:45,38,19,19
03/09/2013,08:00,36,13,23
03/09/2013,08:15,28,10,18
03/09/2013,08:30,31,13,18
03/09/2013,08:45,39,19,20
03/09/2013,09:00,16,6,10
03/09/2013,09:15,12,7,5
03/09/2013,09:30,16,5,11
03/09/2013,09:45,23,12,11
03/09/2013,10:00,15,5,10
03/09/2013,10:15,17,6,11
03/09/2013,10:30,13,3,10
03/09/2013,10:45,18,4,14
03/09/2013,11:00,12,6,6
03/09/2013,11:15,21,14,7
03/09/2013,11:30,42,37,5
03/09/2013,11:45,26,14,12
03/09/2013,12:00,30,25,5
03/09/2013,12:15,22,17,5
03/09/2013,12:30,42,37,5
03/09/2013,12:45,29,21,8
03/09/2013,13:00,10,7,3
03/09/2013,13:15,15,8,7
03/09/2013,13:30,17,6,11
03/09/2013,13:45,18,8,10
03/09/2013,14:00,12,4,8
03/09/2013,14:15,16,11,5
03/09/2013,14:30,7,1,6
03/09/2013,14:45,14,2,12
03/09/2013,15:00,10,5,5
03/09/2013,15:15,14,4,10
03/09/2013,15:30,17,8,9
03/09/2013,15:45,26,15,11
03/09/2013,16:00,21,9,12
03/09/2013,16:15,20,8,12
03/09/2013,16:30,27,15,12
03/09/2013,16:45,31,8,23
03/09/2013,17:00,35,20,15
03/09/2013,17:15,40,22,18
03/09/2013,17:30,46,18,28
03/09/2013,17:45,59,27,32
03/09/2013,18:00,52,21,31
03/09/2013,18:15,83,43,40
03/09/2013,18:30,72,30,42
03/09/2013,18:45,54,19,35
03/09/2013,19:00,51,28,23
03/09/2013,19:15,44,26,18
03/09/2013,19:30,38,20,18
03/09/2013,19:45,27,18,9
03/09/2013,20:00,23,16,7
03/09/2013,20:15,17,12,5
03/09/2013,20:30,4,2,2
03/09/2013,20:45,13,5,8
03/09/2013,21:00,10,6,4
03/09/2013,21:15,10,2,8
03/09/2013,21:30,5,3,2
03/09/2013,21:45,3,2,1
03/09/2013,22:00,3,1,2
03/09/2013,22:15,1,0,1
03/09/2013,22:30,4,3,1
03/09/2013,22:45,0,0,0
03/09/2013,23:00,1,0,1
03/09/2013,23:15,2,2,0
03/09/2013,23:30,0,0,0
03/09/2013,23:45,0,0,0
04/09/2013,00:00,1,0,1
04/09/2013,00:15,1,0,1
04/09/2013,00:30,2,1,1
04/09/2013,00:45,0,0,0
04/09/2013,01:00,0,0,0
04/09/2013,01:15,1,1,0
04/09/2013,01:30,1,0,1
04/09/2013,01:45,0,0,0
04/09/2013,02:00,0,0,0
04/09/2013,02:15,0,0,0
04/09/2013,02:30,0,0,0
04/09/2013,02:45,0,0,0
04/09/2013,03:00,0,0,0
04/09/2013,03:15,0,0,0
04/09/2013,03:30,0,0,0
04/09/2013,03:45,3,2,1
04/09/2013,04:00,2,1,1
04/09/2013,04:15,0,0,0
04/09/2013,04:30,1,0,1
04/09/2013,04:45,2,1,1
04/09/2013,05:00,1,1,0
04/09/2013,05:15,4,1,3
04/09/2013,05:30,5,3,2
04/09/2013,05:45,11,4,7
04/09/2013,06:00,13,7,6
04/09/2013,06:15,18,5,13
04/09/2013,06:30,12,7,5
04/09/2013,06:45,42,11,31
04/09/2013,07:00,39,13,26
04/09/2013,07:15,30,6,24
04/09/2013,07:30,34,10,24
04/09/2013,07:45,36,9,27
04/09/2013,08:00,45,16,29
04/09/2013,08:15,30,8,22
04/09/2013,08:30,41,15,26
04/09/2013,08:45,17,9,8
04/09/2013,09:00,22,8,14
04/09/2013,09:15,19,9,10
04/09/2013,09:30,22,13,9
04/09/2013,09:45,19,10,9
04/09/2013,10:00,19,9,10
04/09/2013,10:15,11,5,6
04/09/2013,10:30,25,21,4
04/09/2013,10:45,27,14,13
04/09/2013,11:00,15,11,4
04/09/2013,11:15,49,40,9
04/09/2013,11:30,30,15,15
04/09/2013,11:45,30,23,7
04/09/2013,12:00,35,26,9
04/09/2013,12:15,46,30,16
04/09/2013,12:30,34,26,8
04/09/2013,12:45,16,13,3
04/09/2013,13:00,44,38,6
04/09/2013,13:15,28,20,8
04/09/2013,13:30,19,13,6
04/09/2013,13:45,22,10,12
04/09/2013,14:00,9,4,5
04/09/2013,14:15,23,14,9
04/09/2013,14:30,16,8,8
04/09/2013,14:45,27,12,15
04/09/2013,15:00,22,7,15
04/09/2013,15:15,14,6,8
04/09/2013,15:30,24,12,12
04/09/2013,15:45,27,16,11
04/09/2013,16:00,27,15,12
04/09/2013,16:15,25,7,18
04/09/2013,16:30,32,11,21
04/09/2013,16:45,46,13,33
04/09/2013,17:00,37,12,25
04/09/2013,17:15,40,19,21
04/09/2013,17:30,52,19,33
04/09/2013,17:45,58,32,26
04/09/2013,18:00,55,28,27
04/09/2013,18:15,65,31,34
04/09/2013,18:30,87,39,48
04/09/2013,18:45,76,39,37
04/09/2013,19:00,47,16,31
04/09/2013,19:15,46,23,23
04/09/2013,19:30,46,25,21
04/09/2013,19:45,30,15,15
04/09/2013,20:00,23,9,14
04/09/2013,20:15,26,12,14
04/09/2013,20:30,23,8,15
04/09/2013,20:45,9,4,5
04/09/2013,21:00,17,3,14
04/09/2013,21:15,10,7,3
04/09/2013,21:30,1,0,1
04/09/2013,21:45,1,1,0
04/09/2013,22:00,6,1,5
04/09/2013,22:15,1,0,1
04/09/2013,22:30,2,0,2
04/09/2013,22:45,4,4,0
04/09/2013,23:00,1,1,0
04/09/2013,23:15,2,0,2
04/09/2013,23:30,0,0,0
04/09/2013,23:45,2,0,2
05/09/2013,00:00,1,0,1
05/09/2013,00:15,3,0,3
05/09/2013,00:30,0,0,0
05/09/2013,00:45,0,0,0
05/09/2013,01:00,0,0,0
05/09/2013,01:15,1,0,1
05/09/2013,01:30,1,1,0
05/09/2013,01:45,0,0,0
05/09/2013,02:00,0,0,0
05/09/2013,02:15,1,1,0
05/09/2013,02:30,0,0,0
05/09/2013,02:45,0,0,0
05/09/2013,03:00,0,0,0
05/09/2013,03:15,0,0,0
05/09/2013,03:30,0,0,0
05/09/2013,03:45,0,0,0
05/09/2013,04:00,1,1,0
05/09/2013,04:15,0,0,0
05/09/2013,04:30,4,2,2
05/09/2013,04:45,0,0,0
05/09/2013,05:00,1,1,0
05/09/2013,05:15,1,0,1
05/09/2013,05:30,5,4,1
05/09/2013,05:45,10,3,7
05/09/2013,06:00,16,5,11
05/09/2013,06:15,22,8,14
05/09/2013,06:30,18,6,12
05/09/2013,06:45,29,11,18
05/09/2013,07:00,27,7,20
05/09/2013,07:15,51,16,35
05/09/2013,07:30,41,15,26
05/09/2013,07:45,33,10,23
05/09/2013,08:00,37,13,24
05/09/2013,08:15,26,10,16
05/09/2013,08:30,31,13,18
05/09/2013,08:45,24,10,14
05/09/2013,09:00,19,8,11
05/09/2013,09:15,24,11,13
05/09/2013,09:30,13,7,6
05/09/2013,09:45,14,5,9
05/09/2013,10:00,23,7,16
05/09/2013,10:15,11,4,7
05/09/2013,10:30,21,9,12
05/09/2013,10:45,22,18,4
05/09/2013,11:00,20,10,10
05/09/2013,11:15,22,7,15
05/09/2013,11:30,31,14,17
05/09/2013,11:45,13,5,8
05/09/2013,12:00,38,30,8
05/09/2013,12:15,29,24,5
05/09/2013,12:30,17,11,6
05/09/2013,12:45,25,17,8
05/09/2013,13:00,19,9,10
05/09/2013,13:15,13,10,3
05/09/2013,13:30,7,4,3
05/09/2013,13:45,11,5,6
05/09/2013,14:00,10,3,7
05/09/2013,14:15,13,4,9
05/09/2013,14:30,11,4,7
05/09/2013,14:45,9,5,4
05/09/2013,15:00,10,1,9
05/09/2013,15:15,11,3,8
05/09/2013,15:30,21,7,14
05/09/2013,15:45,22,7,15
05/09/2013,16:00,17,10,7
05/09/2013,16:15,9,1,8
05/09/2013,16:30,35,18,17
05/09/2013,16:45,40,18,22
05/09/2013,17:00,38,22,16
05/09/2013,17:15,65,35,30
05/09/2013,17:30,45,19,26
05/09/2013,17:45,56,26,30
05/09/2013,18:00,65,19,46
05/09/2013,18:15,53,28,25
05/09/2013,18:30,53,27,26
05/09/2013,18:45,48,29,19
05/09/2013,19:00,55,29,26
05/09/2013,19:15,44,25,19
05/09/2013,19:30,25,14,11
05/09/2013,19:45,26,16,10
05/09/2013,20:00,21,11,10
05/09/2013,20:15,8,5,3
05/09/2013,20:30,10,7,3
05/09/2013,20:45,9,5,4
05/09/2013,21:00,5,3,2
05/09/2013,21:15,4,2,2
05/09/2013,21:30,3,1,2
05/09/2013,21:45,2,1,1
05/09/2013,22:00,3,1,2
05/09/2013,22:15,5,3,2
05/09/2013,22:30,2,0,2
05/09/2013,22:45,1,1,0
05/09/2013,23:00,1,1,0
05/09/2013,23:15,3,1,2
05/09/2013,23:30,1,1,0
05/09/2013,23:45,1,1,0
06/09/2013,00:00,2,0,2
06/09/2013,00:15,0,0,0
06/09/2013,00:30,1,1,0
06/09/2013,00:45,1,1,0
06/09/2013,01:00,0,0,0
06/09/2013,01:15,0,0,0
06/09/2013,01:30,1,1,0
06/09/2013,01:45,0,0,0
06/09/2013,02:00,0,0,0
06/09/2013,02:15,1,0,1
06/09/2013,02:30,0,0,0
06/09/2013,02:45,1,1,0
06/09/2013,03:00,1,0,1
06/09/2013,03:15,0,0,0
06/09/2013,03:30,0,0,0
06/09/2013,03:45,1,1,0
06/09/2013,04:00,1,1,0
06/09/2013,04:15,1,1,0
06/09/2013,04:30,1,0,1
06/09/2013,04:45,0,0,0
06/09/2013,05:00,2,0,2
06/09/2013,05:15,0,0,0
06/09/2013,05:30,4,3,1
06/09/2013,05:45,5,3,2
06/09/2013,06:00,16,8,8
06/09/2013,06:15,12,9,3
06/09/2013,06:30,14,4,10
06/09/2013,06:45,30,16,14
06/09/2013,07:00,27,8,19
06/09/2013,07:15,26,11,15
06/09/2013,07:30,22,15,7
06/09/2013,07:45,30,8,22
06/09/2013,08:00,32,13,19
06/09/2013,08:15,31,10,21
06/09/2013,08:30,33,15,18
06/09/2013,08:45,114,103,11
06/09/2013,09:00,83,72,11
06/09/2013,09:15,60,48,12
06/09/2013,09:30,60,46,14
06/09/2013,09:45,78,68,10
06/09/2013,10:00,69,60,9
06/09/2013,10:15,92,74,18
06/09/2013,10:30,56,48,8
06/09/2013,10:45,40,33,7
06/09/2013,11:00,52,40,12
06/09/2013,11:15,64,54,10
06/09/2013,11:30,59,40,19
06/09/2013,11:45,30,24,6
06/09/2013,12:00,40,30,10
06/09/2013,12:15,39,35,4
06/09/2013,12:30,24,17,7
06/09/2013,12:45,27,19,8
06/09/2013,13:00,44,31,13
06/09/2013,13:15,30,18,12
06/09/2013,13:30,19,10,9
06/09/2013,13:45,45,40,5
06/09/2013,14:00,21,11,10
06/09/2013,14:15,36,19,17
06/09/2013,14:30,38,19,19
06/09/2013,14:45,25,4,21
06/09/2013,15:00,20,9,11
06/09/2013,15:15,27,17,10
06/09/2013,15:30,31,8,23
06/09/2013,15:45,27,10,17
06/09/2013,16:00,21,7,14
06/09/2013,16:15,22,8,14
06/09/2013,16:30,22,16,6
06/09/2013,16:45,36,17,19
06/09/2013,17:00,40,18,22
06/09/2013,17:15,42,20,22
06/09/2013,17:30,43,18,25
06/09/2013,17:45,45,16,29
06/09/2013,18:00,45,22,23
06/09/2013,18:15,57,26,31
06/09/2013,18:30,46,9,37
06/09/2013,18:45,37,19,18
06/09/2013,19:00,30,19,11
06/09/2013,19:15,25,12,13
06/09/2013,19:30,20,12,8
06/09/2013,19:45,21,14,7
06/09/2013,20:00,14,8,6
06/09/2013,20:15,10,4,6
06/09/2013,20:30,16,10,6
06/09/2013,20:45,7,5,2
06/09/2013,21:00,4,1,3
06/09/2013,21:15,11,5,6
06/09/2013,21:30,4,2,2
06/09/2013,21:45,2,1,1
06/09/2013,22:00,2,0,2
06/09/2013,22:15,2,2,0
06/09/2013,22:30,0,0,0
06/09/2013,22:45,2,0,2
06/09/2013,23:00,0,0,0
06/09/2013,23:15,3,0,3
06/09/2013,23:30,4,1,3
06/09/2013,23:45,1,1,0
07/09/2013,00:00,0,0,0
07/09/2013,00:15,1,0,1
07/09/2013,00:30,3,2,1
07/09/2013,00:45,0,0,0
07/09/2013,01:00,0,0,0
07/09/2013,01:15,2,1,1
07/09/2013,01:30,0,0,0
07/09/2013,01:45,3,3,0
07/09/2013,02:00,0,0,0
07/09/2013,02:15,1,0,1
07/09/2013,02:30,0,0,0
07/09/2013,02:45,0,0,0
07/09/2013,03:00,0,0,0
07/09/2013,03:15,1,1,0
07/09/2013,03:30,0,0,0
07/09/2013,03:45,2,1,1
07/09/2013,04:00,0,0,0
07/09/2013,04:15,0,0,0
07/09/2013,04:30,1,1,0
07/09/2013,04:45,0,0,0
07/09/2013,05:00,1,1,0
07/09/2013,05:15,2,1,1
07/09/2013,05:30,4,3,1
07/09/2013,05:45,3,1,2
07/09/2013,06:00,5,1,4
07/09/2013,06:15,9,6,3
07/09/2013,06:30,10,4,6
07/09/2013,06:45,11,8,3
07/09/2013,07:00,17,12,5
07/09/2013,07:15,21,9,12
07/09/2013,07:30,20,9,11
07/09/2013,07:45,26,16,10
07/09/2013,08:00,31,15,16
07/09/2013,08:15,24,12,12
07/09/2013,08:30,36,19,17
07/09/2013,08:45,45,17,28
07/09/2013,09:00,51,22,29
07/09/2013,09:15,48,24,24
07/09/2013,09:30,62,28,34
07/09/2013,09:45,78,47,31
07/09/2013,10:00,77,35,42
07/09/2013,10:15,85,35,50
07/09/2013,10:30,63,29,34
07/09/2013,10:45,54,30,24
07/09/2013,11:00,61,29,32
07/09/2013,11:15,51,27,24
07/09/2013,11:30,76,47,29
07/09/2013,11:45,100,42,58
07/09/2013,12:00,98,51,47
07/09/2013,12:15,61,38,23
07/09/2013,12:30,45,22,23
07/09/2013,12:45,56,24,32
07/09/2013,13:00,44,18,26
07/09/2013,13:15,38,16,22
07/09/2013,13:30,64,28,36
07/09/2013,13:45,30,16,14
07/09/2013,14:00,50,20,30
07/09/2013,14:15,57,27,30
07/09/2013,14:30,32,14,18
07/09/2013,14:45,42,17,25
07/09/2013,15:00,41,15,26
07/09/2013,15:15,35,19,16
07/09/2013,15:30,42,20,22
07/09/2013,15:45,30,5,25
07/09/2013,16:00,43,18,25
07/09/2013,16:15,43,15,28
07/09/2013,16:30,41,17,24
07/09/2013,16:45,35,18,17
07/09/2013,17:00,45,25,20
07/09/2013,17:15,36,13,23
07/09/2013,17:30,46,16,30
07/09/2013,17:45,41,11,30
07/09/2013,18:00,31,11,20
07/09/2013,18:15,19,5,14
07/09/2013,18:30,33,12,21
07/09/2013,18:45,35,16,19
07/09/2013,19:00,24,10,14
07/09/2013,19:15,25,13,12
07/09/2013,19:30,22,15,7
07/09/2013,19:45,14,7,7
07/09/2013,20:00,5,4,1
07/09/2013,20:15,5,2,3
07/09/2013,20:30,6,4,2
07/09/2013,20:45,0,0,0
07/09/2013,21:00,4,2,2
07/09/2013,21:15,3,3,0
07/09/2013,21:30,4,1,3
07/09/2013,21:45,4,2,2
07/09/2013,22:00,4,3,1
07/09/2013,22:15,2,0,2
07/09/2013,22:30,0,0,0
07/09/2013,22:45,1,1,0
07/09/2013,23:00,5,0,5
07/09/2013,23:15,2,2,0
07/09/2013,23:30,2,1,1
07/09/2013,23:45,1,0,1
08/09/2013,00:00,3,0,3
08/09/2013,00:15,3,3,0
08/09/2013,00:30,2,1,1
08/09/2013,00:45,0,0,0
08/09/2013,01:00,0,0,0
08/09/2013,01:15,1,0,1
08/09/2013,01:30,1,0,1
08/09/2013,01:45,0,0,0
08/09/2013,02:00,2,0,2
08/09/2013,02:15,0,0,0
08/09/2013,02:30,0,0,0
08/09/2013,02:45,0,0,0
08/09/2013,03:00,0,0,0
08/09/2013,03:15,1,0,1
08/09/2013,03:30,0,0,0
08/09/2013,03:45,0,0,0
08/09/2013,04:00,1,0,1
08/09/2013,04:15,0,0,0
08/09/2013,04:30,1,1,0
08/09/2013,04:45,1,0,1
08/09/2013,05:00,0,0,0
08/09/2013,05:15,1,0,1
08/09/2013,05:30,0,0,0
08/09/2013,05:45,2,1,1
08/09/2013,06:00,1,1,0
08/09/2013,06:15,1,0,1
08/09/2013,06:30,3,1,2
08/09/2013,06:45,7,1,6
08/09/2013,07:00,6,2,4
08/09/2013,07:15,17,9,8
08/09/2013,07:30,13,6,7
08/09/2013,07:45,32,15,17
08/09/2013,08:00,35,13,22
08/09/2013,08:15,26,12,14
08/09/2013,08:30,30,14,16
08/09/2013,08:45,44,20,24
08/09/2013,09:00,42,21,21
08/09/2013,09:15,53,23,30
08/09/2013,09:30,50,18,32
08/09/2013,09:45,71,20,51
08/09/2013,10:00,63,27,36
08/09/2013,10:15,52,25,27
08/09/2013,10:30,69,37,32
08/09/2013,10:45,82,38,44
08/09/2013,11:00,78,29,49
08/09/2013,11:15,59,18,41
08/09/2013,11:30,60,28,32
08/09/2013,11:45,88,36,52
08/09/2013,12:00,77,48,29
08/09/2013,12:15,86,43,43
08/09/2013,12:30,81,43,38
08/09/2013,12:45,66,37,29
08/09/2013,13:00,53,37,16
08/09/2013,13:15,38,20,18
08/09/2013,13:30,55,36,19
08/09/2013,13:45,68,28,40
08/09/2013,14:00,36,14,22
08/09/2013,14:15,55,25,30
08/09/2013,14:30,43,20,23
08/09/2013,14:45,37,15,22
08/09/2013,15:00,40,19,21
08/09/2013,15:15,31,14,17
08/09/2013,15:30,42,23,19
08/09/2013,15:45,28,17,11
08/09/2013,16:00,46,26,20
08/09/2013,16:15,31,6,25
08/09/2013,16:30,42,22,20
08/09/2013,16:45,28,15,13
08/09/2013,17:00,33,18,15
08/09/2013,17:15,33,16,17
08/09/2013,17:30,20,12,8
08/09/2013,17:45,34,20,14
08/09/2013,18:00,16,9,7
08/09/2013,18:15,21,15,6
08/09/2013,18:30,26,20,6
08/09/2013,18:45,21,15,6
08/09/2013,19:00,22,12,10
08/09/2013,19:15,11,9,2
08/09/2013,19:30,13,7,6
08/09/2013,19:45,7,3,4
08/09/2013,20:00,6,5,1
08/09/2013,20:15,7,3,4
08/09/2013,20:30,8,3,5
08/09/2013,20:45,4,0,4
08/09/2013,21:00,4,0,4
08/09/2013,21:15,1,1,0
08/09/2013,21:30,4,2,2
08/09/2013,21:45,1,0,1
08/09/2013,22:00,2,1,1
08/09/2013,22:15,1,1,0
08/09/2013,22:30,4,2,2
08/09/2013,22:45,0,0,0
08/09/2013,23:00,1,1,0
08/09/2013,23:15,2,1,1
08/09/2013,23:30,0,0,0
08/09/2013,23:45,2,0,2
09/09/2013,00:00,1,1,0
09/09/2013,00:15,0,0,0
09/09/2013,00:30,0,0,0
09/09/2013,00:45,0,0,0
09/09/2013,01:00,2,0,2
09/09/2013,01:15,0,0,0
09/09/2013,01:30,2,2,0
09/09/2013,01:45,0,0,0
09/09/2013,02:00,0,0,0
09/09/2013,02:15,1,1,0
09/09/2013,02:30,1,0,1
09/09/2013,02:45,0,0,0
09/09/2013,03:00,0,0,0
09/09/2013,03:15,0,0,0
09/09/2013,03:30,0,0,0
09/09/2013,03:45,1,1,0
09/09/2013,04:00,3,2,1
09/09/2013,04:15,1,0,1
09/09/2013,04:30,2,1,1
09/09/2013,04:45,1,0,1
09/09/2013,05:00,2,1,1
09/09/2013,05:15,2,0,2
09/09/2013,05:30,12,6,6
09/09/2013,05:45,11,6,5
09/09/2013,06:00,18,11,7
09/09/2013,06:15,16,5,11
09/09/2013,06:30,17,7,10
09/09/2013,06:45,23,6,17
09/09/2013,07:00,27,8,19
09/09/2013,07:15,28,11,17
09/09/2013,07:30,37,11,26
09/09/2013,07:45,56,12,44
09/09/2013,08:00,29,13,16
09/09/2013,08:15,30,6,24
09/09/2013,08:30,22,10,12
09/09/2013,08:45,21,10,11
09/09/2013,09:00,17,9,8
09/09/2013,09:15,8,5,3
09/09/2013,09:30,14,6,8
09/09/2013,09:45,16,9,7
09/09/2013,10:00,14,9,5
09/09/2013,10:15,9,3,6
09/09/2013,10:30,15,9,6
09/09/2013,10:45,13,7,6
09/09/2013,11:00,12,4,8
09/09/2013,11:15,18,6,12
09/09/2013,11:30,16,4,12
09/09/2013,11:45,13,6,7
09/09/2013,12:00,18,9,9
09/09/2013,12:15,9,2,7
09/09/2013,12:30,10,5,5
09/09/2013,12:45,13,4,9
09/09/2013,13:00,10,3,7
09/09/2013,13:15,13,3,10
09/09/2013,13:30,11,6,5
09/09/2013,13:45,7,4,3
09/09/2013,14:00,13,4,9
09/09/2013,14:15,18,7,11
09/09/2013,14:30,8,4,4
09/09/2013,14:45,18,4,14
09/09/2013,15:00,5,2,3
09/09/2013,15:15,15,6,9
09/09/2013,15:30,22,12,10
09/09/2013,15:45,15,8,7
09/09/2013,16:00,12,5,7
09/09/2013,16:15,25,12,13
09/09/2013,16:30,30,13,17
09/09/2013,16:45,27,12,15
09/09/2013,17:00,37,22,15
09/09/2013,17:15,44,24,20
09/09/2013,17:30,55,34,21
09/09/2013,17:45,55,32,23
09/09/2013,18:00,49,24,25
09/09/2013,18:15,46,29,17
09/09/2013,18:30,54,24,30
09/09/2013,18:45,41,30,11
09/09/2013,19:00,21,13,8
09/09/2013,19:15,32,19,13
09/09/2013,19:30,22,12,10
09/09/2013,19:45,21,6,15
09/09/2013,20:00,12,5,7
09/09/2013,20:15,10,4,6
09/09/2013,20:30,5,3,2
09/09/2013,20:45,1,1,0
09/09/2013,21:00,5,3,2
09/09/2013,21:15,5,2,3
09/09/2013,21:30,3,2,1
09/09/2013,21:45,0,0,0
09/09/2013,22:00,3,0,3
09/09/2013,22:15,2,1,1
09/09/2013,22:30,6,6,0
09/09/2013,22:45,3,0,3
09/09/2013,23:00,3,0,3
09/09/2013,23:15,0,0,0
09/09/2013,23:30,1,1,0
09/09/2013,23:45,0,0,0
10/09/2013,00:00,1,0,1
10/09/2013,00:15,0,0,0
10/09/2013,00:30,2,1,1
10/09/2013,00:45,0,0,0
10/09/2013,01:00,0,0,0
10/09/2013,01:15,0,0,0
10/09/2013,01:30,0,0,0
10/09/2013,01:45,0,0,0
10/09/2013,02:00,0,0,0
10/09/2013,02:15,2,0,2
10/09/2013,02:30,0,0,0
10/09/2013,02:45,0,0,0
10/09/2013,03:00,0,0,0
10/09/2013,03:15,1,0,1
10/09/2013,03:30,0,0,0
10/09/2013,03:45,0,0,0
10/09/2013,04:00,3,2,1
10/09/2013,04:15,0,0,0
10/09/2013,04:30,0,0,0
10/09/2013,04:45,4,2,2
10/09/2013,05:00,2,1,1
10/09/2013,05:15,6,2,4
10/09/2013,05:30,9,5,4
10/09/2013,05:45,12,5,7
10/09/2013,06:00,17,5,12
10/09/2013,06:15,13,6,7
10/09/2013,06:30,18,5,13
10/09/2013,06:45,30,13,17
10/09/2013,07:00,30,10,20
10/09/2013,07:15,43,12,31
10/09/2013,07:30,40,11,29
10/09/2013,07:45,35,14,21
10/09/2013,08:00,41,17,24
10/09/2013,08:15,31,8,23
10/09/2013,08:30,35,22,13
10/09/2013,08:45,16,8,8
10/09/2013,09:00,26,8,18
10/09/2013,09:15,16,8,8
10/09/2013,09:30,14,5,9
10/09/2013,09:45,14,6,8
10/09/2013,10:00,13,2,11
10/09/2013,10:15,15,8,7
10/09/2013,10:30,16,9,7
10/09/2013,10:45,15,9,6
10/09/2013,11:00,23,13,10
10/09/2013,11:15,17,7,10
10/09/2013,11:30,12,8,4
10/09/2013,11:45,22,6,16
10/09/2013,12:00,34,18,16
10/09/2013,12:15,24,19,5
10/09/2013,12:30,20,17,3
10/09/2013,12:45,26,22,4
10/09/2013,13:00,30,25,5
10/09/2013,13:15,31,23,8
10/09/2013,13:30,27,21,6
10/09/2013,13:45,8,7,1
10/09/2013,14:00,23,17,6
10/09/2013,14:15,17,12,5
10/09/2013,14:30,20,14,6
10/09/2013,14:45,20,13,7
10/09/2013,15:00,23,17,6
10/09/2013,15:15,14,8,6
10/09/2013,15:30,15,11,4
10/09/2013,15:45,26,15,11
10/09/2013,16:00,17,7,10
10/09/2013,16:15,22,14,8
10/09/2013,16:30,25,15,10
10/09/2013,16:45,31,24,7
10/09/2013,17:00,41,28,13
10/09/2013,17:15,22,14,8
10/09/2013,17:30,45,32,13
10/09/2013,17:45,41,24,17
10/09/2013,18:00,58,45,13
10/09/2013,18:15,61,40,21
10/09/2013,18:30,56,45,11
10/09/2013,18:45,41,32,9
10/09/2013,19:00,38,30,8
10/09/2013,19:15,33,23,10
10/09/2013,19:30,29,21,8
10/09/2013,19:45,15,8,7
10/09/2013,20:00,19,14,5
10/09/2013,20:15,7,2,5
10/09/2013,20:30,9,5,4
10/09/2013,20:45,2,2,0
10/09/2013,21:00,8,4,4
10/09/2013,21:15,6,2,4
10/09/2013,21:30,4,3,1
10/09/2013,21:45,1,1,0
10/09/2013,22:00,3,3,0
10/09/2013,22:15,2,1,1
10/09/2013,22:30,2,1,1
10/09/2013,22:45,0,0,0
10/09/2013,23:00,3,1,2
10/09/2013,23:15,5,4,1
10/09/2013,23:30,0,0,0
10/09/2013,23:45,3,1,2
11/09/2013,00:00,1,0,1
11/09/2013,00:15,2,1,1
11/09/2013,00:30,2,0,2
11/09/2013,00:45,3,0,3
11/09/2013,01:00,0,0,0
11/09/2013,01:15,0,0,0
11/09/2013,01:30,0,0,0
11/09/2013,01:45,0,0,0
11/09/2013,02:00,0,0,0
11/09/2013,02:15,0,0,0
11/09/2013,02:30,0,0,0
11/09/2013,02:45,0,0,0
11/09/2013,03:00,0,0,0
11/09/2013,03:15,1,0,1
11/09/2013,03:30,0,0,0
11/09/2013,03:45,0,0,0
11/09/2013,04:00,2,1,1
11/09/2013,04:15,2,1,1
11/09/2013,04:30,2,0,2
11/09/2013,04:45,5,3,2
11/09/2013,05:00,1,0,1
11/09/2013,05:15,6,1,5
11/09/2013,05:30,8,3,5
11/09/2013,05:45,14,8,6
11/09/2013,06:00,13,6,7
11/09/2013,06:15,14,5,9
11/09/2013,06:30,20,6,14
11/09/2013,06:45,25,8,17
11/09/2013,07:00,37,13,24
11/09/2013,07:15,34,10,24
11/09/2013,07:30,35,13,22
11/09/2013,07:45,30,14,16
11/09/2013,08:00,44,20,24
11/09/2013,08:15,25,13,12
11/09/2013,08:30,30,14,16
11/09/2013,08:45,25,11,14
11/09/2013,09:00,20,12,8
11/09/2013,09:15,14,9,5
11/09/2013,09:30,17,12,5
11/09/2013,09:45,12,6,6
11/09/2013,10:00,16,5,11
11/09/2013,10:15,12,10,2
11/09/2013,10:30,22,14,8
11/09/2013,10:45,17,13,4
11/09/2013,11:00,23,15,8
11/09/2013,11:15,37,23,14
11/09/2013,11:30,17,8,9
11/09/2013,11:45,20,18,2
11/09/2013,12:00,33,26,7
11/09/2013,12:15,27,25,2
11/09/2013,12:30,27,22,5
11/09/2013,12:45,30,26,4
11/09/2013,13:00,20,17,3
11/09/2013,13:15,23,22,1
11/09/2013,13:30,20,14,6
11/09/2013,13:45,33,31,2
11/09/2013,14:00,26,23,3
11/09/2013,14:15,29,25,4
11/09/2013,14:30,17,12,5
11/09/2013,14:45,14,10,4
11/09/2013,15:00,10,7,3
11/09/2013,15:15,16,10,6
11/09/2013,15:30,19,16,3
11/09/2013,15:45,13,10,3
11/09/2013,16:00,13,10,3
11/09/2013,16:15,32,24,8
11/09/2013,16:30,16,12,4
11/09/2013,16:45,34,24,10
11/09/2013,17:00,25,19,6
11/09/2013,17:15,28,25,3
11/09/2013,17:30,27,19,8
11/09/2013,17:45,40,34,6
11/09/2013,18:00,36,33,3
11/09/2013,18:15,37,30,7
11/09/2013,18:30,35,25,10
11/09/2013,18:45,27,20,7
11/09/2013,19:00,33,28,5
11/09/2013,19:15,28,23,5
11/09/2013,19:30,24,22,2
11/09/2013,19:45,13,12,1
11/09/2013,20:00,12,7,5
11/09/2013,20:15,8,5,3
11/09/2013,20:30,6,3,3
11/09/2013,20:45,3,2,1
11/09/2013,21:00,8,3,5
11/09/2013,21:15,5,2,3
11/09/2013,21:30,5,4,1
11/09/2013,21:45,1,1,0
11/09/2013,22:00,1,0,1
11/09/2013,22:15,3,2,1
11/09/2013,22:30,6,4,2
11/09/2013,22:45,0,0,0
11/09/2013,23:00,1,1,0
11/09/2013,23:15,7,3,4
11/09/2013,23:30,2,1,1
11/09/2013,23:45,0,0,0
12/09/2013,00:00,1,1,0
12/09/2013,00:15,1,1,0
12/09/2013,00:30,1,0,1
12/09/2013,00:45,0,0,0
12/09/2013,01:00,0,0,0
12/09/2013,01:15,0,0,0
12/09/2013,01:30,0,0,0
12/09/2013,01:45,0,0,0
12/09/2013,02:00,0,0,0
12/09/2013,02:15,1,1,0
12/09/2013,02:30,0,0,0
12/09/2013,02:45,0,0,0
12/09/2013,03:00,0,0,0
12/09/2013,03:15,2,0,2
12/09/2013,03:30,0,0,0
12/09/2013,03:45,0,0,0
12/09/2013,04:00,1,0,1
12/09/2013,04:15,3,1,2
12/09/2013,04:30,2,1,1
12/09/2013,04:45,0,0,0
12/09/2013,05:00,4,2,2
12/09/2013,05:15,2,1,1
12/09/2013,05:30,5,3,2
12/09/2013,05:45,8,3,5
12/09/2013,06:00,13,8,5
12/09/2013,06:15,15,7,8
12/09/2013,06:30,16,10,6
12/09/2013,06:45,26,9,17
12/09/2013,07:00,32,13,19
12/09/2013,07:15,31,10,21
12/09/2013,07:30,30,12,18
12/09/2013,07:45,30,11,19
12/09/2013,08:00,38,14,24
12/09/2013,08:15,27,13,14
12/09/2013,08:30,32,16,16
12/09/2013,08:45,30,10,20
12/09/2013,09:00,11,3,8
12/09/2013,09:15,9,4,5
12/09/2013,09:30,23,9,14
12/09/2013,09:45,15,12,3
12/09/2013,10:00,18,11,7
12/09/2013,10:15,11,4,7
12/09/2013,10:30,17,11,6
12/09/2013,10:45,12,10,2
12/09/2013,11:00,23,18,5
12/09/2013,11:15,19,12,7
12/09/2013,11:30,23,14,9
12/09/2013,11:45,34,23,11
12/09/2013,12:00,25,20,5
12/09/2013,12:15,15,9,6
12/09/2013,12:30,27,22,5
12/09/2013,12:45,21,13,8
12/09/2013,13:00,24,20,4
12/09/2013,13:15,35,31,4
12/09/2013,13:30,37,35,2
12/09/2013,13:45,21,17,4
12/09/2013,14:00,28,25,3
12/09/2013,14:15,46,38,8
12/09/2013,14:30,9,5,4
12/09/2013,14:45,12,9,3
12/09/2013,15:00,8,4,4
12/09/2013,15:15,16,8,8
12/09/2013,15:30,16,10,6
12/09/2013,15:45,11,7,4
12/09/2013,16:00,17,11,6
12/09/2013,16:15,20,14,6
12/09/2013,16:30,25,22,3
12/09/2013,16:45,30,14,16
12/09/2013,17:00,18,18,0
12/09/2013,17:15,14,9,5
12/09/2013,17:30,13,6,7
12/09/2013,17:45,14,7,7
12/09/2013,18:00,11,7,4
12/09/2013,18:15,14,11,3
12/09/2013,18:30,12,10,2
12/09/2013,18:45,12,7,5
12/09/2013,19:00,7,4,3
12/09/2013,19:15,6,3,3
12/09/2013,19:30,7,3,4
12/09/2013,19:45,4,2,2
12/09/2013,20:00,9,6,3
12/09/2013,20:15,11,8,3
12/09/2013,20:30,9,5,4
12/09/2013,20:45,3,1,2
12/09/2013,21:00,4,2,2
12/09/2013,21:15,4,1,3
12/09/2013,21:30,4,1,3
12/09/2013,21:45,3,1,2
12/09/2013,22:00,3,0,3
12/09/2013,22:15,0,0,0
12/09/2013,22:30,1,1,0
12/09/2013,22:45,3,1,2
12/09/2013,23:00,1,0,1
12/09/2013,23:15,2,1,1
12/09/2013,23:30,0,0,0
12/09/2013,23:45,2,1,1
13/09/2013,00:00,2,1,1
13/09/2013,00:15,0,0,0
13/09/2013,00:30,1,1,0
13/09/2013,00:45,0,0,0
13/09/2013,01:00,0,0,0
13/09/2013,01:15,0,0,0
13/09/2013,01:30,0,0,0
13/09/2013,01:45,0,0,0
13/09/2013,02:00,0,0,0
13/09/2013,02:15,0,0,0
13/09/2013,02:30,0,0,0
13/09/2013,02:45,0,0,0
13/09/2013,03:00,0,0,0
13/09/2013,03:15,2,1,1
13/09/2013,03:30,0,0,0
13/09/2013,03:45,0,0,0
13/09/2013,04:00,0,0,0
13/09/2013,04:15,2,1,1
13/09/2013,04:30,1,0,1
13/09/2013,04:45,2,1,1
13/09/2013,05:00,2,0,2
13/09/2013,05:15,3,2,1
13/09/2013,05:30,4,2,2
13/09/2013,05:45,12,6,6
13/09/2013,06:00,18,6,12
13/09/2013,06:15,10,2,8
13/09/2013,06:30,15,7,8
13/09/2013,06:45,23,7,16
13/09/2013,07:00,23,6,17
13/09/2013,07:15,33,7,26
13/09/2013,07:30,33,14,19
13/09/2013,07:45,27,7,20
13/09/2013,08:00,29,11,18
13/09/2013,08:15,28,11,17
13/09/2013,08:30,31,12,19
13/09/2013,08:45,27,14,13
13/09/2013,09:00,24,10,14
13/09/2013,09:15,18,9,9
13/09/2013,09:30,20,6,14
13/09/2013,09:45,12,7,5
13/09/2013,10:00,9,3,6
13/09/2013,10:15,7,4,3
13/09/2013,10:30,13,4,9
13/09/2013,10:45,13,7,6
13/09/2013,11:00,13,5,8
13/09/2013,11:15,26,9,17
13/09/2013,11:30,12,6,6
13/09/2013,11:45,38,26,12
13/09/2013,12:00,32,23,9
13/09/2013,12:15,23,15,8
13/09/2013,12:30,27,16,11
13/09/2013,12:45,15,8,7
13/09/2013,13:00,37,31,6
13/09/2013,13:15,16,9,7
13/09/2013,13:30,42,37,5
13/09/2013,13:45,27,17,10
13/09/2013,14:00,22,13,9
13/09/2013,14:15,15,8,7
13/09/2013,14:30,24,11,13
13/09/2013,14:45,30,12,18
13/09/2013,15:00,23,9,14
13/09/2013,15:15,34,11,23
13/09/2013,15:30,20,7,13
13/09/2013,15:45,18,8,10
13/09/2013,16:00,26,11,15
13/09/2013,16:15,30,9,21
13/09/2013,16:30,49,18,31
13/09/2013,16:45,38,20,18
13/09/2013,17:00,50,20,30
13/09/2013,17:15,32,19,13
13/09/2013,17:30,45,23,22
13/09/2013,17:45,53,23,30
13/09/2013,18:00,46,22,24
13/09/2013,18:15,68,29,39
13/09/2013,18:30,59,29,30
13/09/2013,18:45,49,31,18
13/09/2013,19:00,36,20,16
13/09/2013,19:15,25,11,14
13/09/2013,19:30,19,9,10
13/09/2013,19:45,22,12,10
13/09/2013,20:00,15,6,9
13/09/2013,20:15,4,2,2
13/09/2013,20:30,2,2,0
13/09/2013,20:45,7,4,3
13/09/2013,21:00,5,3,2
13/09/2013,21:15,8,3,5
13/09/2013,21:30,3,1,2
13/09/2013,21:45,3,2,1
13/09/2013,22:00,0,0,0
13/09/2013,22:15,1,1,0
13/09/2013,22:30,2,0,2
13/09/2013,22:45,4,1,3
13/09/2013,23:00,3,2,1
13/09/2013,23:15,3,1,2
13/09/2013,23:30,2,2,0
13/09/2013,23:45,3,0,3
14/09/2013,00:00,0,0,0
14/09/2013,00:15,1,0,1
14/09/2013,00:30,4,3,1
14/09/2013,00:45,0,0,0
14/09/2013,01:00,0,0,0
14/09/2013,01:15,0,0,0
14/09/2013,01:30,2,2,0
14/09/2013,01:45,0,0,0
14/09/2013,02:00,2,0,2
14/09/2013,02:15,1,0,1
14/09/2013,02:30,0,0,0
14/09/2013,02:45,2,0,2
14/09/2013,03:00,1,0,1
14/09/2013,03:15,0,0,0
14/09/2013,03:30,0,0,0
14/09/2013,03:45,0,0,0
14/09/2013,04:00,0,0,0
14/09/2013,04:15,0,0,0
14/09/2013,04:30,0,0,0
14/09/2013,04:45,0,0,0
14/09/2013,05:00,2,1,1
14/09/2013,05:15,0,0,0
14/09/2013,05:30,3,2,1
14/09/2013,05:45,6,2,4
14/09/2013,06:00,3,2,1
14/09/2013,06:15,3,2,1
14/09/2013,06:30,0,0,0
14/09/2013,06:45,7,4,3
14/09/2013,07:00,15,3,12
14/09/2013,07:15,29,4,25
14/09/2013,07:30,24,9,15
14/09/2013,07:45,42,25,17
14/09/2013,08:00,32,20,12
14/09/2013,08:15,53,25,28
14/09/2013,08:30,53,38,15
14/09/2013,08:45,59,42,17
14/09/2013,09:00,65,31,34
14/09/2013,09:15,46,20,26
14/09/2013,09:30,51,27,24
14/09/2013,09:45,58,32,26
14/09/2013,10:00,41,26,15
14/09/2013,10:15,70,40,30
14/09/2013,10:30,70,40,30
14/09/2013,10:45,78,50,28
14/09/2013,11:00,63,42,21
14/09/2013,11:15,63,34,29
14/09/2013,11:30,68,44,24
14/09/2013,11:45,54,30,24
14/09/2013,12:00,87,48,39
14/09/2013,12:15,66,38,28
14/09/2013,12:30,70,44,26
14/09/2013,12:45,66,37,29
14/09/2013,13:00,78,42,36
14/09/2013,13:15,67,45,22
14/09/2013,13:30,68,36,32
14/09/2013,13:45,58,35,23
14/09/2013,14:00,71,34,37
14/09/2013,14:15,61,36,25
14/09/2013,14:30,54,25,29
14/09/2013,14:45,57,28,29
14/09/2013,15:00,57,32,25
14/09/2013,15:15,55,18,37
14/09/2013,15:30,61,26,35
14/09/2013,15:45,61,35,26
14/09/2013,16:00,42,19,23
14/09/2013,16:15,49,25,24
14/09/2013,16:30,57,23,34
14/09/2013,16:45,49,28,21
14/09/2013,17:00,49,22,27
14/09/2013,17:15,34,13,21
14/09/2013,17:30,37,20,17
14/09/2013,17:45,18,9,9
14/09/2013,18:00,39,16,23
14/09/2013,18:15,19,13,6
14/09/2013,18:30,19,10,9
14/09/2013,18:45,36,16,20
14/09/2013,19:00,18,11,7
14/09/2013,19:15,15,9,6
14/09/2013,19:30,13,2,11
14/09/2013,19:45,5,4,1
14/09/2013,20:00,8,6,2
14/09/2013,20:15,3,1,2
14/09/2013,20:30,6,5,1
14/09/2013,20:45,7,4,3
14/09/2013,21:00,2,1,1
14/09/2013,21:15,6,6,0
14/09/2013,21:30,3,2,1
14/09/2013,21:45,2,2,0
14/09/2013,22:00,0,0,0
14/09/2013,22:15,2,2,0
14/09/2013,22:30,1,1,0
14/09/2013,22:45,1,0,1
14/09/2013,23:00,0,0,0
14/09/2013,23:15,3,3,0
14/09/2013,23:30,2,2,0
14/09/2013,23:45,1,0,1
15/09/2013,00:00,0,0,0
15/09/2013,00:15,0,0,0
15/09/2013,00:30,1,1,0
15/09/2013,00:45,3,2,1
15/09/2013,01:00,0,0,0
15/09/2013,01:15,0,0,0
15/09/2013,01:30,0,0,0
15/09/2013,01:45,4,1,3
15/09/2013,02:00,0,0,0
15/09/2013,02:15,0,0,0
15/09/2013,02:30,0,0,0
15/09/2013,02:45,1,1,0
15/09/2013,03:00,0,0,0
15/09/2013,03:15,0,0,0
15/09/2013,03:30,0,0,0
15/09/2013,03:45,0,0,0
15/09/2013,04:00,1,1,0
15/09/2013,04:15,0,0,0
15/09/2013,04:30,0,0,0
15/09/2013,04:45,0,0,0
15/09/2013,05:00,1,0,1
15/09/2013,05:15,0,0,0
15/09/2013,05:30,3,1,2
15/09/2013,05:45,3,3,0
15/09/2013,06:00,1,0,1
15/09/2013,06:15,0,0,0
15/09/2013,06:30,2,1,1
15/09/2013,06:45,0,0,0
15/09/2013,07:00,4,1,3
15/09/2013,07:15,12,4,8
15/09/2013,07:30,16,8,8
15/09/2013,07:45,18,13,5
15/09/2013,08:00,30,9,21
15/09/2013,08:15,26,15,11
15/09/2013,08:30,26,10,16
15/09/2013,08:45,29,15,14
15/09/2013,09:00,53,29,24
15/09/2013,09:15,108,27,81
15/09/2013,09:30,92,63,29
15/09/2013,09:45,75,56,19
15/09/2013,10:00,48,21,27
15/09/2013,10:15,57,32,25
15/09/2013,10:30,73,49,24
15/09/2013,10:45,63,34,29
15/09/2013,11:00,64,33,31
15/09/2013,11:15,96,54,42
15/09/2013,11:30,69,36,33
15/09/2013,11:45,78,49,29
15/09/2013,12:00,84,55,29
15/09/2013,12:15,72,27,45
15/09/2013,12:30,78,49,29
15/09/2013,12:45,82,42,40
15/09/2013,13:00,91,43,48
15/09/2013,13:15,77,45,32
15/09/2013,13:30,68,37,31
15/09/2013,13:45,52,31,21
15/09/2013,14:00,57,22,35
15/09/2013,14:15,61,38,23
15/09/2013,14:30,49,21,28
15/09/2013,14:45,45,15,30
15/09/2013,15:00,44,19,25
15/09/2013,15:15,31,14,17
15/09/2013,15:30,56,21,35
15/09/2013,15:45,51,18,33
15/09/2013,16:00,59,23,36
15/09/2013,16:15,43,15,28
15/09/2013,16:30,58,27,31
15/09/2013,16:45,48,23,25
15/09/2013,17:00,41,15,26
15/09/2013,17:15,49,22,27
15/09/2013,17:30,40,22,18
15/09/2013,17:45,30,10,20
15/09/2013,18:00,39,11,28
15/09/2013,18:15,22,8,14
15/09/2013,18:30,28,9,19
15/09/2013,18:45,25,12,13
15/09/2013,19:00,22,7,15
15/09/2013,19:15,11,8,3
15/09/2013,19:30,9,7,2
15/09/2013,19:45,12,6,6
15/09/2013,20:00,5,2,3
15/09/2013,20:15,6,3,3
15/09/2013,20:30,7,5,2
15/09/2013,20:45,2,0,2
15/09/2013,21:00,4,3,1
15/09/2013,21:15,4,3,1
15/09/2013,21:30,2,1,1
15/09/2013,21:45,2,0,2
15/09/2013,22:00,0,0,0
15/09/2013,22:15,3,3,0
15/09/2013,22:30,1,1,0
15/09/2013,22:45,4,3,1
15/09/2013,23:00,1,0,1
15/09/2013,23:15,0,0,0
15/09/2013,23:30,0,0,0
15/09/2013,23:45,0,0,0
16/09/2013,00:00,0,0,0
16/09/2013,00:15,1,1,0
16/09/2013,00:30,0,0,0
16/09/2013,00:45,0,0,0
16/09/2013,01:00,1,1,0
16/09/2013,01:15,0,0,0
16/09/2013,01:30,0,0,0
16/09/2013,01:45,1,0,1
16/09/2013,02:00,0,0,0
16/09/2013,02:15,0,0,0
16/09/2013,02:30,1,1,0
16/09/2013,02:45,0,0,0
16/09/2013,03:00,0,0,0
16/09/2013,03:15,0,0,0
16/09/2013,03:30,0,0,0
16/09/2013,03:45,0,0,0
16/09/2013,04:00,2,2,0
16/09/2013,04:15,0,0,0
16/09/2013,04:30,3,1,2
16/09/2013,04:45,0,0,0
16/09/2013,05:00,7,3,4
16/09/2013,05:15,0,0,0
16/09/2013,05:30,11,6,5
16/09/2013,05:45,14,10,4
16/09/2013,06:00,18,7,11
16/09/2013,06:15,14,7,7
16/09/2013,06:30,11,3,8
16/09/2013,06:45,30,11,19
16/09/2013,07:00,27,7,20
16/09/2013,07:15,23,6,17
16/09/2013,07:30,26,9,17
16/09/2013,07:45,41,10,31
16/09/2013,08:00,28,10,18
16/09/2013,08:15,26,7,19
16/09/2013,08:30,20,5,15
16/09/2013,08:45,15,6,9
16/09/2013,09:00,17,7,10
16/09/2013,09:15,12,5,7
16/09/2013,09:30,10,6,4
16/09/2013,09:45,2,0,2
16/09/2013,10:00,6,2,4
16/09/2013,10:15,7,7,0
16/09/2013,10:30,9,5,4
16/09/2013,10:45,4,2,2
16/09/2013,11:00,3,0,3
16/09/2013,11:15,6,3,3
16/09/2013,11:30,8,3,5
16/09/2013,11:45,3,3,0
16/09/2013,12:00,3,2,1
16/09/2013,12:15,5,2,3
16/09/2013,12:30,7,5,2
16/09/2013,12:45,3,0,3
16/09/2013,13:00,2,0,2
16/09/2013,13:15,13,5,8
16/09/2013,13:30,2,0,2
16/09/2013,13:45,5,3,2
16/09/2013,14:00,7,3,4
16/09/2013,14:15,4,2,2
16/09/2013,14:30,7,5,2
16/09/2013,14:45,16,6,10
16/09/2013,15:00,9,3,6
16/09/2013,15:15,10,3,7
16/09/2013,15:30,9,4,5
16/09/2013,15:45,18,7,11
16/09/2013,16:00,19,4,15
16/09/2013,16:15,30,9,21
16/09/2013,16:30,24,10,14
16/09/2013,16:45,34,15,19
16/09/2013,17:00,39,18,21
16/09/2013,17:15,37,20,17
16/09/2013,17:30,45,21,24
16/09/2013,17:45,41,23,18
16/09/2013,18:00,39,19,20
16/09/2013,18:15,36,16,20
16/09/2013,18:30,52,38,14
16/09/2013,18:45,45,18,27
16/09/2013,19:00,35,21,14
16/09/2013,19:15,32,17,15
16/09/2013,19:30,17,9,8
16/09/2013,19:45,22,10,12
16/09/2013,20:00,12,6,6
16/09/2013,20:15,3,3,0
16/09/2013,20:30,9,5,4
16/09/2013,20:45,7,6,1
16/09/2013,21:00,4,4,0
16/09/2013,21:15,3,1,2
16/09/2013,21:30,1,0,1
16/09/2013,21:45,2,2,0
16/09/2013,22:00,2,1,1
16/09/2013,22:15,2,1,1
16/09/2013,22:30,2,1,1
16/09/2013,22:45,0,0,0
16/09/2013,23:00,0,0,0
16/09/2013,23:15,2,2,0
16/09/2013,23:30,0,0,0
16/09/2013,23:45,0,0,0
17/09/2013,00:00,3,1,2
17/09/2013,00:15,0,0,0
17/09/2013,00:30,2,0,2
17/09/2013,00:45,0,0,0
17/09/2013,01:00,1,1,0
17/09/2013,01:15,1,0,1
17/09/2013,01:30,0,0,0
17/09/2013,01:45,0,0,0
17/09/2013,02:00,0,0,0
17/09/2013,02:15,0,0,0
17/09/2013,02:30,0,0,0
17/09/2013,02:45,1,0,1
17/09/2013,03:00,0,0,0
17/09/2013,03:15,0,0,0
17/09/2013,03:30,0,0,0
17/09/2013,03:45,0,0,0
17/09/2013,04:00,2,2,0
17/09/2013,04:15,0,0,0
17/09/2013,04:30,0,0,0
17/09/2013,04:45,2,1,1
17/09/2013,05:00,1,0,1
17/09/2013,05:15,6,3,3
17/09/2013,05:30,5,1,4
17/09/2013,05:45,11,7,4
17/09/2013,06:00,15,6,9
17/09/2013,06:15,17,7,10
17/09/2013,06:30,18,5,13
17/09/2013,06:45,37,15,22
17/09/2013,07:00,20,7,13
17/09/2013,07:15,36,14,22
17/09/2013,07:30,43,14,29
17/09/2013,07:45,43,18,25
17/09/2013,08:00,40,15,25
17/09/2013,08:15,43,18,25
17/09/2013,08:30,29,12,17
17/09/2013,08:45,20,7,13
17/09/2013,09:00,21,5,16
17/09/2013,09:15,16,9,7
17/09/2013,09:30,21,14,7
17/09/2013,09:45,35,26,9
17/09/2013,10:00,30,28,2
17/09/2013,10:15,10,6,4
17/09/2013,10:30,28,23,5
17/09/2013,10:45,25,17,8
17/09/2013,11:00,71,62,9
17/09/2013,11:15,35,30,5
17/09/2013,11:30,36,27,9
17/09/2013,11:45,62,54,8
17/09/2013,12:00,32,22,10
17/09/2013,12:15,34,27,7
17/09/2013,12:30,30,23,7
17/09/2013,12:45,67,59,8
17/09/2013,13:00,40,36,4
17/09/2013,13:15,52,48,4
17/09/2013,13:30,25,19,6
17/09/2013,13:45,39,33,6
17/09/2013,14:00,43,35,8
17/09/2013,14:15,30,19,11
17/09/2013,14:30,16,11,5
17/09/2013,14:45,25,8,17
17/09/2013,15:00,18,8,10
17/09/2013,15:15,23,15,8
17/09/2013,15:30,17,8,9
17/09/2013,15:45,22,7,15
17/09/2013,16:00,31,13,18
17/09/2013,16:15,29,10,19
17/09/2013,16:30,30,13,17
17/09/2013,16:45,50,25,25
17/09/2013,17:00,47,23,24
17/09/2013,17:15,43,23,20
17/09/2013,17:30,47,27,20
17/09/2013,17:45,54,34,20
17/09/2013,18:00,66,40,26
17/09/2013,18:15,75,33,42
17/09/2013,18:30,37,28,9
17/09/2013,18:45,57,28,29
17/09/2013,19:00,41,20,21
17/09/2013,19:15,33,19,14
17/09/2013,19:30,29,11,18
17/09/2013,19:45,14,8,6
17/09/2013,20:00,7,5,2
17/09/2013,20:15,11,4,7
17/09/2013,20:30,5,4,1
17/09/2013,20:45,9,3,6
17/09/2013,21:00,9,4,5
17/09/2013,21:15,1,0,1
17/09/2013,21:30,3,0,3
17/09/2013,21:45,1,0,1
17/09/2013,22:00,1,1,0
17/09/2013,22:15,1,0,1
17/09/2013,22:30,2,2,0
17/09/2013,22:45,2,0,2
17/09/2013,23:00,2,1,1
17/09/2013,23:15,5,2,3
17/09/2013,23:30,2,2,0
17/09/2013,23:45,0,0,0
18/09/2013,00:00,0,0,0
18/09/2013,00:15,2,0,2
18/09/2013,00:30,2,0,2
18/09/2013,00:45,3,3,0
18/09/2013,01:00,0,0,0
18/09/2013,01:15,0,0,0
18/09/2013,01:30,0,0,0
18/09/2013,01:45,0,0,0
18/09/2013,02:00,0,0,0
18/09/2013,02:15,0,0,0
18/09/2013,02:30,0,0,0
18/09/2013,02:45,0,0,0
18/09/2013,03:00,0,0,0
18/09/2013,03:15,0,0,0
18/09/2013,03:30,0,0,0
18/09/2013,03:45,0,0,0
18/09/2013,04:00,1,0,1
18/09/2013,04:15,4,3,1
18/09/2013,04:30,0,0,0
18/09/2013,04:45,0,0,0
18/09/2013,05:00,1,1,0
18/09/2013,05:15,0,0,0
18/09/2013,05:30,7,3,4
18/09/2013,05:45,6,3,3
18/09/2013,06:00,12,7,5
18/09/2013,06:15,9,6,3
18/09/2013,06:30,14,5,9
18/09/2013,06:45,23,5,18
18/09/2013,07:00,25,5,20
18/09/2013,07:15,24,8,16
18/09/2013,07:30,35,12,23
18/09/2013,07:45,39,13,26
18/09/2013,08:00,27,13,14
18/09/2013,08:15,22,11,11
18/09/2013,08:30,26,3,23
18/09/2013,08:45,19,7,12
18/09/2013,09:00,19,10,9
18/09/2013,09:15,10,5,5
18/09/2013,09:30,21,9,12
18/09/2013,09:45,14,9,5
18/09/2013,10:00,17,11,6
18/09/2013,10:15,40,36,4
18/09/2013,10:30,36,30,6
18/09/2013,10:45,37,31,6
18/09/2013,11:00,27,24,3
18/09/2013,11:15,40,30,10
18/09/2013,11:30,25,17,8
18/09/2013,11:45,33,25,8
18/09/2013,12:00,31,21,10
18/09/2013,12:15,25,12,13
18/09/2013,12:30,50,44,6
18/09/2013,12:45,30,21,9
18/09/2013,13:00,29,24,5
18/09/2013,13:15,22,18,4
18/09/2013,13:30,22,20,2
18/09/2013,13:45,30,18,12
18/09/2013,14:00,20,13,7
18/09/2013,14:15,17,9,8
18/09/2013,14:30,29,12,17
18/09/2013,14:45,20,13,7
18/09/2013,15:00,16,9,7
18/09/2013,15:15,17,6,11
18/09/2013,15:30,23,9,14
18/09/2013,15:45,20,9,11
18/09/2013,16:00,27,15,12
18/09/2013,16:15,24,10,14
18/09/2013,16:30,46,15,31
18/09/2013,16:45,41,22,19
18/09/2013,17:00,46,22,24
18/09/2013,17:15,35,20,15
18/09/2013,17:30,55,35,20
18/09/2013,17:45,69,36,33
18/09/2013,18:00,57,29,28
18/09/2013,18:15,63,31,32
18/09/2013,18:30,44,22,22
18/09/2013,18:45,49,20,29
18/09/2013,19:00,44,27,17
18/09/2013,19:15,22,9,13
18/09/2013,19:30,18,12,6
18/09/2013,19:45,23,15,8
18/09/2013,20:00,6,3,3
18/09/2013,20:15,8,3,5
18/09/2013,20:30,10,5,5
18/09/2013,20:45,8,4,4
18/09/2013,21:00,3,2,1
18/09/2013,21:15,4,2,2
18/09/2013,21:30,2,1,1
18/09/2013,21:45,1,1,0
18/09/2013,22:00,1,0,1
18/09/2013,22:15,3,1,2
18/09/2013,22:30,3,1,2
18/09/2013,22:45,2,2,0
18/09/2013,23:00,1,0,1
18/09/2013,23:15,0,0,0
18/09/2013,23:30,1,1,0
18/09/2013,23:45,0,0,0
19/09/2013,00:00,2,1,1
19/09/2013,00:15,1,0,1
19/09/2013,00:30,0,0,0
19/09/2013,00:45,0,0,0
19/09/2013,01:00,1,0,1
19/09/2013,01:15,1,1,0
19/09/2013,01:30,0,0,0
19/09/2013,01:45,0,0,0
19/09/2013,02:00,0,0,0
19/09/2013,02:15,1,1,0
19/09/2013,02:30,0,0,0
19/09/2013,02:45,0,0,0
19/09/2013,03:00,0,0,0
19/09/2013,03:15,0,0,0
19/09/2013,03:30,0,0,0
19/09/2013,03:45,1,1,0
19/09/2013,04:00,2,2,0
19/09/2013,04:15,2,1,1
19/09/2013,04:30,3,2,1
19/09/2013,04:45,1,1,0
19/09/2013,05:00,4,3,1
19/09/2013,05:15,7,3,4
19/09/2013,05:30,4,2,2
19/09/2013,05:45,12,6,6
19/09/2013,06:00,10,4,6
19/09/2013,06:15,11,6,5
19/09/2013,06:30,15,4,11
19/09/2013,06:45,33,12,21
19/09/2013,07:00,20,3,17
19/09/2013,07:15,26,8,18
19/09/2013,07:30,36,14,22
19/09/2013,07:45,37,9,28
19/09/2013,08:00,26,8,18
19/09/2013,08:15,31,14,17
19/09/2013,08:30,28,8,20
19/09/2013,08:45,22,5,17
19/09/2013,09:00,11,5,6
19/09/2013,09:15,9,3,6
19/09/2013,09:30,17,10,7
19/09/2013,09:45,15,11,4
19/09/2013,10:00,22,19,3
19/09/2013,10:15,14,9,5
19/09/2013,10:30,26,17,9
19/09/2013,10:45,22,15,7
19/09/2013,11:00,43,26,17
19/09/2013,11:15,20,12,8
19/09/2013,11:30,29,15,14
19/09/2013,11:45,32,18,14
19/09/2013,12:00,42,35,7
19/09/2013,12:15,38,30,8
19/09/2013,12:30,18,8,10
19/09/2013,12:45,28,16,12
19/09/2013,13:00,40,31,9
19/09/2013,13:15,33,26,7
19/09/2013,13:30,17,12,5
19/09/2013,13:45,31,22,9
19/09/2013,14:00,25,16,9
19/09/2013,14:15,29,19,10
19/09/2013,14:30,22,17,5
19/09/2013,14:45,12,7,5
19/09/2013,15:00,22,6,16
19/09/2013,15:15,19,3,16
19/09/2013,15:30,23,8,15
19/09/2013,15:45,19,7,12
19/09/2013,16:00,21,9,12
19/09/2013,16:15,37,17,20
19/09/2013,16:30,36,16,20
19/09/2013,16:45,39,17,22
19/09/2013,17:00,56,27,29
19/09/2013,17:15,51,22,29
19/09/2013,17:30,56,24,32
19/09/2013,17:45,53,21,32
19/09/2013,18:00,56,31,25
19/09/2013,18:15,53,25,28
19/09/2013,18:30,59,26,33
19/09/2013,18:45,54,20,34
19/09/2013,19:00,31,12,19
19/09/2013,19:15,34,17,17
19/09/2013,19:30,27,18,9
19/09/2013,19:45,11,4,7
19/09/2013,20:00,13,8,5
19/09/2013,20:15,5,1,4
19/09/2013,20:30,9,4,5
19/09/2013,20:45,4,1,3
19/09/2013,21:00,1,1,0
19/09/2013,21:15,2,1,1
19/09/2013,21:30,2,1,1
19/09/2013,21:45,2,0,2
19/09/2013,22:00,4,1,3
19/09/2013,22:15,3,2,1
19/09/2013,22:30,4,3,1
19/09/2013,22:45,2,1,1
19/09/2013,23:00,2,1,1
19/09/2013,23:15,1,1,0
19/09/2013,23:30,0,0,0
19/09/2013,23:45,2,1,1
20/09/2013,00:00,4,1,3
20/09/2013,00:15,2,1,1
20/09/2013,00:30,1,1,0
20/09/2013,00:45,1,1,0
20/09/2013,01:00,0,0,0
20/09/2013,01:15,1,1,0
20/09/2013,01:30,1,0,1
20/09/2013,01:45,0,0,0
20/09/2013,02:00,1,1,0
20/09/2013,02:15,1,1,0
20/09/2013,02:30,0,0,0
20/09/2013,02:45,1,0,1
20/09/2013,03:00,0,0,0
20/09/2013,03:15,0,0,0
20/09/2013,03:30,0,0,0
20/09/2013,03:45,0,0,0
20/09/2013,04:00,3,3,0
20/09/2013,04:15,3,2,1
20/09/2013,04:30,1,0,1
20/09/2013,04:45,4,3,1
20/09/2013,05:00,0,0,0
20/09/2013,05:15,2,0,2
20/09/2013,05:30,6,4,2
20/09/2013,05:45,11,7,4
20/09/2013,06:00,7,3,4
20/09/2013,06:15,7,4,3
20/09/2013,06:30,18,8,10
20/09/2013,06:45,20,8,12
20/09/2013,07:00,35,10,25
20/09/2013,07:15,30,11,19
20/09/2013,07:30,37,11,26
20/09/2013,07:45,37,14,23
20/09/2013,08:00,28,11,17
20/09/2013,08:15,27,8,19
20/09/2013,08:30,24,10,14
20/09/2013,08:45,31,12,19
20/09/2013,09:00,16,10,6
20/09/2013,09:15,18,9,9
20/09/2013,09:30,26,11,15
20/09/2013,09:45,22,14,8
20/09/2013,10:00,22,13,9
20/09/2013,10:15,18,12,6
20/09/2013,10:30,34,21,13
20/09/2013,10:45,21,13,8
20/09/2013,11:00,24,16,8
20/09/2013,11:15,27,19,8
20/09/2013,11:30,31,22,9
20/09/2013,11:45,29,20,9
20/09/2013,12:00,24,17,7
20/09/2013,12:15,36,23,13
20/09/2013,12:30,38,29,9
20/09/2013,12:45,28,15,13
20/09/2013,13:00,27,19,8
20/09/2013,13:15,35,23,12
20/09/2013,13:30,29,19,10
20/09/2013,13:45,17,13,4
20/09/2013,14:00,27,21,6
20/09/2013,14:15,29,8,21
20/09/2013,14:30,25,11,14
20/09/2013,14:45,20,14,6
20/09/2013,15:00,15,4,11
20/09/2013,15:15,13,6,7
20/09/2013,15:30,19,6,13
20/09/2013,15:45,27,10,17
20/09/2013,16:00,33,10,23
20/09/2013,16:15,28,15,13
20/09/2013,16:30,37,11,26
20/09/2013,16:45,38,11,27
20/09/2013,17:00,35,8,27
20/09/2013,17:15,46,20,26
20/09/2013,17:30,59,25,34
20/09/2013,17:45,43,22,21
20/09/2013,18:00,53,17,36
20/09/2013,18:15,44,24,20
20/09/2013,18:30,42,20,22
20/09/2013,18:45,34,22,12
20/09/2013,19:00,42,19,23
20/09/2013,19:15,30,20,10
20/09/2013,19:30,19,8,11
20/09/2013,19:45,18,15,3
20/09/2013,20:00,8,2,6
20/09/2013,20:15,14,7,7
20/09/2013,20:30,4,1,3
20/09/2013,20:45,4,3,1
20/09/2013,21:00,11,7,4
20/09/2013,21:15,2,1,1
20/09/2013,21:30,3,0,3
20/09/2013,21:45,2,1,1
20/09/2013,22:00,0,0,0
20/09/2013,22:15,2,2,0
20/09/2013,22:30,2,1,1
20/09/2013,22:45,1,1,0
20/09/2013,23:00,0,0,0
20/09/2013,23:15,3,1,2
20/09/2013,23:30,2,2,0
20/09/2013,23:45,1,0,1
21/09/2013,00:00,0,0,0
21/09/2013,00:15,1,1,0
21/09/2013,00:30,1,0,1
21/09/2013,00:45,0,0,0
21/09/2013,01:00,0,0,0
21/09/2013,01:15,0,0,0
21/09/2013,01:30,1,0,1
21/09/2013,01:45,1,1,0
21/09/2013,02:00,0,0,0
21/09/2013,02:15,0,0,0
21/09/2013,02:30,0,0,0
21/09/2013,02:45,2,2,0
21/09/2013,03:00,0,0,0
21/09/2013,03:15,0,0,0
21/09/2013,03:30,2,2,0
21/09/2013,03:45,0,0,0
21/09/2013,04:00,2,0,2
21/09/2013,04:15,0,0,0
21/09/2013,04:30,0,0,0
21/09/2013,04:45,1,0,1
21/09/2013,05:00,3,3,0
21/09/2013,05:15,1,1,0
21/09/2013,05:30,2,1,1
21/09/2013,05:45,5,3,2
21/09/2013,06:00,3,3,0
21/09/2013,06:15,5,1,4
21/09/2013,06:30,5,1,4
21/09/2013,06:45,6,3,3
21/09/2013,07:00,9,6,3
21/09/2013,07:15,15,8,7
21/09/2013,07:30,25,12,13
21/09/2013,07:45,22,12,10
21/09/2013,08:00,28,18,10
21/09/2013,08:15,24,13,11
21/09/2013,08:30,22,10,12
21/09/2013,08:45,42,17,25
21/09/2013,09:00,30,15,15
21/09/2013,09:15,38,13,25
21/09/2013,09:30,41,20,21
21/09/2013,09:45,44,19,25
21/09/2013,10:00,44,14,30
21/09/2013,10:15,44,19,25
21/09/2013,10:30,40,21,19
21/09/2013,10:45,30,12,18
21/09/2013,11:00,61,20,41
21/09/2013,11:15,64,27,37
21/09/2013,11:30,40,23,17
21/09/2013,11:45,43,21,22
21/09/2013,12:00,54,28,26
21/09/2013,12:15,42,24,18
21/09/2013,12:30,43,22,21
21/09/2013,12:45,38,23,15
21/09/2013,13:00,50,22,28
21/09/2013,13:15,43,19,24
21/09/2013,13:30,33,13,20
21/09/2013,13:45,45,15,30
21/09/2013,14:00,36,13,23
21/09/2013,14:15,31,15,16
21/09/2013,14:30,38,15,23
21/09/2013,14:45,23,12,11
21/09/2013,15:00,27,14,13
21/09/2013,15:15,30,11,19
21/09/2013,15:30,24,17,7
21/09/2013,15:45,22,11,11
21/09/2013,16:00,15,4,11
21/09/2013,16:15,10,7,3
21/09/2013,16:30,6,3,3
21/09/2013,16:45,10,7,3
21/09/2013,17:00,4,2,2
21/09/2013,17:15,9,4,5
21/09/2013,17:30,2,1,1
21/09/2013,17:45,3,2,1
21/09/2013,18:00,5,0,5
21/09/2013,18:15,6,1,5
21/09/2013,18:30,4,2,2
21/09/2013,18:45,8,3,5
21/09/2013,19:00,3,0,3
21/09/2013,19:15,1,0,1
21/09/2013,19:30,1,1,0
21/09/2013,19:45,2,1,1
21/09/2013,20:00,0,0,0
21/09/2013,20:15,0,0,0
21/09/2013,20:30,0,0,0
21/09/2013,20:45,1,1,0
21/09/2013,21:00,1,1,0
21/09/2013,21:15,1,0,1
21/09/2013,21:30,0,0,0
21/09/2013,21:45,0,0,0
21/09/2013,22:00,0,0,0
21/09/2013,22:15,3,1,2
21/09/2013,22:30,0,0,0
21/09/2013,22:45,0,0,0
21/09/2013,23:00,1,0,1
21/09/2013,23:15,0,0,0
21/09/2013,23:30,1,1,0
21/09/2013,23:45,0,0,0
22/09/2013,00:00,1,0,1
22/09/2013,00:15,0,0,0
22/09/2013,00:30,0,0,0
22/09/2013,00:45,1,1,0
22/09/2013,01:00,0,0,0
22/09/2013,01:15,0,0,0
22/09/2013,01:30,0,0,0
22/09/2013,01:45,1,0,1
22/09/2013,02:00,1,0,1
22/09/2013,02:15,1,0,1
22/09/2013,02:30,1,0,1
22/09/2013,02:45,0,0,0
22/09/2013,03:00,2,0,2
22/09/2013,03:15,0,0,0
22/09/2013,03:30,0,0,0
22/09/2013,03:45,1,1,0
22/09/2013,04:00,1,1,0
22/09/2013,04:15,0,0,0
22/09/2013,04:30,1,1,0
22/09/2013,04:45,1,1,0
22/09/2013,05:00,1,0,1
22/09/2013,05:15,3,2,1
22/09/2013,05:30,0,0,0
22/09/2013,05:45,2,0,2
22/09/2013,06:00,0,0,0
22/09/2013,06:15,2,2,0
22/09/2013,06:30,3,2,1
22/09/2013,06:45,1,1,0
22/09/2013,07:00,6,5,1
22/09/2013,07:15,4,1,3
22/09/2013,07:30,6,1,5
22/09/2013,07:45,25,14,11
22/09/2013,08:00,19,10,9
22/09/2013,08:15,17,8,9
22/09/2013,08:30,27,13,14
22/09/2013,08:45,27,13,14
22/09/2013,09:00,21,8,13
22/09/2013,09:15,37,20,17
22/09/2013,09:30,50,30,20
22/09/2013,09:45,37,22,15
22/09/2013,10:00,52,19,33
22/09/2013,10:15,93,74,19
22/09/2013,10:30,64,38,26
22/09/2013,10:45,52,21,31
22/09/2013,11:00,89,68,21
22/09/2013,11:15,78,34,44
22/09/2013,11:30,90,49,41
22/09/2013,11:45,76,40,36
22/09/2013,12:00,77,51,26
22/09/2013,12:15,74,49,25
22/09/2013,12:30,93,48,45
22/09/2013,12:45,74,35,39
22/09/2013,13:00,66,34,32
22/09/2013,13:15,45,23,22
22/09/2013,13:30,71,45,26
22/09/2013,13:45,57,36,21
22/09/2013,14:00,52,22,30
22/09/2013,14:15,51,23,28
22/09/2013,14:30,37,13,24
22/09/2013,14:45,44,11,33
22/09/2013,15:00,37,12,25
22/09/2013,15:15,45,16,29
22/09/2013,15:30,30,12,18
22/09/2013,15:45,37,13,24
22/09/2013,16:00,30,13,17
22/09/2013,16:15,49,24,25
22/09/2013,16:30,41,14,27
22/09/2013,16:45,34,15,19
22/09/2013,17:00,41,16,25
22/09/2013,17:15,47,21,26
22/09/2013,17:30,47,26,21
22/09/2013,17:45,44,14,30
22/09/2013,18:00,35,18,17
22/09/2013,18:15,30,13,17
22/09/2013,18:30,40,18,22
22/09/2013,18:45,27,14,13
22/09/2013,19:00,19,7,12
22/09/2013,19:15,9,6,3
22/09/2013,19:30,9,4,5
22/09/2013,19:45,9,4,5
22/09/2013,20:00,8,3,5
22/09/2013,20:15,4,3,1
22/09/2013,20:30,2,1,1
22/09/2013,20:45,2,1,1
22/09/2013,21:00,2,1,1
22/09/2013,21:15,0,0,0
22/09/2013,21:30,1,0,1
22/09/2013,21:45,1,0,1
22/09/2013,22:00,2,1,1
22/09/2013,22:15,3,2,1
22/09/2013,22:30,1,0,1
22/09/2013,22:45,2,2,0
22/09/2013,23:00,1,1,0
22/09/2013,23:15,0,0,0
22/09/2013,23:30,1,1,0
22/09/2013,23:45,1,0,1
23/09/2013,00:00,0,0,0
23/09/2013,00:15,0,0,0
23/09/2013,00:30,0,0,0
23/09/2013,00:45,0,0,0
23/09/2013,01:00,0,0,0
23/09/2013,01:15,2,1,1
23/09/2013,01:30,0,0,0
23/09/2013,01:45,0,0,0
23/09/2013,02:00,0,0,0
23/09/2013,02:15,1,0,1
23/09/2013,02:30,0,0,0
23/09/2013,02:45,1,1,0
23/09/2013,03:00,0,0,0
23/09/2013,03:15,0,0,0
23/09/2013,03:30,1,1,0
23/09/2013,03:45,1,0,1
23/09/2013,04:00,4,3,1
23/09/2013,04:15,2,2,0
23/09/2013,04:30,3,2,1
23/09/2013,04:45,2,1,1
23/09/2013,05:00,5,0,5
23/09/2013,05:15,4,3,1
23/09/2013,05:30,7,4,3
23/09/2013,05:45,7,4,3
23/09/2013,06:00,7,5,2
23/09/2013,06:15,13,7,6
23/09/2013,06:30,12,6,6
23/09/2013,06:45,27,9,18
23/09/2013,07:00,23,8,15
23/09/2013,07:15,32,8,24
23/09/2013,07:30,37,12,25
23/09/2013,07:45,29,7,22
23/09/2013,08:00,31,10,21
23/09/2013,08:15,19,12,7
23/09/2013,08:30,31,11,20
23/09/2013,08:45,23,8,15
23/09/2013,09:00,15,6,9
23/09/2013,09:15,12,5,7
23/09/2013,09:30,11,7,4
23/09/2013,09:45,11,4,7
23/09/2013,10:00,13,9,4
23/09/2013,10:15,9,4,5
23/09/2013,10:30,14,7,7
23/09/2013,10:45,12,8,4
23/09/2013,11:00,12,9,3
23/09/2013,11:15,12,3,9
23/09/2013,11:30,11,5,6
23/09/2013,11:45,12,3,9
23/09/2013,12:00,11,5,6
23/09/2013,12:15,6,3,3
23/09/2013,12:30,10,6,4
23/09/2013,12:45,18,8,10
23/09/2013,13:00,14,9,5
23/09/2013,13:15,16,10,6
23/09/2013,13:30,15,7,8
23/09/2013,13:45,19,14,5
23/09/2013,14:00,15,12,3
23/09/2013,14:15,23,12,11
23/09/2013,14:30,11,6,5
23/09/2013,14:45,21,8,13
23/09/2013,15:00,14,7,7
23/09/2013,15:15,22,12,10
23/09/2013,15:30,19,7,12
23/09/2013,15:45,23,5,18
23/09/2013,16:00,20,13,7
23/09/2013,16:15,38,22,16
23/09/2013,16:30,27,12,15
23/09/2013,16:45,33,18,15
23/09/2013,17:00,29,12,17
23/09/2013,17:15,39,21,18
23/09/2013,17:30,54,30,24
23/09/2013,17:45,54,24,30
23/09/2013,18:00,50,34,16
23/09/2013,18:15,50,26,24
23/09/2013,18:30,55,34,21
23/09/2013,18:45,39,22,17
23/09/2013,19:00,35,17,18
23/09/2013,19:15,29,20,9
23/09/2013,19:30,19,11,8
23/09/2013,19:45,20,8,12
23/09/2013,20:00,13,8,5
23/09/2013,20:15,6,2,4
23/09/2013,20:30,5,2,3
23/09/2013,20:45,3,0,3
23/09/2013,21:00,2,0,2
23/09/2013,21:15,7,4,3
23/09/2013,21:30,3,0,3
23/09/2013,21:45,6,2,4
23/09/2013,22:00,2,2,0
23/09/2013,22:15,5,3,2
23/09/2013,22:30,2,2,0
23/09/2013,22:45,1,0,1
23/09/2013,23:00,2,1,1
23/09/2013,23:15,0,0,0
23/09/2013,23:30,0,0,0
23/09/2013,23:45,1,0,1
24/09/2013,00:00,1,0,1
24/09/2013,00:15,0,0,0
24/09/2013,00:30,0,0,0
24/09/2013,00:45,0,0,0
24/09/2013,01:00,0,0,0
24/09/2013,01:15,2,0,2
24/09/2013,01:30,1,1,0
24/09/2013,01:45,0,0,0
24/09/2013,02:00,0,0,0
24/09/2013,02:15,0,0,0
24/09/2013,02:30,0,0,0
24/09/2013,02:45,0,0,0
24/09/2013,03:00,0,0,0
24/09/2013,03:15,0,0,0
24/09/2013,03:30,1,0,1
24/09/2013,03:45,0,0,0
24/09/2013,04:00,1,1,0
24/09/2013,04:15,3,2,1
24/09/2013,04:30,1,0,1
24/09/2013,04:45,4,3,1
24/09/2013,05:00,1,0,1
24/09/2013,05:15,4,2,2
24/09/2013,05:30,4,2,2
24/09/2013,05:45,11,4,7
24/09/2013,06:00,14,7,7
24/09/2013,06:15,18,9,9
24/09/2013,06:30,14,6,8
24/09/2013,06:45,31,14,17
24/09/2013,07:00,28,9,19
24/09/2013,07:15,33,10,23
24/09/2013,07:30,36,13,23
24/09/2013,07:45,40,13,27
24/09/2013,08:00,31,11,20
24/09/2013,08:15,26,9,17
24/09/2013,08:30,24,11,13
24/09/2013,08:45,28,14,14
24/09/2013,09:00,112,69,43
24/09/2013,09:15,157,91,66
24/09/2013,09:30,109,55,54
24/09/2013,09:45,45,30,15
24/09/2013,10:00,85,39,46
24/09/2013,10:15,96,71,25
24/09/2013,10:30,68,42,26
24/09/2013,10:45,31,23,8
24/09/2013,11:00,60,45,15
24/09/2013,11:15,25,14,11
24/09/2013,11:30,11,8,3
24/09/2013,11:45,20,14,6
24/09/2013,12:00,14,10,4
24/09/2013,12:15,51,35,16
24/09/2013,12:30,37,28,9
24/09/2013,12:45,59,54,5
24/09/2013,13:00,50,42,8
24/09/2013,13:15,32,28,4
24/09/2013,13:30,23,13,10
24/09/2013,13:45,28,14,14
24/09/2013,14:00,19,8,11
24/09/2013,14:15,21,15,6
24/09/2013,14:30,20,11,9
24/09/2013,14:45,22,17,5
24/09/2013,15:00,20,10,10
24/09/2013,15:15,20,9,11
24/09/2013,15:30,22,9,13
24/09/2013,15:45,17,7,10
24/09/2013,16:00,24,6,18
24/09/2013,16:15,38,16,22
24/09/2013,16:30,35,16,19
24/09/2013,16:45,51,22,29
24/09/2013,17:00,46,26,20
24/09/2013,17:15,54,29,25
24/09/2013,17:30,61,34,27
24/09/2013,17:45,73,42,31
24/09/2013,18:00,55,36,19
24/09/2013,18:15,62,35,27
24/09/2013,18:30,62,34,28
24/09/2013,18:45,40,21,19
24/09/2013,19:00,44,18,26
24/09/2013,19:15,44,20,24
24/09/2013,19:30,30,15,15
24/09/2013,19:45,17,10,7
24/09/2013,20:00,8,4,4
24/09/2013,20:15,5,2,3
24/09/2013,20:30,9,8,1
24/09/2013,20:45,6,5,1
24/09/2013,21:00,8,3,5
24/09/2013,21:15,3,2,1
24/09/2013,21:30,2,0,2
24/09/2013,21:45,3,1,2
24/09/2013,22:00,3,3,0
24/09/2013,22:15,1,0,1
24/09/2013,22:30,2,1,1
24/09/2013,22:45,2,2,0
24/09/2013,23:00,2,2,0
24/09/2013,23:15,2,2,0
24/09/2013,23:30,1,1,0
24/09/2013,23:45,0,0,0
25/09/2013,00:00,0,0,0
25/09/2013,00:15,2,1,1
25/09/2013,00:30,0,0,0
25/09/2013,00:45,1,0,1
25/09/2013,01:00,2,1,1
25/09/2013,01:15,2,1,1
25/09/2013,01:30,0,0,0
25/09/2013,01:45,0,0,0
25/09/2013,02:00,0,0,0
25/09/2013,02:15,0,0,0
25/09/2013,02:30,0,0,0
25/09/2013,02:45,0,0,0
25/09/2013,03:00,0,0,0
25/09/2013,03:15,1,1,0
25/09/2013,03:30,0,0,0
25/09/2013,03:45,0,0,0
25/09/2013,04:00,2,1,1
25/09/2013,04:15,0,0,0
25/09/2013,04:30,2,1,1
25/09/2013,04:45,2,2,0
25/09/2013,05:00,0,0,0
25/09/2013,05:15,2,1,1
25/09/2013,05:30,8,5,3
25/09/2013,05:45,16,5,11
25/09/2013,06:00,11,8,3
25/09/2013,06:15,12,4,8
25/09/2013,06:30,13,5,8
25/09/2013,06:45,28,12,16
25/09/2013,07:00,31,12,19
25/09/2013,07:15,37,12,25
25/09/2013,07:30,29,7,22
25/09/2013,07:45,35,11,24
25/09/2013,08:00,33,11,22
25/09/2013,08:15,32,5,27
25/09/2013,08:30,28,8,20
25/09/2013,08:45,23,8,15
25/09/2013,09:00,24,11,13
25/09/2013,09:15,9,6,3
25/09/2013,09:30,23,17,6
25/09/2013,09:45,36,29,7
25/09/2013,10:00,28,23,5
25/09/2013,10:15,28,22,6
25/09/2013,10:30,24,19,5
25/09/2013,10:45,27,22,5
25/09/2013,11:00,25,18,7
25/09/2013,11:15,31,22,9
25/09/2013,11:30,28,20,8
25/09/2013,11:45,40,32,8
25/09/2013,12:00,53,46,7
25/09/2013,12:15,34,28,6
25/09/2013,12:30,27,17,10
25/09/2013,12:45,23,21,2
25/09/2013,13:00,35,22,13
25/09/2013,13:15,47,40,7
25/09/2013,13:30,35,29,6
25/09/2013,13:45,16,11,5
25/09/2013,14:00,32,24,8
25/09/2013,14:15,24,16,8
25/09/2013,14:30,15,9,6
25/09/2013,14:45,21,10,11
25/09/2013,15:00,29,14,15
25/09/2013,15:15,21,14,7
25/09/2013,15:30,18,7,11
25/09/2013,15:45,16,7,9
25/09/2013,16:00,16,7,9
25/09/2013,16:15,15,5,10
25/09/2013,16:30,26,15,11
25/09/2013,16:45,29,12,17
25/09/2013,17:00,38,18,20
25/09/2013,17:15,52,31,21
25/09/2013,17:30,43,19,24
25/09/2013,17:45,44,19,25
25/09/2013,18:00,62,41,21
25/09/2013,18:15,45,20,25
25/09/2013,18:30,46,27,19
25/09/2013,18:45,53,19,34
25/09/2013,19:00,32,18,14
25/09/2013,19:15,19,11,8
25/09/2013,19:30,21,11,10
25/09/2013,19:45,5,2,3
25/09/2013,20:00,7,2,5
25/09/2013,20:15,6,2,4
25/09/2013,20:30,6,5,1
25/09/2013,20:45,1,0,1
25/09/2013,21:00,3,1,2
25/09/2013,21:15,2,0,2
25/09/2013,21:30,4,3,1
25/09/2013,21:45,1,1,0
25/09/2013,22:00,0,0,0
25/09/2013,22:15,2,1,1
25/09/2013,22:30,1,0,1
25/09/2013,22:45,2,2,0
25/09/2013,23:00,3,0,3
25/09/2013,23:15,0,0,0
25/09/2013,23:30,4,2,2
25/09/2013,23:45,0,0,0
26/09/2013,00:00,1,0,1
26/09/2013,00:15,0,0,0
26/09/2013,00:30,3,2,1
26/09/2013,00:45,0,0,0
26/09/2013,01:00,0,0,0
26/09/2013,01:15,0,0,0
26/09/2013,01:30,3,1,2
26/09/2013,01:45,0,0,0
26/09/2013,02:00,0,0,0
26/09/2013,02:15,1,1,0
26/09/2013,02:30,1,1,0
26/09/2013,02:45,0,0,0
26/09/2013,03:00,1,1,0
26/09/2013,03:15,0,0,0
26/09/2013,03:30,1,1,0
26/09/2013,03:45,1,1,0
26/09/2013,04:00,1,1,0
26/09/2013,04:15,1,1,0
26/09/2013,04:30,2,1,1
26/09/2013,04:45,3,3,0
26/09/2013,05:00,3,0,3
26/09/2013,05:15,1,1,0
26/09/2013,05:30,3,1,2
26/09/2013,05:45,6,2,4
26/09/2013,06:00,17,6,11
26/09/2013,06:15,15,7,8
26/09/2013,06:30,13,8,5
26/09/2013,06:45,26,9,17
26/09/2013,07:00,27,7,20
26/09/2013,07:15,35,9,26
26/09/2013,07:30,29,15,14
26/09/2013,07:45,29,5,24
26/09/2013,08:00,27,14,13
26/09/2013,08:15,22,5,17
26/09/2013,08:30,25,11,14
26/09/2013,08:45,27,11,16
26/09/2013,09:00,19,10,9
26/09/2013,09:15,13,5,8
26/09/2013,09:30,14,6,8
26/09/2013,09:45,9,4,5
26/09/2013,10:00,9,5,4
26/09/2013,10:15,9,4,5
26/09/2013,10:30,16,11,5
26/09/2013,10:45,7,3,4
26/09/2013,11:00,9,4,5
26/09/2013,11:15,12,3,9
26/09/2013,11:30,14,4,10
26/09/2013,11:45,24,9,15
26/09/2013,12:00,11,5,6
26/09/2013,12:15,19,10,9
26/09/2013,12:30,30,25,5
26/09/2013,12:45,42,34,8
26/09/2013,13:00,27,19,8
26/09/2013,13:15,33,26,7
26/09/2013,13:30,28,25,3
26/09/2013,13:45,32,22,10
26/09/2013,14:00,34,21,13
26/09/2013,14:15,20,12,8
26/09/2013,14:30,20,7,13
26/09/2013,14:45,16,11,5
26/09/2013,15:00,17,5,12
26/09/2013,15:15,24,9,15
26/09/2013,15:30,21,7,14
26/09/2013,15:45,27,12,15
26/09/2013,16:00,18,11,7
26/09/2013,16:15,21,11,10
26/09/2013,16:30,29,10,19
26/09/2013,16:45,53,25,28
26/09/2013,17:00,35,24,11
26/09/2013,17:15,40,15,25
26/09/2013,17:30,42,21,21
26/09/2013,17:45,51,24,27
26/09/2013,18:00,44,29,15
26/09/2013,18:15,59,28,31
26/09/2013,18:30,63,36,27
26/09/2013,18:45,41,22,19
26/09/2013,19:00,37,17,20
26/09/2013,19:15,35,17,18
26/09/2013,19:30,26,17,9
26/09/2013,19:45,14,9,5
26/09/2013,20:00,6,3,3
26/09/2013,20:15,14,8,6
26/09/2013,20:30,8,6,2
26/09/2013,20:45,6,5,1
26/09/2013,21:00,3,2,1
26/09/2013,21:15,3,1,2
26/09/2013,21:30,3,3,0
26/09/2013,21:45,5,3,2
26/09/2013,22:00,4,0,4
26/09/2013,22:15,7,6,1
26/09/2013,22:30,2,2,0
26/09/2013,22:45,1,0,1
26/09/2013,23:00,1,1,0
26/09/2013,23:15,0,0,0
26/09/2013,23:30,1,1,0
26/09/2013,23:45,2,2,0
27/09/2013,00:00,1,1,0
27/09/2013,00:15,3,0,3
27/09/2013,00:30,0,0,0
27/09/2013,00:45,1,0,1
27/09/2013,01:00,0,0,0
27/09/2013,01:15,1,0,1
27/09/2013,01:30,0,0,0
27/09/2013,01:45,0,0,0
27/09/2013,02:00,0,0,0
27/09/2013,02:15,0,0,0
27/09/2013,02:30,0,0,0
27/09/2013,02:45,0,0,0
27/09/2013,03:00,0,0,0
27/09/2013,03:15,0,0,0
27/09/2013,03:30,0,0,0
27/09/2013,03:45,1,1,0
27/09/2013,04:00,0,0,0
27/09/2013,04:15,1,1,0
27/09/2013,04:30,1,0,1
27/09/2013,04:45,2,1,1
27/09/2013,05:00,1,0,1
27/09/2013,05:15,3,0,3
27/09/2013,05:30,9,6,3
27/09/2013,05:45,6,1,5
27/09/2013,06:00,23,11,12
27/09/2013,06:15,8,5,3
27/09/2013,06:30,23,12,11
27/09/2013,06:45,20,7,13
27/09/2013,07:00,30,7,23
27/09/2013,07:15,22,5,17
27/09/2013,07:30,34,15,19
27/09/2013,07:45,29,10,19
27/09/2013,08:00,35,12,23
27/09/2013,08:15,29,10,19
27/09/2013,08:30,27,9,18
27/09/2013,08:45,18,9,9
27/09/2013,09:00,21,10,11
27/09/2013,09:15,11,2,9
27/09/2013,09:30,11,5,6
27/09/2013,09:45,14,10,4
27/09/2013,10:00,14,5,9
27/09/2013,10:15,5,1,4
27/09/2013,10:30,20,11,9
27/09/2013,10:45,8,3,5
27/09/2013,11:00,17,12,5
27/09/2013,11:15,8,3,5
27/09/2013,11:30,15,6,9
27/09/2013,11:45,20,4,16
27/09/2013,12:00,17,8,9
27/09/2013,12:15,18,6,12
27/09/2013,12:30,18,14,4
27/09/2013,12:45,13,7,6
27/09/2013,13:00,16,9,7
27/09/2013,13:15,8,1,7
27/09/2013,13:30,13,8,5
27/09/2013,13:45,9,2,7
27/09/2013,14:00,15,5,10
27/09/2013,14:15,11,4,7
27/09/2013,14:30,21,10,11
27/09/2013,14:45,17,8,9
27/09/2013,15:00,20,11,9
27/09/2013,15:15,16,7,9
27/09/2013,15:30,19,8,11
27/09/2013,15:45,20,5,15
27/09/2013,16:00,39,19,20
27/09/2013,16:15,26,11,15
27/09/2013,16:30,22,8,14
27/09/2013,16:45,36,20,16
27/09/2013,17:00,31,16,15
27/09/2013,17:15,27,13,14
27/09/2013,17:30,35,21,14
27/09/2013,17:45,40,23,17
27/09/2013,18:00,49,27,22
27/09/2013,18:15,43,25,18
27/09/2013,18:30,42,18,24
27/09/2013,18:45,29,16,13
27/09/2013,19:00,25,13,12
27/09/2013,19:15,7,5,2
27/09/2013,19:30,12,8,4
27/09/2013,19:45,9,4,5
27/09/2013,20:00,2,2,0
27/09/2013,20:15,3,3,0
27/09/2013,20:30,2,1,1
27/09/2013,20:45,8,4,4
27/09/2013,21:00,2,0,2
27/09/2013,21:15,1,0,1
27/09/2013,21:30,3,1,2
27/09/2013,21:45,1,0,1
27/09/2013,22:00,1,0,1
27/09/2013,22:15,3,2,1
27/09/2013,22:30,5,4,1
27/09/2013,22:45,1,1,0
27/09/2013,23:00,1,1,0
27/09/2013,23:15,2,0,2
27/09/2013,23:30,3,2,1
27/09/2013,23:45,0,0,0
28/09/2013,00:00,2,1,1
28/09/2013,00:15,2,1,1
28/09/2013,00:30,4,1,3
28/09/2013,00:45,0,0,0
28/09/2013,01:00,1,1,0
28/09/2013,01:15,0,0,0
28/09/2013,01:30,4,3,1
28/09/2013,01:45,0,0,0
28/09/2013,02:00,1,1,0
28/09/2013,02:15,1,0,1
28/09/2013,02:30,1,1,0
28/09/2013,02:45,0,0,0
28/09/2013,03:00,0,0,0
28/09/2013,03:15,0,0,0
28/09/2013,03:30,0,0,0
28/09/2013,03:45,0,0,0
28/09/2013,04:00,2,2,0
28/09/2013,04:15,0,0,0
28/09/2013,04:30,1,0,1
28/09/2013,04:45,0,0,0
28/09/2013,05:00,0,0,0
28/09/2013,05:15,4,2,2
28/09/2013,05:30,3,3,0
28/09/2013,05:45,4,2,2
28/09/2013,06:00,3,1,2
28/09/2013,06:15,4,2,2
28/09/2013,06:30,8,3,5
28/09/2013,06:45,9,7,2
28/09/2013,07:00,9,6,3
28/09/2013,07:15,9,3,6
28/09/2013,07:30,21,11,10
28/09/2013,07:45,29,12,17
28/09/2013,08:00,23,11,12
28/09/2013,08:15,36,23,13
28/09/2013,08:30,29,24,5
28/09/2013,08:45,44,22,22
28/09/2013,09:00,33,20,13
28/09/2013,09:15,61,39,22
28/09/2013,09:30,43,26,17
28/09/2013,09:45,66,37,29
28/09/2013,10:00,82,55,27
28/09/2013,10:15,79,57,22
28/09/2013,10:30,70,46,24
28/09/2013,10:45,75,47,28
28/09/2013,11:00,58,31,27
28/09/2013,11:15,66,35,31
28/09/2013,11:30,54,31,23
28/09/2013,11:45,45,21,24
28/09/2013,12:00,61,27,34
28/09/2013,12:15,51,30,21
28/09/2013,12:30,38,22,16
28/09/2013,12:45,53,25,28
28/09/2013,13:00,29,16,13
28/09/2013,13:15,29,10,19
28/09/2013,13:30,39,19,20
28/09/2013,13:45,40,14,26
28/09/2013,14:00,39,19,20
28/09/2013,14:15,40,14,26
28/09/2013,14:30,32,17,15
28/09/2013,14:45,52,18,34
28/09/2013,15:00,33,16,17
28/09/2013,15:15,35,22,13
28/09/2013,15:30,31,18,13
28/09/2013,15:45,26,8,18
28/09/2013,16:00,22,9,13
28/09/2013,16:15,30,13,17
28/09/2013,16:30,23,12,11
28/09/2013,16:45,24,6,18
28/09/2013,17:00,34,17,17
28/09/2013,17:15,24,9,15
28/09/2013,17:30,19,9,10
28/09/2013,17:45,17,6,11
28/09/2013,18:00,13,4,9
28/09/2013,18:15,11,4,7
28/09/2013,18:30,17,6,11
28/09/2013,18:45,18,5,13
28/09/2013,19:00,8,4,4
28/09/2013,19:15,4,3,1
28/09/2013,19:30,11,4,7
28/09/2013,19:45,5,2,3
28/09/2013,20:00,6,4,2
28/09/2013,20:15,5,3,2
28/09/2013,20:30,0,0,0
28/09/2013,20:45,2,1,1
28/09/2013,21:00,1,0,1
28/09/2013,21:15,2,1,1
28/09/2013,21:30,0,0,0
28/09/2013,21:45,4,4,0
28/09/2013,22:00,2,0,2
28/09/2013,22:15,1,1,0
28/09/2013,22:30,2,0,2
28/09/2013,22:45,1,0,1
28/09/2013,23:00,1,1,0
28/09/2013,23:15,3,3,0
28/09/2013,23:30,1,1,0
28/09/2013,23:45,1,1,0
29/09/2013,00:00,5,1,4
29/09/2013,00:15,0,0,0
29/09/2013,00:30,0,0,0
29/09/2013,00:45,1,1,0
29/09/2013,01:00,0,0,0
29/09/2013,01:15,0,0,0
29/09/2013,01:30,0,0,0
29/09/2013,01:45,2,0,2
29/09/2013,02:00,0,0,0
29/09/2013,02:15,0,0,0
29/09/2013,02:30,0,0,0
29/09/2013,02:45,0,0,0
29/09/2013,03:00,0,0,0
29/09/2013,03:15,0,0,0
29/09/2013,03:30,0,0,0
29/09/2013,03:45,0,0,0
29/09/2013,04:00,1,0,1
29/09/2013,04:15,0,0,0
29/09/2013,04:30,0,0,0
29/09/2013,04:45,0,0,0
29/09/2013,05:00,1,0,1
29/09/2013,05:15,2,1,1
29/09/2013,05:30,1,1,0
29/09/2013,05:45,6,3,3
29/09/2013,06:00,0,0,0
29/09/2013,06:15,7,5,2
29/09/2013,06:30,4,4,0
29/09/2013,06:45,9,4,5
29/09/2013,07:00,3,2,1
29/09/2013,07:15,8,3,5
29/09/2013,07:30,14,6,8
29/09/2013,07:45,24,14,10
29/09/2013,08:00,12,5,7
29/09/2013,08:15,25,8,17
29/09/2013,08:30,28,12,16
29/09/2013,08:45,24,9,15
29/09/2013,09:00,34,17,17
29/09/2013,09:15,32,16,16
29/09/2013,09:30,62,41,21
29/09/2013,09:45,44,26,18
29/09/2013,10:00,31,16,15
29/09/2013,10:15,37,17,20
29/09/2013,10:30,40,20,20
29/09/2013,10:45,45,14,31
29/09/2013,11:00,43,20,23
29/09/2013,11:15,53,32,21
29/09/2013,11:30,43,14,29
29/09/2013,11:45,57,21,36
29/09/2013,12:00,46,28,18
29/09/2013,12:15,48,25,23
29/09/2013,12:30,51,26,25
29/09/2013,12:45,62,32,30
29/09/2013,13:00,60,27,33
29/09/2013,13:15,46,21,25
29/09/2013,13:30,57,21,36
29/09/2013,13:45,49,30,19
29/09/2013,14:00,63,32,31
29/09/2013,14:15,46,25,21
29/09/2013,14:30,50,22,28
29/09/2013,14:45,43,15,28
29/09/2013,15:00,67,28,39
29/09/2013,15:15,57,19,38
29/09/2013,15:30,43,10,33
29/09/2013,15:45,44,21,23
29/09/2013,16:00,41,22,19
29/09/2013,16:15,46,21,25
29/09/2013,16:30,39,10,29
29/09/2013,16:45,39,18,21
29/09/2013,17:00,36,18,18
29/09/2013,17:15,37,24,13
29/09/2013,17:30,31,18,13
29/09/2013,17:45,45,23,22
29/09/2013,18:00,30,16,14
29/09/2013,18:15,27,7,20
29/09/2013,18:30,27,12,15
29/09/2013,18:45,11,7,4
29/09/2013,19:00,22,10,12
29/09/2013,19:15,7,4,3
29/09/2013,19:30,10,6,4
29/09/2013,19:45,7,3,4
29/09/2013,20:00,3,2,1
29/09/2013,20:15,7,0,7
29/09/2013,20:30,5,2,3
29/09/2013,20:45,2,0,2
29/09/2013,21:00,7,6,1
29/09/2013,21:15,6,1,5
29/09/2013,21:30,1,1,0
29/09/2013,21:45,1,0,1
29/09/2013,22:00,1,0,1
29/09/2013,22:15,2,0,2
29/09/2013,22:30,2,2,0
29/09/2013,22:45,0,0,0
29/09/2013,23:00,1,1,0
29/09/2013,23:15,1,0,1
29/09/2013,23:30,0,0,0
29/09/2013,23:45,1,1,0
30/09/2013,00:00,1,0,1
30/09/2013,00:15,1,1,0
30/09/2013,00:30,0,0,0
30/09/2013,00:45,0,0,0
30/09/2013,01:00,0,0,0
30/09/2013,01:15,0,0,0
30/09/2013,01:30,1,0,1
30/09/2013,01:45,0,0,0
30/09/2013,02:00,0,0,0
30/09/2013,02:15,0,0,0
30/09/2013,02:30,0,0,0
30/09/2013,02:45,1,1,0
30/09/2013,03:00,1,1,0
30/09/2013,03:15,0,0,0
30/09/2013,03:30,0,0,0
30/09/2013,03:45,0,0,0
30/09/2013,04:00,2,2,0
30/09/2013,04:15,1,1,0
30/09/2013,04:30,1,0,1
30/09/2013,04:45,1,0,1
30/09/2013,05:00,3,2,1
30/09/2013,05:15,2,1,1
30/09/2013,05:30,9,5,4
30/09/2013,05:45,6,3,3
30/09/2013,06:00,11,5,6
30/09/2013,06:15,13,8,5
30/09/2013,06:30,13,7,6
30/09/2013,06:45,15,5,10
30/09/2013,07:00,22,8,14
30/09/2013,07:15,23,5,18
30/09/2013,07:30,31,9,22
30/09/2013,07:45,33,10,23
30/09/2013,08:00,31,8,23
30/09/2013,08:15,20,7,13
30/09/2013,08:30,22,8,14
30/09/2013,08:45,25,11,14
30/09/2013,09:00,20,11,9
30/09/2013,09:15,8,2,6
30/09/2013,09:30,14,8,6
30/09/2013,09:45,16,13,3
30/09/2013,10:00,30,23,7
30/09/2013,10:15,30,19,11
30/09/2013,10:30,29,22,7
30/09/2013,10:45,31,26,5
30/09/2013,11:00,16,11,5
30/09/2013,11:15,28,27,1
30/09/2013,11:30,51,37,14
30/09/2013,11:45,38,28,10
30/09/2013,12:00,29,21,8
30/09/2013,12:15,15,9,6
30/09/2013,12:30,32,23,9
30/09/2013,12:45,30,25,5
30/09/2013,13:00,29,19,10
30/09/2013,13:15,25,12,13
30/09/2013,13:30,21,11,10
30/09/2013,13:45,22,14,8
30/09/2013,14:00,33,22,11
30/09/2013,14:15,32,18,14
30/09/2013,14:30,30,21,9
30/09/2013,14:45,14,9,5
30/09/2013,15:00,18,11,7
30/09/2013,15:15,11,6,5
30/09/2013,15:30,16,9,7
30/09/2013,15:45,11,3,8
30/09/2013,16:00,17,7,10
30/09/2013,16:15,23,10,13
30/09/2013,16:30,35,10,25
30/09/2013,16:45,43,17,26
30/09/2013,17:00,50,23,27
30/09/2013,17:15,36,20,16
30/09/2013,17:30,43,16,27
30/09/2013,17:45,55,24,31
30/09/2013,18:00,68,31,37
30/09/2013,18:15,50,27,23
30/09/2013,18:30,45,25,20
30/09/2013,18:45,53,30,23
30/09/2013,19:00,25,16,9
30/09/2013,19:15,19,12,7
30/09/2013,19:30,21,12,9
30/09/2013,19:45,15,6,9
30/09/2013,20:00,5,2,3
30/09/2013,20:15,6,5,1
30/09/2013,20:30,2,2,0
30/09/2013,20:45,10,6,4
30/09/2013,21:00,7,3,4
30/09/2013,21:15,6,2,4
30/09/2013,21:30,1,0,1
30/09/2013,21:45,1,1,0
30/09/2013,22:00,0,0,0
30/09/2013,22:15,3,1,2
30/09/2013,22:30,1,1,0
30/09/2013,22:45,3,2,1
30/09/2013,23:00,2,1,1
30/09/2013,23:15,2,1,1
30/09/2013,23:30,0,0,0
30/09/2013,23:45,1,0,1
01/10/2013,00:00,6,4,2
01/10/2013,00:15,0,0,0
01/10/2013,00:30,1,0,1
01/10/2013,00:45,0,0,0
01/10/2013,01:00,0,0,0
01/10/2013,01:15,1,0,1
01/10/2013,01:30,0,0,0
01/10/2013,01:45,0,0,0
01/10/2013,02:00,0,0,0
01/10/2013,02:15,0,0,0
01/10/2013,02:30,0,0,0
01/10/2013,02:45,0,0,0
01/10/2013,03:00,0,0,0
01/10/2013,03:15,0,0,0
01/10/2013,03:30,0,0,0
01/10/2013,03:45,1,1,0
01/10/2013,04:00,0,0,0
01/10/2013,04:15,2,2,0
01/10/2013,04:30,3,3,0
01/10/2013,04:45,1,0,1
01/10/2013,05:00,3,1,2
01/10/2013,05:15,3,2,1
01/10/2013,05:30,7,4,3
01/10/2013,05:45,14,7,7
01/10/2013,06:00,12,6,6
01/10/2013,06:15,12,6,6
01/10/2013,06:30,14,7,7
01/10/2013,06:45,18,5,13
01/10/2013,07:00,36,14,22
01/10/2013,07:15,24,7,17
01/10/2013,07:30,34,11,23
01/10/2013,07:45,48,12,36
01/10/2013,08:00,40,15,25
01/10/2013,08:15,33,11,22
01/10/2013,08:30,29,14,15
01/10/2013,08:45,18,10,8
01/10/2013,09:00,29,8,21
01/10/2013,09:15,19,7,12
01/10/2013,09:30,13,6,7
01/10/2013,09:45,15,5,10
01/10/2013,10:00,12,9,3
01/10/2013,10:15,10,2,8
01/10/2013,10:30,18,10,8
01/10/2013,10:45,25,12,13
01/10/2013,11:00,20,9,11
01/10/2013,11:15,28,14,14
01/10/2013,11:30,27,15,12
01/10/2013,11:45,32,16,16
01/10/2013,12:00,52,37,15
01/10/2013,12:15,49,28,21
01/10/2013,12:30,82,45,37
01/10/2013,12:45,83,49,34
01/10/2013,13:00,52,29,23
01/10/2013,13:15,39,17,22
01/10/2013,13:30,36,26,10
01/10/2013,13:45,35,18,17
01/10/2013,14:00,27,11,16
01/10/2013,14:15,21,9,12
01/10/2013,14:30,25,9,16
01/10/2013,14:45,28,12,16
01/10/2013,15:00,31,10,21
01/10/2013,15:15,27,11,16
01/10/2013,15:30,29,5,24
01/10/2013,15:45,17,3,14
01/10/2013,16:00,36,13,23
01/10/2013,16:15,32,11,21
01/10/2013,16:30,35,12,23
01/10/2013,16:45,47,21,26
01/10/2013,17:00,42,18,24
01/10/2013,17:15,45,11,34
01/10/2013,17:30,42,18,24
01/10/2013,17:45,65,29,36
01/10/2013,18:00,67,30,37
01/10/2013,18:15,71,37,34
01/10/2013,18:30,46,23,23
01/10/2013,18:45,51,27,24
01/10/2013,19:00,36,18,18
01/10/2013,19:15,30,17,13
01/10/2013,19:30,12,5,7
01/10/2013,19:45,11,4,7
01/10/2013,20:00,11,7,4
01/10/2013,20:15,9,5,4
01/10/2013,20:30,8,4,4
01/10/2013,20:45,4,1,3
01/10/2013,21:00,1,0,1
01/10/2013,21:15,4,1,3
01/10/2013,21:30,5,2,3
01/10/2013,21:45,2,1,1
01/10/2013,22:00,3,1,2
01/10/2013,22:15,1,1,0
01/10/2013,22:30,5,2,3
01/10/2013,22:45,3,1,2
01/10/2013,23:00,0,0,0
01/10/2013,23:15,1,1,0
01/10/2013,23:30,0,0,0
01/10/2013,23:45,1,1,0
02/10/2013,00:00,4,0,4
02/10/2013,00:15,0,0,0
02/10/2013,00:30,0,0,0
02/10/2013,00:45,0,0,0
02/10/2013,01:00,1,1,0
02/10/2013,01:15,1,0,1
02/10/2013,01:30,0,0,0
02/10/2013,01:45,0,0,0
02/10/2013,02:00,0,0,0
02/10/2013,02:15,0,0,0
02/10/2013,02:30,0,0,0
02/10/2013,02:45,1,0,1
02/10/2013,03:00,1,0,1
02/10/2013,03:15,1,0,1
02/10/2013,03:30,0,0,0
02/10/2013,03:45,2,2,0
02/10/2013,04:00,2,1,1
02/10/2013,04:15,3,3,0
02/10/2013,04:30,2,1,1
02/10/2013,04:45,0,0,0
02/10/2013,05:00,2,1,1
02/10/2013,05:15,1,0,1
02/10/2013,05:30,9,4,5
02/10/2013,05:45,18,8,10
02/10/2013,06:00,6,4,2
02/10/2013,06:15,13,2,11
02/10/2013,06:30,23,13,10
02/10/2013,06:45,26,5,21
02/10/2013,07:00,23,9,14
02/10/2013,07:15,34,10,24
02/10/2013,07:30,19,5,14
02/10/2013,07:45,39,11,28
02/10/2013,08:00,28,8,20
02/10/2013,08:15,34,14,20
02/10/2013,08:30,24,7,17
02/10/2013,08:45,29,9,20
02/10/2013,09:00,15,6,9
02/10/2013,09:15,18,8,10
02/10/2013,09:30,20,15,5
02/10/2013,09:45,20,9,11
02/10/2013,10:00,32,16,16
02/10/2013,10:15,27,16,11
02/10/2013,10:30,19,5,14
02/10/2013,10:45,29,17,12
02/10/2013,11:00,26,13,13
02/10/2013,11:15,47,28,19
02/10/2013,11:30,77,39,38
02/10/2013,11:45,53,37,16
02/10/2013,12:00,35,23,12
02/10/2013,12:15,35,22,13
02/10/2013,12:30,26,13,13
02/10/2013,12:45,24,10,14
02/10/2013,13:00,21,14,7
02/10/2013,13:15,31,18,13
02/10/2013,13:30,23,9,14
02/10/2013,13:45,28,14,14
02/10/2013,14:00,34,10,24
02/10/2013,14:15,26,13,13
02/10/2013,14:30,28,12,16
02/10/2013,14:45,32,15,17
02/10/2013,15:00,29,14,15
02/10/2013,15:15,25,8,17
02/10/2013,15:30,31,8,23
02/10/2013,15:45,36,17,19
02/10/2013,16:00,23,8,15
02/10/2013,16:15,35,18,17
02/10/2013,16:30,43,15,28
02/10/2013,16:45,34,22,12
02/10/2013,17:00,33,16,17
02/10/2013,17:15,66,31,35
02/10/2013,17:30,42,12,30
02/10/2013,17:45,55,35,20
02/10/2013,18:00,62,28,34
02/10/2013,18:15,58,29,29
02/10/2013,18:30,53,20,33
02/10/2013,18:45,51,22,29
02/10/2013,19:00,42,18,24
02/10/2013,19:15,28,18,10
02/10/2013,19:30,17,6,11
02/10/2013,19:45,17,8,9
02/10/2013,20:00,7,4,3
02/10/2013,20:15,13,5,8
02/10/2013,20:30,7,3,4
02/10/2013,20:45,5,2,3
02/10/2013,21:00,2,1,1
02/10/2013,21:15,4,2,2
02/10/2013,21:30,1,1,0
02/10/2013,21:45,5,2,3
02/10/2013,22:00,4,3,1
02/10/2013,22:15,2,2,0
02/10/2013,22:30,3,2,1
02/10/2013,22:45,3,1,2
02/10/2013,23:00,1,0,1
02/10/2013,23:15,3,1,2
02/10/2013,23:30,3,3,0
02/10/2013,23:45,0,0,0
03/10/2013,00:00,1,0,1
03/10/2013,00:15,1,0,1
03/10/2013,00:30,1,0,1
03/10/2013,00:45,0,0,0
03/10/2013,01:00,0,0,0
03/10/2013,01:15,0,0,0
03/10/2013,01:30,0,0,0
03/10/2013,01:45,1,1,0
03/10/2013,02:00,1,1,0
03/10/2013,02:15,0,0,0
03/10/2013,02:30,0,0,0
03/10/2013,02:45,0,0,0
03/10/2013,03:00,0,0,0
03/10/2013,03:15,1,0,1
03/10/2013,03:30,0,0,0
03/10/2013,03:45,0,0,0
03/10/2013,04:00,0,0,0
03/10/2013,04:15,0,0,0
03/10/2013,04:30,2,1,1
03/10/2013,04:45,4,3,1
03/10/2013,05:00,6,1,5
03/10/2013,05:15,3,2,1
03/10/2013,05:30,12,7,5
03/10/2013,05:45,10,5,5
03/10/2013,06:00,16,8,8
03/10/2013,06:15,12,5,7
03/10/2013,06:30,14,3,11
03/10/2013,06:45,28,12,16
03/10/2013,07:00,27,9,18
03/10/2013,07:15,24,6,18
03/10/2013,07:30,43,17,26
03/10/2013,07:45,37,11,26
03/10/2013,08:00,24,9,15
03/10/2013,08:15,36,17,19
03/10/2013,08:30,23,6,17
03/10/2013,08:45,27,11,16
03/10/2013,09:00,18,6,12
03/10/2013,09:15,23,9,14
03/10/2013,09:30,22,13,9
03/10/2013,09:45,22,8,14
03/10/2013,10:00,27,11,16
03/10/2013,10:15,35,10,25
03/10/2013,10:30,26,9,17
03/10/2013,10:45,27,14,13
03/10/2013,11:00,20,6,14
03/10/2013,11:15,27,11,16
03/10/2013,11:30,27,11,16
03/10/2013,11:45,35,16,19
03/10/2013,12:00,19,8,11
03/10/2013,12:15,30,13,17
03/10/2013,12:30,25,12,13
03/10/2013,12:45,17,8,9
03/10/2013,13:00,24,12,12
03/10/2013,13:15,14,7,7
03/10/2013,13:30,26,9,17
03/10/2013,13:45,18,3,15
03/10/2013,14:00,21,9,12
03/10/2013,14:15,13,9,4
03/10/2013,14:30,19,8,11
03/10/2013,14:45,21,15,6
03/10/2013,15:00,19,5,14
03/10/2013,15:15,16,5,11
03/10/2013,15:30,21,9,12
03/10/2013,15:45,35,14,21
03/10/2013,16:00,28,8,20
03/10/2013,16:15,32,14,18
03/10/2013,16:30,42,13,29
03/10/2013,16:45,31,15,16
03/10/2013,17:00,39,20,19
03/10/2013,17:15,38,18,20
03/10/2013,17:30,49,27,22
03/10/2013,17:45,42,16,26
03/10/2013,18:00,54,30,24
03/10/2013,18:15,70,33,37
03/10/2013,18:30,49,23,26
03/10/2013,18:45,37,17,20
03/10/2013,19:00,43,20,23
03/10/2013,19:15,35,20,15
03/10/2013,19:30,19,9,10
03/10/2013,19:45,15,10,5
03/10/2013,20:00,20,11,9
03/10/2013,20:15,5,4,1
03/10/2013,20:30,6,4,2
03/10/2013,20:45,7,3,4
03/10/2013,21:00,5,2,3
03/10/2013,21:15,5,2,3
03/10/2013,21:30,2,1,1
03/10/2013,21:45,3,2,1
03/10/2013,22:00,2,0,2
03/10/2013,22:15,3,2,1
03/10/2013,22:30,4,2,2
03/10/2013,22:45,3,0,3
03/10/2013,23:00,0,0,0
03/10/2013,23:15,0,0,0
03/10/2013,23:30,3,3,0
03/10/2013,23:45,2,2,0
04/10/2013,00:00,3,2,1
04/10/2013,00:15,1,0,1
04/10/2013,00:30,0,0,0
04/10/2013,00:45,0,0,0
04/10/2013,01:00,0,0,0
04/10/2013,01:15,1,1,0
04/10/2013,01:30,0,0,0
04/10/2013,01:45,1,0,1
04/10/2013,02:00,0,0,0
04/10/2013,02:15,3,1,2
04/10/2013,02:30,0,0,0
04/10/2013,02:45,0,0,0
04/10/2013,03:00,0,0,0
04/10/2013,03:15,0,0,0
04/10/2013,03:30,0,0,0
04/10/2013,03:45,0,0,0
04/10/2013,04:00,2,2,0
04/10/2013,04:15,0,0,0
04/10/2013,04:30,2,1,1
04/10/2013,04:45,4,3,1
04/10/2013,05:00,4,2,2
04/10/2013,05:15,0,0,0
04/10/2013,05:30,9,6,3
04/10/2013,05:45,13,7,6
04/10/2013,06:00,10,3,7
04/10/2013,06:15,11,5,6
04/10/2013,06:30,18,6,12
04/10/2013,06:45,23,8,15
04/10/2013,07:00,19,4,15
04/10/2013,07:15,24,8,16
04/10/2013,07:30,32,12,20
04/10/2013,07:45,28,9,19
04/10/2013,08:00,32,18,14
04/10/2013,08:15,32,12,20
04/10/2013,08:30,25,6,19
04/10/2013,08:45,31,11,20
04/10/2013,09:00,12,2,10
04/10/2013,09:15,17,10,7
04/10/2013,09:30,19,5,14
04/10/2013,09:45,18,10,8
04/10/2013,10:00,20,7,13
04/10/2013,10:15,27,11,16
04/10/2013,10:30,21,8,13
04/10/2013,10:45,22,8,14
04/10/2013,11:00,48,19,29
04/10/2013,11:15,26,9,17
04/10/2013,11:30,23,14,9
04/10/2013,11:45,17,5,12
04/10/2013,12:00,42,24,18
04/10/2013,12:15,31,17,14
04/10/2013,12:30,29,23,6
04/10/2013,12:45,30,21,9
04/10/2013,13:00,25,21,4
04/10/2013,13:15,49,37,12
04/10/2013,13:30,36,21,15
04/10/2013,13:45,54,28,26
04/10/2013,14:00,40,29,11
04/10/2013,14:15,29,17,12
04/10/2013,14:30,22,10,12
04/10/2013,14:45,24,10,14
04/10/2013,15:00,21,9,12
04/10/2013,15:15,23,11,12
04/10/2013,15:30,32,11,21
04/10/2013,15:45,29,12,17
04/10/2013,16:00,31,12,19
04/10/2013,16:15,32,20,12
04/10/2013,16:30,31,14,17
04/10/2013,16:45,31,15,16
04/10/2013,17:00,31,13,18
04/10/2013,17:15,36,21,15
04/10/2013,17:30,52,28,24
04/10/2013,17:45,26,15,11
04/10/2013,18:00,36,28,8
04/10/2013,18:15,30,22,8
04/10/2013,18:30,50,37,13
04/10/2013,18:45,32,20,12
04/10/2013,19:00,32,18,14
04/10/2013,19:15,14,7,7
04/10/2013,19:30,13,8,5
04/10/2013,19:45,6,4,2
04/10/2013,20:00,8,2,6
04/10/2013,20:15,2,1,1
04/10/2013,20:30,3,1,2
04/10/2013,20:45,6,3,3
04/10/2013,21:00,3,1,2
04/10/2013,21:15,1,1,0
04/10/2013,21:30,5,4,1
04/10/2013,21:45,6,1,5
04/10/2013,22:00,0,0,0
04/10/2013,22:15,3,2,1
04/10/2013,22:30,3,2,1
04/10/2013,22:45,3,1,2
04/10/2013,23:00,1,1,0
04/10/2013,23:15,0,0,0
04/10/2013,23:30,1,0,1
04/10/2013,23:45,1,1,0
05/10/2013,00:00,3,0,3
05/10/2013,00:15,2,1,1
05/10/2013,00:30,0,0,0
05/10/2013,00:45,1,1,0
05/10/2013,01:00,0,0,0
05/10/2013,01:15,0,0,0
05/10/2013,01:30,1,1,0
05/10/2013,01:45,0,0,0
05/10/2013,02:00,0,0,0
05/10/2013,02:15,0,0,0
05/10/2013,02:30,0,0,0
05/10/2013,02:45,1,1,0
05/10/2013,03:00,0,0,0
05/10/2013,03:15,0,0,0
05/10/2013,03:30,0,0,0
05/10/2013,03:45,1,1,0
05/10/2013,04:00,0,0,0
05/10/2013,04:15,3,2,1
05/10/2013,04:30,0,0,0
05/10/2013,04:45,3,3,0
05/10/2013,05:00,1,1,0
05/10/2013,05:15,1,0,1
05/10/2013,05:30,5,3,2
05/10/2013,05:45,5,4,1
05/10/2013,06:00,3,2,1
05/10/2013,06:15,3,1,2
05/10/2013,06:30,7,6,1
05/10/2013,06:45,12,8,4
05/10/2013,07:00,10,6,4
05/10/2013,07:15,20,9,11
05/10/2013,07:30,27,14,13
05/10/2013,07:45,55,24,31
05/10/2013,08:00,62,29,33
05/10/2013,08:15,34,14,20
05/10/2013,08:30,85,44,41
05/10/2013,08:45,127,75,52
05/10/2013,09:00,46,24,22
05/10/2013,09:15,53,22,31
05/10/2013,09:30,48,16,32
05/10/2013,09:45,40,11,29
05/10/2013,10:00,79,40,39
05/10/2013,10:15,62,17,45
05/10/2013,10:30,59,33,26
05/10/2013,10:45,86,43,43
05/10/2013,11:00,83,52,31
05/10/2013,11:15,81,35,46
05/10/2013,11:30,68,49,19
05/10/2013,11:45,83,49,34
05/10/2013,12:00,70,43,27
05/10/2013,12:15,61,38,23
05/10/2013,12:30,68,39,29
05/10/2013,12:45,56,31,25
05/10/2013,13:00,43,19,24
05/10/2013,13:15,62,25,37
05/10/2013,13:30,56,34,22
05/10/2013,13:45,55,33,22
05/10/2013,14:00,57,29,28
05/10/2013,14:15,51,20,31
05/10/2013,14:30,60,36,24
05/10/2013,14:45,43,18,25
05/10/2013,15:00,61,36,25
05/10/2013,15:15,55,17,38
05/10/2013,15:30,40,21,19
05/10/2013,15:45,30,14,16
05/10/2013,16:00,38,16,22
05/10/2013,16:15,34,13,21
05/10/2013,16:30,32,16,16
05/10/2013,16:45,41,25,16
05/10/2013,17:00,34,11,23
05/10/2013,17:15,38,16,22
05/10/2013,17:30,39,18,21
05/10/2013,17:45,36,12,24
05/10/2013,18:00,29,7,22
05/10/2013,18:15,35,7,28
05/10/2013,18:30,24,8,16
05/10/2013,18:45,32,11,21
05/10/2013,19:00,15,7,8
05/10/2013,19:15,19,7,12
05/10/2013,19:30,9,4,5
05/10/2013,19:45,12,4,8
05/10/2013,20:00,4,1,3
05/10/2013,20:15,3,1,2
05/10/2013,20:30,6,3,3
05/10/2013,20:45,6,2,4
05/10/2013,21:00,5,2,3
05/10/2013,21:15,4,0,4
05/10/2013,21:30,5,3,2
05/10/2013,21:45,3,2,1
05/10/2013,22:00,4,2,2
05/10/2013,22:15,3,0,3
05/10/2013,22:30,1,1,0
05/10/2013,22:45,2,0,2
05/10/2013,23:00,1,0,1
05/10/2013,23:15,1,0,1
05/10/2013,23:30,3,1,2
05/10/2013,23:45,2,2,0
06/10/2013,00:00,1,0,1
06/10/2013,00:15,6,2,4
06/10/2013,00:30,0,0,0
06/10/2013,00:45,0,0,0
06/10/2013,01:00,1,1,0
06/10/2013,01:15,1,0,1
06/10/2013,01:30,0,0,0
06/10/2013,01:45,0,0,0
06/10/2013,02:00,1,0,1
06/10/2013,02:15,2,1,1
06/10/2013,02:30,0,0,0
06/10/2013,02:45,1,0,1
06/10/2013,03:00,0,0,0
06/10/2013,03:15,0,0,0
06/10/2013,03:30,0,0,0
06/10/2013,03:45,2,1,1
06/10/2013,04:00,3,1,2
06/10/2013,04:15,0,0,0
06/10/2013,04:30,0,0,0
06/10/2013,04:45,0,0,0
06/10/2013,05:00,2,0,2
06/10/2013,05:15,0,0,0
06/10/2013,05:30,3,2,1
06/10/2013,05:45,3,1,2
06/10/2013,06:00,2,2,0
06/10/2013,06:15,2,1,1
06/10/2013,06:30,4,3,1
06/10/2013,06:45,4,1,3
06/10/2013,07:00,6,3,3
06/10/2013,07:15,12,5,7
06/10/2013,07:30,9,1,8
06/10/2013,07:45,15,5,10
06/10/2013,08:00,13,8,5
06/10/2013,08:15,26,12,14
06/10/2013,08:30,24,9,15
06/10/2013,08:45,37,13,24
06/10/2013,09:00,32,16,16
06/10/2013,09:15,44,14,30
06/10/2013,09:30,47,22,25
06/10/2013,09:45,31,11,20
06/10/2013,10:00,47,18,29
06/10/2013,10:15,40,19,21
06/10/2013,10:30,70,33,37
06/10/2013,10:45,52,24,28
06/10/2013,11:00,51,18,33
06/10/2013,11:15,54,31,23
06/10/2013,11:30,63,24,39
06/10/2013,11:45,74,38,36
06/10/2013,12:00,55,23,32
06/10/2013,12:15,60,34,26
06/10/2013,12:30,75,32,43
06/10/2013,12:45,50,20,30
06/10/2013,13:00,68,41,27
06/10/2013,13:15,38,26,12
06/10/2013,13:30,74,48,26
06/10/2013,13:45,45,31,14
06/10/2013,14:00,27,15,12
06/10/2013,14:15,56,28,28
06/10/2013,14:30,45,33,12
06/10/2013,14:45,44,16,28
06/10/2013,15:00,30,17,13
06/10/2013,15:15,52,28,24
06/10/2013,15:30,29,14,15
06/10/2013,15:45,39,21,18
06/10/2013,16:00,32,15,17
06/10/2013,16:15,40,21,19
06/10/2013,16:30,39,17,22
06/10/2013,16:45,39,24,15
06/10/2013,17:00,32,19,13
06/10/2013,17:15,32,17,15
06/10/2013,17:30,25,18,7
06/10/2013,17:45,31,20,11
06/10/2013,18:00,46,32,14
06/10/2013,18:15,24,12,12
06/10/2013,18:30,23,13,10
06/10/2013,18:45,26,13,13
06/10/2013,19:00,18,8,10
06/10/2013,19:15,12,7,5
06/10/2013,19:30,9,6,3
06/10/2013,19:45,7,5,2
06/10/2013,20:00,6,5,1
06/10/2013,20:15,7,3,4
06/10/2013,20:30,4,2,2
06/10/2013,20:45,2,1,1
06/10/2013,21:00,2,2,0
06/10/2013,21:15,6,5,1
06/10/2013,21:30,3,2,1
06/10/2013,21:45,0,0,0
06/10/2013,22:00,0,0,0
06/10/2013,22:15,0,0,0
06/10/2013,22:30,2,0,2
06/10/2013,22:45,1,0,1
06/10/2013,23:00,1,0,1
06/10/2013,23:15,0,0,0
06/10/2013,23:30,0,0,0
06/10/2013,23:45,1,0,1
07/10/2013,00:00,1,0,1
07/10/2013,00:15,0,0,0
07/10/2013,00:30,0,0,0
07/10/2013,00:45,0,0,0
07/10/2013,01:00,0,0,0
07/10/2013,01:15,0,0,0
07/10/2013,01:30,1,0,1
07/10/2013,01:45,0,0,0
07/10/2013,02:00,0,0,0
07/10/2013,02:15,0,0,0
07/10/2013,02:30,1,0,1
07/10/2013,02:45,1,0,1
07/10/2013,03:00,0,0,0
07/10/2013,03:15,1,0,1
07/10/2013,03:30,0,0,0
07/10/2013,03:45,0,0,0
07/10/2013,04:00,1,1,0
07/10/2013,04:15,3,3,0
07/10/2013,04:30,2,0,2
07/10/2013,04:45,4,3,1
07/10/2013,05:00,3,0,3
07/10/2013,05:15,2,1,1
07/10/2013,05:30,12,8,4
07/10/2013,05:45,13,7,6
07/10/2013,06:00,10,5,5
07/10/2013,06:15,11,4,7
07/10/2013,06:30,10,6,4
07/10/2013,06:45,16,8,8
07/10/2013,07:00,22,5,17
07/10/2013,07:15,11,5,6
07/10/2013,07:30,22,8,14
07/10/2013,07:45,24,12,12
07/10/2013,08:00,18,8,10
07/10/2013,08:15,16,10,6
07/10/2013,08:30,12,3,9
07/10/2013,08:45,14,7,7
07/10/2013,09:00,17,10,7
07/10/2013,09:15,13,9,4
07/10/2013,09:30,9,4,5
07/10/2013,09:45,14,11,3
07/10/2013,10:00,15,6,9
07/10/2013,10:15,6,4,2
07/10/2013,10:30,8,6,2
07/10/2013,10:45,4,1,3
07/10/2013,11:00,10,4,6
07/10/2013,11:15,8,4,4
07/10/2013,11:30,4,0,4
07/10/2013,11:45,4,3,1
07/10/2013,12:00,3,1,2
07/10/2013,12:15,1,1,0
07/10/2013,12:30,2,1,1
07/10/2013,12:45,7,2,5
07/10/2013,13:00,5,3,2
07/10/2013,13:15,2,2,0
07/10/2013,13:30,2,1,1
07/10/2013,13:45,4,3,1
07/10/2013,14:00,2,2,0
07/10/2013,14:15,4,1,3
07/10/2013,14:30,1,1,0
07/10/2013,14:45,2,0,2
07/10/2013,15:00,2,0,2
07/10/2013,15:15,3,0,3
07/10/2013,15:30,3,1,2
07/10/2013,15:45,6,4,2
07/10/2013,16:00,4,2,2
07/10/2013,16:15,2,1,1
07/10/2013,16:30,1,1,0
07/10/2013,16:45,12,4,8
07/10/2013,17:00,10,5,5
07/10/2013,17:15,12,5,7
07/10/2013,17:30,12,8,4
07/10/2013,17:45,25,13,12
07/10/2013,18:00,16,12,4
07/10/2013,18:15,17,12,5
07/10/2013,18:30,22,9,13
07/10/2013,18:45,15,5,10
07/10/2013,19:00,15,9,6
07/10/2013,19:15,11,6,5
07/10/2013,19:30,7,3,4
07/10/2013,19:45,9,5,4
07/10/2013,20:00,4,4,0
07/10/2013,20:15,4,3,1
07/10/2013,20:30,5,2,3
07/10/2013,20:45,1,1,0
07/10/2013,21:00,0,0,0
07/10/2013,21:15,2,2,0
07/10/2013,21:30,1,0,1
07/10/2013,21:45,3,1,2
07/10/2013,22:00,1,0,1
07/10/2013,22:15,1,0,1
07/10/2013,22:30,2,1,1
07/10/2013,22:45,0,0,0
07/10/2013,23:00,1,0,1
07/10/2013,23:15,1,1,0
07/10/2013,23:30,0,0,0
07/10/2013,23:45,0,0,0
08/10/2013,00:00,0,0,0
08/10/2013,00:15,1,0,1
08/10/2013,00:30,0,0,0
08/10/2013,00:45,0,0,0
08/10/2013,01:00,0,0,0
08/10/2013,01:15,1,0,1
08/10/2013,01:30,0,0,0
08/10/2013,01:45,1,0,1
08/10/2013,02:00,0,0,0
08/10/2013,02:15,0,0,0
08/10/2013,02:30,0,0,0
08/10/2013,02:45,0,0,0
08/10/2013,03:00,0,0,0
08/10/2013,03:15,0,0,0
08/10/2013,03:30,0,0,0
08/10/2013,03:45,1,1,0
08/10/2013,04:00,1,1,0
08/10/2013,04:15,1,1,0
08/10/2013,04:30,0,0,0
08/10/2013,04:45,4,0,4
08/10/2013,05:00,3,3,0
08/10/2013,05:15,1,0,1
08/10/2013,05:30,10,7,3
08/10/2013,05:45,12,5,7
08/10/2013,06:00,12,6,6
08/10/2013,06:15,14,6,8
08/10/2013,06:30,17,8,9
08/10/2013,06:45,29,11,18
08/10/2013,07:00,17,4,13
08/10/2013,07:15,19,4,15
08/10/2013,07:30,30,6,24
08/10/2013,07:45,26,11,15
08/10/2013,08:00,31,10,21
08/10/2013,08:15,23,10,13
08/10/2013,08:30,27,15,12
08/10/2013,08:45,19,6,13
08/10/2013,09:00,23,9,14
08/10/2013,09:15,13,6,7
08/10/2013,09:30,10,5,5
08/10/2013,09:45,15,4,11
08/10/2013,10:00,16,9,7
08/10/2013,10:15,11,5,6
08/10/2013,10:30,16,5,11
08/10/2013,10:45,12,5,7
08/10/2013,11:00,20,12,8
08/10/2013,11:15,18,9,9
08/10/2013,11:30,17,10,7
08/10/2013,11:45,15,6,9
08/10/2013,12:00,20,7,13
08/10/2013,12:15,20,9,11
08/10/2013,12:30,24,12,12
08/10/2013,12:45,16,8,8
08/10/2013,13:00,24,9,15
08/10/2013,13:15,25,16,9
08/10/2013,13:30,13,6,7
08/10/2013,13:45,20,11,9
08/10/2013,14:00,19,7,12
08/10/2013,14:15,19,8,11
08/10/2013,14:30,27,11,16
08/10/2013,14:45,33,16,17
08/10/2013,15:00,25,10,15
08/10/2013,15:15,18,6,12
08/10/2013,15:30,16,7,9
08/10/2013,15:45,35,17,18
08/10/2013,16:00,21,13,8
08/10/2013,16:15,45,24,21
08/10/2013,16:30,29,14,15
08/10/2013,16:45,45,23,22
08/10/2013,17:00,58,28,30
08/10/2013,17:15,45,22,23
08/10/2013,17:30,51,28,23
08/10/2013,17:45,60,33,27
08/10/2013,18:00,60,35,25
08/10/2013,18:15,60,37,23
08/10/2013,18:30,45,25,20
08/10/2013,18:45,32,19,13
08/10/2013,19:00,25,14,11
08/10/2013,19:15,27,16,11
08/10/2013,19:30,13,9,4
08/10/2013,19:45,11,6,5
08/10/2013,20:00,9,5,4
08/10/2013,20:15,8,4,4
08/10/2013,20:30,6,2,4
08/10/2013,20:45,6,4,2
08/10/2013,21:00,2,0,2
08/10/2013,21:15,5,1,4
08/10/2013,21:30,2,2,0
08/10/2013,21:45,1,1,0
08/10/2013,22:00,2,0,2
08/10/2013,22:15,3,3,0
08/10/2013,22:30,2,1,1
08/10/2013,22:45,0,0,0
08/10/2013,23:00,2,1,1
08/10/2013,23:15,0,0,0
08/10/2013,23:30,4,2,2
08/10/2013,23:45,4,1,3
09/10/2013,00:00,1,0,1
09/10/2013,00:15,1,0,1
09/10/2013,00:30,2,1,1
09/10/2013,00:45,0,0,0
09/10/2013,01:00,0,0,0
09/10/2013,01:15,0,0,0
09/10/2013,01:30,0,0,0
09/10/2013,01:45,0,0,0
09/10/2013,02:00,0,0,0
09/10/2013,02:15,0,0,0
09/10/2013,02:30,0,0,0
09/10/2013,02:45,0,0,0
09/10/2013,03:00,0,0,0
09/10/2013,03:15,1,1,0
09/10/2013,03:30,0,0,0
09/10/2013,03:45,1,0,1
09/10/2013,04:00,2,1,1
09/10/2013,04:15,0,0,0
09/10/2013,04:30,1,1,0
09/10/2013,04:45,1,0,1
09/10/2013,05:00,2,1,1
09/10/2013,05:15,2,2,0
09/10/2013,05:30,9,4,5
09/10/2013,05:45,12,6,6
09/10/2013,06:00,14,5,9
09/10/2013,06:15,11,6,5
09/10/2013,06:30,20,10,10
09/10/2013,06:45,27,8,19
09/10/2013,07:00,30,10,20
09/10/2013,07:15,30,12,18
09/10/2013,07:30,29,15,14
09/10/2013,07:45,40,13,27
09/10/2013,08:00,54,26,28
09/10/2013,08:15,27,8,19
09/10/2013,08:30,32,8,24
09/10/2013,08:45,17,6,11
09/10/2013,09:00,15,7,8
09/10/2013,09:15,19,7,12
09/10/2013,09:30,8,5,3
09/10/2013,09:45,9,6,3
09/10/2013,10:00,13,9,4
09/10/2013,10:15,15,6,9
09/10/2013,10:30,9,5,4
09/10/2013,10:45,17,9,8
09/10/2013,11:00,15,7,8
09/10/2013,11:15,13,3,10
09/10/2013,11:30,12,7,5
09/10/2013,11:45,15,8,7
09/10/2013,12:00,14,5,9
09/10/2013,12:15,18,10,8
09/10/2013,12:30,13,6,7
09/10/2013,12:45,20,12,8
09/10/2013,13:00,7,3,4
09/10/2013,13:15,13,6,7
09/10/2013,13:30,12,4,8
09/10/2013,13:45,6,3,3
09/10/2013,14:00,14,8,6
09/10/2013,14:15,7,2,5
09/10/2013,14:30,12,5,7
09/10/2013,14:45,20,6,14
09/10/2013,15:00,18,10,8
09/10/2013,15:15,7,6,1
09/10/2013,15:30,15,6,9
09/10/2013,15:45,16,8,8
09/10/2013,16:00,20,10,10
09/10/2013,16:15,16,9,7
09/10/2013,16:30,22,7,15
09/10/2013,16:45,17,9,8
09/10/2013,17:00,24,19,5
09/10/2013,17:15,21,12,9
09/10/2013,17:30,13,6,7
09/10/2013,17:45,17,6,11
09/10/2013,18:00,13,9,4
09/10/2013,18:15,14,9,5
09/10/2013,18:30,12,6,6
09/10/2013,18:45,13,3,10
09/10/2013,19:00,5,4,1
09/10/2013,19:15,4,1,3
09/10/2013,19:30,5,3,2
09/10/2013,19:45,2,2,0
09/10/2013,20:00,3,1,2
09/10/2013,20:15,2,1,1
09/10/2013,20:30,1,1,0
09/10/2013,20:45,3,0,3
09/10/2013,21:00,1,0,1
09/10/2013,21:15,4,1,3
09/10/2013,21:30,0,0,0
09/10/2013,21:45,2,1,1
09/10/2013,22:00,0,0,0
09/10/2013,22:15,0,0,0
09/10/2013,22:30,2,2,0
09/10/2013,22:45,0,0,0
09/10/2013,23:00,1,1,0
09/10/2013,23:15,1,0,1
09/10/2013,23:30,1,1,0
09/10/2013,23:45,0,0,0
10/10/2013,00:00,0,0,0
10/10/2013,00:15,1,1,0
10/10/2013,00:30,0,0,0
10/10/2013,00:45,0,0,0
10/10/2013,01:00,0,0,0
10/10/2013,01:15,0,0,0
10/10/2013,01:30,3,2,1
10/10/2013,01:45,0,0,0
10/10/2013,02:00,0,0,0
10/10/2013,02:15,1,1,0
10/10/2013,02:30,0,0,0
10/10/2013,02:45,0,0,0
10/10/2013,03:00,0,0,0
10/10/2013,03:15,0,0,0
10/10/2013,03:30,0,0,0
10/10/2013,03:45,1,1,0
10/10/2013,04:00,1,1,0
10/10/2013,04:15,0,0,0
10/10/2013,04:30,0,0,0
10/10/2013,04:45,0,0,0
10/10/2013,05:00,3,2,1
10/10/2013,05:15,0,0,0
10/10/2013,05:30,5,4,1
10/10/2013,05:45,3,2,1
10/10/2013,06:00,4,2,2
10/10/2013,06:15,7,4,3
10/10/2013,06:30,5,2,3
10/10/2013,06:45,5,3,2
10/10/2013,07:00,3,0,3
10/10/2013,07:15,3,1,2
10/10/2013,07:30,4,1,3
10/10/2013,07:45,7,4,3
10/10/2013,08:00,1,0,1
10/10/2013,08:15,2,1,1
10/10/2013,08:30,2,1,1
10/10/2013,08:45,4,3,1
10/10/2013,09:00,1,1,0
10/10/2013,09:15,2,1,1
10/10/2013,09:30,5,4,1
10/10/2013,09:45,0,0,0
10/10/2013,10:00,2,1,1
10/10/2013,10:15,3,2,1
10/10/2013,10:30,4,3,1
10/10/2013,10:45,0,0,0
10/10/2013,11:00,2,2,0
10/10/2013,11:15,4,0,4
10/10/2013,11:30,5,1,4
10/10/2013,11:45,3,2,1
10/10/2013,12:00,1,0,1
10/10/2013,12:15,1,0,1
10/10/2013,12:30,3,1,2
10/10/2013,12:45,0,0,0
10/10/2013,13:00,8,6,2
10/10/2013,13:15,10,6,4
10/10/2013,13:30,6,2,4
10/10/2013,13:45,3,1,2
10/10/2013,14:00,5,4,1
10/10/2013,14:15,6,3,3
10/10/2013,14:30,2,1,1
10/10/2013,14:45,12,8,4
10/10/2013,15:00,9,1,8
10/10/2013,15:15,6,3,3
10/10/2013,15:30,3,0,3
10/10/2013,15:45,7,3,4
10/10/2013,16:00,11,3,8
10/10/2013,16:15,14,5,9
10/10/2013,16:30,13,10,3
10/10/2013,16:45,10,2,8
10/10/2013,17:00,5,4,1
10/10/2013,17:15,6,2,4
10/10/2013,17:30,9,4,5
10/10/2013,17:45,6,4,2
10/10/2013,18:00,9,4,5
10/10/2013,18:15,10,6,4
10/10/2013,18:30,8,5,3
10/10/2013,18:45,4,1,3
10/10/2013,19:00,6,2,4
10/10/2013,19:15,1,0,1
10/10/2013,19:30,2,0,2
10/10/2013,19:45,10,4,6
10/10/2013,20:00,1,1,0
10/10/2013,20:15,4,3,1
10/10/2013,20:30,2,2,0
10/10/2013,20:45,0,0,0
10/10/2013,21:00,1,0,1
10/10/2013,21:15,0,0,0
10/10/2013,21:30,0,0,0
10/10/2013,21:45,1,0,1
10/10/2013,22:00,2,0,2
10/10/2013,22:15,1,0,1
10/10/2013,22:30,4,3,1
10/10/2013,22:45,1,1,0
10/10/2013,23:00,0,0,0
10/10/2013,23:15,0,0,0
10/10/2013,23:30,0,0,0
10/10/2013,23:45,0,0,0
11/10/2013,00:00,1,1,0
11/10/2013,00:15,1,0,1
11/10/2013,00:30,0,0,0
11/10/2013,00:45,0,0,0
11/10/2013,01:00,2,0,2
11/10/2013,01:15,0,0,0
11/10/2013,01:30,0,0,0
11/10/2013,01:45,0,0,0
11/10/2013,02:00,0,0,0
11/10/2013,02:15,0,0,0
11/10/2013,02:30,0,0,0
11/10/2013,02:45,0,0,0
11/10/2013,03:00,0,0,0
11/10/2013,03:15,0,0,0
11/10/2013,03:30,1,0,1
11/10/2013,03:45,2,1,1
11/10/2013,04:00,1,1,0
11/10/2013,04:15,0,0,0
11/10/2013,04:30,0,0,0
11/10/2013,04:45,3,2,1
11/10/2013,05:00,2,1,1
11/10/2013,05:15,3,0,3
11/10/2013,05:30,2,2,0
11/10/2013,05:45,7,3,4
11/10/2013,06:00,2,1,1
11/10/2013,06:15,4,1,3
11/10/2013,06:30,4,1,3
11/10/2013,06:45,5,2,3
11/10/2013,07:00,5,0,5
11/10/2013,07:15,6,4,2
11/10/2013,07:30,6,4,2
11/10/2013,07:45,3,1,2
11/10/2013,08:00,3,1,2
11/10/2013,08:15,7,3,4
11/10/2013,08:30,4,3,1
11/10/2013,08:45,4,2,2
11/10/2013,09:00,5,2,3
11/10/2013,09:15,8,5,3
11/10/2013,09:30,11,9,2
11/10/2013,09:45,6,4,2
11/10/2013,10:00,8,4,4
11/10/2013,10:15,6,2,4
11/10/2013,10:30,1,1,0
11/10/2013,10:45,0,0,0
11/10/2013,11:00,4,1,3
11/10/2013,11:15,2,1,1
11/10/2013,11:30,4,2,2
11/10/2013,11:45,2,1,1
11/10/2013,12:00,3,0,3
11/10/2013,12:15,4,2,2
11/10/2013,12:30,3,2,1
11/10/2013,12:45,3,2,1
11/10/2013,13:00,0,0,0
11/10/2013,13:15,2,0,2
11/10/2013,13:30,2,1,1
11/10/2013,13:45,2,0,2
11/10/2013,14:00,8,5,3
11/10/2013,14:15,3,0,3
11/10/2013,14:30,4,2,2
11/10/2013,14:45,1,0,1
11/10/2013,15:00,3,1,2
11/10/2013,15:15,5,2,3
11/10/2013,15:30,4,2,2
11/10/2013,15:45,12,6,6
11/10/2013,16:00,8,4,4
11/10/2013,16:15,7,1,6
11/10/2013,16:30,11,8,3
11/10/2013,16:45,7,3,4
11/10/2013,17:00,9,3,6
11/10/2013,17:15,4,1,3
11/10/2013,17:30,7,5,2
11/10/2013,17:45,7,5,2
11/10/2013,18:00,8,4,4
11/10/2013,18:15,4,3,1
11/10/2013,18:30,3,1,2
11/10/2013,18:45,2,2,0
11/10/2013,19:00,5,4,1
11/10/2013,19:15,3,3,0
11/10/2013,19:30,1,0,1
11/10/2013,19:45,1,1,0
11/10/2013,20:00,2,1,1
11/10/2013,20:15,0,0,0
11/10/2013,20:30,1,1,0
11/10/2013,20:45,0,0,0
11/10/2013,21:00,0,0,0
11/10/2013,21:15,0,0,0
11/10/2013,21:30,0,0,0
11/10/2013,21:45,1,0,1
11/10/2013,22:00,0,0,0
11/10/2013,22:15,1,1,0
11/10/2013,22:30,0,0,0
11/10/2013,22:45,1,0,1
11/10/2013,23:00,1,1,0
11/10/2013,23:15,1,1,0
11/10/2013,23:30,0,0,0
11/10/2013,23:45,0,0,0
12/10/2013,00:00,1,1,0
12/10/2013,00:15,0,0,0
12/10/2013,00:30,0,0,0
12/10/2013,00:45,0,0,0
12/10/2013,01:00,0,0,0
12/10/2013,01:15,0,0,0
12/10/2013,01:30,0,0,0
12/10/2013,01:45,0,0,0
12/10/2013,02:00,0,0,0
12/10/2013,02:15,0,0,0
12/10/2013,02:30,0,0,0
12/10/2013,02:45,0,0,0
12/10/2013,03:00,0,0,0
12/10/2013,03:15,0,0,0
12/10/2013,03:30,0,0,0
12/10/2013,03:45,0,0,0
12/10/2013,04:00,0,0,0
12/10/2013,04:15,0,0,0
12/10/2013,04:30,0,0,0
12/10/2013,04:45,1,1,0
12/10/2013,05:00,0,0,0
12/10/2013,05:15,1,1,0
12/10/2013,05:30,0,0,0
12/10/2013,05:45,2,1,1
12/10/2013,06:00,0,0,0
12/10/2013,06:15,5,3,2
12/10/2013,06:30,1,1,0
12/10/2013,06:45,1,1,0
12/10/2013,07:00,1,1,0
12/10/2013,07:15,4,2,2
12/10/2013,07:30,7,4,3
12/10/2013,07:45,8,6,2
12/10/2013,08:00,15,6,9
12/10/2013,08:15,11,4,7
12/10/2013,08:30,15,9,6
12/10/2013,08:45,15,7,8
12/10/2013,09:00,12,7,5
12/10/2013,09:15,9,4,5
12/10/2013,09:30,13,5,8
12/10/2013,09:45,16,8,8
12/10/2013,10:00,14,4,10
12/10/2013,10:15,16,10,6
12/10/2013,10:30,15,5,10
12/10/2013,10:45,15,8,7
12/10/2013,11:00,22,12,10
12/10/2013,11:15,10,3,7
12/10/2013,11:30,8,3,5
12/10/2013,11:45,18,11,7
12/10/2013,12:00,13,8,5
12/10/2013,12:15,12,5,7
12/10/2013,12:30,22,12,10
12/10/2013,12:45,9,6,3
12/10/2013,13:00,10,4,6
12/10/2013,13:15,18,7,11
12/10/2013,13:30,15,6,9
12/10/2013,13:45,8,3,5
12/10/2013,14:00,14,6,8
12/10/2013,14:15,18,11,7
12/10/2013,14:30,21,10,11
12/10/2013,14:45,20,8,12
12/10/2013,15:00,15,8,7
12/10/2013,15:15,24,5,19
12/10/2013,15:30,16,5,11
12/10/2013,15:45,11,5,6
12/10/2013,16:00,28,16,12
12/10/2013,16:15,18,10,8
12/10/2013,16:30,8,4,4
12/10/2013,16:45,23,6,17
12/10/2013,17:00,16,7,9
12/10/2013,17:15,5,0,5
12/10/2013,17:30,16,4,12
12/10/2013,17:45,17,5,12
12/10/2013,18:00,8,3,5
12/10/2013,18:15,15,7,8
12/10/2013,18:30,5,2,3
12/10/2013,18:45,10,4,6
12/10/2013,19:00,11,5,6
12/10/2013,19:15,3,1,2
12/10/2013,19:30,1,0,1
12/10/2013,19:45,2,0,2
12/10/2013,20:00,3,1,2
12/10/2013,20:15,0,0,0
12/10/2013,20:30,1,0,1
12/10/2013,20:45,2,2,0
12/10/2013,21:00,3,2,1
12/10/2013,21:15,2,1,1
12/10/2013,21:30,0,0,0
12/10/2013,21:45,0,0,0
12/10/2013,22:00,1,1,0
12/10/2013,22:15,1,0,1
12/10/2013,22:30,2,2,0
12/10/2013,22:45,1,0,1
12/10/2013,23:00,0,0,0
12/10/2013,23:15,1,0,1
12/10/2013,23:30,5,5,0
12/10/2013,23:45,0,0,0
13/10/2013,00:00,0,0,0
13/10/2013,00:15,0,0,0
13/10/2013,00:30,0,0,0
13/10/2013,00:45,1,1,0
13/10/2013,01:00,0,0,0
13/10/2013,01:15,0,0,0
13/10/2013,01:30,1,1,0
13/10/2013,01:45,1,0,1
13/10/2013,02:00,1,0,1
13/10/2013,02:15,0,0,0
13/10/2013,02:30,0,0,0
13/10/2013,02:45,0,0,0
13/10/2013,03:00,0,0,0
13/10/2013,03:15,1,1,0
13/10/2013,03:30,0,0,0
13/10/2013,03:45,1,1,0
13/10/2013,04:00,2,1,1
13/10/2013,04:15,0,0,0
13/10/2013,04:30,0,0,0
13/10/2013,04:45,0,0,0
13/10/2013,05:00,1,0,1
13/10/2013,05:15,1,0,1
13/10/2013,05:30,0,0,0
13/10/2013,05:45,1,1,0
13/10/2013,06:00,1,1,0
13/10/2013,06:15,2,0,2
13/10/2013,06:30,1,1,0
13/10/2013,06:45,2,2,0
13/10/2013,07:00,1,0,1
13/10/2013,07:15,2,1,1
13/10/2013,07:30,1,1,0
13/10/2013,07:45,5,1,4
13/10/2013,08:00,7,3,4
13/10/2013,08:15,17,9,8
13/10/2013,08:30,4,3,1
13/10/2013,08:45,10,6,4
13/10/2013,09:00,15,11,4
13/10/2013,09:15,10,4,6
13/10/2013,09:30,15,8,7
13/10/2013,09:45,7,3,4
13/10/2013,10:00,4,2,2
13/10/2013,10:15,15,7,8
13/10/2013,10:30,8,5,3
13/10/2013,10:45,25,6,19
13/10/2013,11:00,19,7,12
13/10/2013,11:15,19,13,6
13/10/2013,11:30,14,4,10
13/10/2013,11:45,24,11,13
13/10/2013,12:00,23,13,10
13/10/2013,12:15,21,7,14
13/10/2013,12:30,22,11,11
13/10/2013,12:45,29,15,14
13/10/2013,13:00,21,11,10
13/10/2013,13:15,16,7,9
13/10/2013,13:30,12,4,8
13/10/2013,13:45,20,10,10
13/10/2013,14:00,20,8,12
13/10/2013,14:15,15,9,6
13/10/2013,14:30,13,6,7
13/10/2013,14:45,24,8,16
13/10/2013,15:00,30,17,13
13/10/2013,15:15,16,11,5
13/10/2013,15:30,17,9,8
13/10/2013,15:45,29,11,18
13/10/2013,16:00,21,6,15
13/10/2013,16:15,27,11,16
13/10/2013,16:30,27,13,14
13/10/2013,16:45,13,5,8
13/10/2013,17:00,16,6,10
13/10/2013,17:15,26,11,15
13/10/2013,17:30,20,8,12
13/10/2013,17:45,11,3,8
13/10/2013,18:00,15,11,4
13/10/2013,18:15,18,9,9
13/10/2013,18:30,8,7,1
13/10/2013,18:45,5,1,4
13/10/2013,19:00,4,2,2
13/10/2013,19:15,4,3,1
13/10/2013,19:30,5,2,3
13/10/2013,19:45,2,2,0
13/10/2013,20:00,6,2,4
13/10/2013,20:15,2,1,1
13/10/2013,20:30,1,0,1
13/10/2013,20:45,3,0,3
13/10/2013,21:00,0,0,0
13/10/2013,21:15,2,1,1
13/10/2013,21:30,1,0,1
13/10/2013,21:45,1,0,1
13/10/2013,22:00,0,0,0
13/10/2013,22:15,0,0,0
13/10/2013,22:30,0,0,0
13/10/2013,22:45,0,0,0
13/10/2013,23:00,1,0,1
13/10/2013,23:15,0,0,0
13/10/2013,23:30,0,0,0
13/10/2013,23:45,0,0,0
14/10/2013,00:00,0,0,0
14/10/2013,00:15,1,0,1
14/10/2013,00:30,0,0,0
14/10/2013,00:45,0,0,0
14/10/2013,01:00,1,1,0
14/10/2013,01:15,1,1,0
14/10/2013,01:30,0,0,0
14/10/2013,01:45,1,0,1
14/10/2013,02:00,0,0,0
14/10/2013,02:15,0,0,0
14/10/2013,02:30,0,0,0
14/10/2013,02:45,0,0,0
14/10/2013,03:00,0,0,0
14/10/2013,03:15,0,0,0
14/10/2013,03:30,0,0,0
14/10/2013,03:45,0,0,0
14/10/2013,04:00,3,2,1
14/10/2013,04:15,3,3,0
14/10/2013,04:30,0,0,0
14/10/2013,04:45,0,0,0
14/10/2013,05:00,2,1,1
14/10/2013,05:15,3,3,0
14/10/2013,05:30,3,2,1
14/10/2013,05:45,6,6,0
14/10/2013,06:00,5,4,1
14/10/2013,06:15,5,5,0
14/10/2013,06:30,7,4,3
14/10/2013,06:45,6,1,5
14/10/2013,07:00,8,4,4
14/10/2013,07:15,8,2,6
14/10/2013,07:30,11,4,7
14/10/2013,07:45,22,13,9
14/10/2013,08:00,21,12,9
14/10/2013,08:15,13,8,5
14/10/2013,08:30,21,6,15
14/10/2013,08:45,19,10,9
14/10/2013,09:00,28,12,16
14/10/2013,09:15,16,7,9
14/10/2013,09:30,26,17,9
14/10/2013,09:45,27,11,16
14/10/2013,10:00,16,10,6
14/10/2013,10:15,32,21,11
14/10/2013,10:30,31,18,13
14/10/2013,10:45,49,33,16
14/10/2013,11:00,44,26,18
14/10/2013,11:15,36,20,16
14/10/2013,11:30,34,23,11
14/10/2013,11:45,36,13,23
14/10/2013,12:00,27,11,16
14/10/2013,12:15,54,27,27
14/10/2013,12:30,48,21,27
14/10/2013,12:45,35,20,15
14/10/2013,13:00,35,17,18
14/10/2013,13:15,36,22,14
14/10/2013,13:30,35,14,21
14/10/2013,13:45,45,22,23
14/10/2013,14:00,37,15,22
14/10/2013,14:15,53,33,20
14/10/2013,14:30,56,28,28
14/10/2013,14:45,40,18,22
14/10/2013,15:00,28,13,15
14/10/2013,15:15,35,14,21
14/10/2013,15:30,54,25,29
14/10/2013,15:45,46,17,29
14/10/2013,16:00,45,18,27
14/10/2013,16:15,59,19,40
14/10/2013,16:30,50,20,30
14/10/2013,16:45,64,25,39
14/10/2013,17:00,54,20,34
14/10/2013,17:15,57,23,34
14/10/2013,17:30,57,27,30
14/10/2013,17:45,53,28,25
14/10/2013,18:00,52,20,32
14/10/2013,18:15,44,29,15
14/10/2013,18:30,29,20,9
14/10/2013,18:45,31,16,15
14/10/2013,19:00,24,16,8
14/10/2013,19:15,14,8,6
14/10/2013,19:30,15,4,11
14/10/2013,19:45,5,5,0
14/10/2013,20:00,2,2,0
14/10/2013,20:15,2,1,1
14/10/2013,20:30,5,4,1
14/10/2013,20:45,5,5,0
14/10/2013,21:00,5,1,4
14/10/2013,21:15,2,1,1
14/10/2013,21:30,0,0,0
14/10/2013,21:45,4,1,3
14/10/2013,22:00,2,1,1
14/10/2013,22:15,2,0,2
14/10/2013,22:30,1,0,1
14/10/2013,22:45,1,1,0
14/10/2013,23:00,1,1,0
14/10/2013,23:15,0,0,0
14/10/2013,23:30,0,0,0
14/10/2013,23:45,1,1,0
15/10/2013,00:00,1,0,1
15/10/2013,00:15,1,0,1
15/10/2013,00:30,0,0,0
15/10/2013,00:45,0,0,0
15/10/2013,01:00,0,0,0
15/10/2013,01:15,0,0,0
15/10/2013,01:30,0,0,0
15/10/2013,01:45,0,0,0
15/10/2013,02:00,0,0,0
15/10/2013,02:15,0,0,0
15/10/2013,02:30,0,0,0
15/10/2013,02:45,0,0,0
15/10/2013,03:00,0,0,0
15/10/2013,03:15,0,0,0
15/10/2013,03:30,0,0,0
15/10/2013,03:45,0,0,0
15/10/2013,04:00,2,2,0
15/10/2013,04:15,1,1,0
15/10/2013,04:30,0,0,0
15/10/2013,04:45,1,1,0
15/10/2013,05:00,5,1,4
15/10/2013,05:15,2,2,0
15/10/2013,05:30,5,4,1
15/10/2013,05:45,15,7,8
15/10/2013,06:00,14,8,6
15/10/2013,06:15,13,3,10
15/10/2013,06:30,17,9,8
15/10/2013,06:45,21,10,11
15/10/2013,07:00,24,9,15
15/10/2013,07:15,21,5,16
15/10/2013,07:30,26,7,19
15/10/2013,07:45,34,9,25
15/10/2013,08:00,26,12,14
15/10/2013,08:15,24,9,15
15/10/2013,08:30,21,5,16
15/10/2013,08:45,22,6,16
15/10/2013,09:00,27,8,19
15/10/2013,09:15,9,5,4
15/10/2013,09:30,18,14,4
15/10/2013,09:45,17,10,7
15/10/2013,10:00,14,7,7
15/10/2013,10:15,41,38,3
15/10/2013,10:30,46,43,3
15/10/2013,10:45,38,29,9
15/10/2013,11:00,44,38,6
15/10/2013,11:15,66,59,7
15/10/2013,11:30,81,72,9
15/10/2013,11:45,58,46,12
15/10/2013,12:00,49,35,14
15/10/2013,12:15,54,35,19
15/10/2013,12:30,68,64,4
15/10/2013,12:45,50,36,14
15/10/2013,13:00,40,31,9
15/10/2013,13:15,42,27,15
15/10/2013,13:30,53,38,15
15/10/2013,13:45,30,26,4
15/10/2013,14:00,19,7,12
15/10/2013,14:15,28,15,13
15/10/2013,14:30,34,22,12
15/10/2013,14:45,31,12,19
15/10/2013,15:00,29,6,23
15/10/2013,15:15,23,9,14
15/10/2013,15:30,38,15,23
15/10/2013,15:45,36,19,17
15/10/2013,16:00,23,9,14
15/10/2013,16:15,33,14,19
15/10/2013,16:30,33,10,23
15/10/2013,16:45,46,21,25
15/10/2013,17:00,61,37,24
15/10/2013,17:15,68,42,26
15/10/2013,17:30,52,27,25
15/10/2013,17:45,56,29,27
15/10/2013,18:00,58,32,26
15/10/2013,18:15,50,31,19
15/10/2013,18:30,40,25,15
15/10/2013,18:45,35,16,19
15/10/2013,19:00,23,8,15
15/10/2013,19:15,17,10,7
15/10/2013,19:30,10,6,4
15/10/2013,19:45,11,7,4
15/10/2013,20:00,10,5,5
15/10/2013,20:15,8,5,3
15/10/2013,20:30,5,4,1
15/10/2013,20:45,4,3,1
15/10/2013,21:00,4,1,3
15/10/2013,21:15,2,1,1
15/10/2013,21:30,3,2,1
15/10/2013,21:45,2,1,1
15/10/2013,22:00,0,0,0
15/10/2013,22:15,3,3,0
15/10/2013,22:30,1,1,0
15/10/2013,22:45,1,0,1
15/10/2013,23:00,4,2,2
15/10/2013,23:15,2,2,0
15/10/2013,23:30,1,1,0
15/10/2013,23:45,0,0,0
16/10/2013,00:00,0,0,0
16/10/2013,00:15,1,0,1
16/10/2013,00:30,2,1,1
16/10/2013,00:45,1,0,1
16/10/2013,01:00,0,0,0
16/10/2013,01:15,0,0,0
16/10/2013,01:30,0,0,0
16/10/2013,01:45,0,0,0
16/10/2013,02:00,1,0,1
16/10/2013,02:15,0,0,0
16/10/2013,02:30,0,0,0
16/10/2013,02:45,0,0,0
16/10/2013,03:00,0,0,0
16/10/2013,03:15,0,0,0
16/10/2013,03:30,0,0,0
16/10/2013,03:45,0,0,0
16/10/2013,04:00,4,3,1
16/10/2013,04:15,0,0,0
16/10/2013,04:30,0,0,0
16/10/2013,04:45,2,1,1
16/10/2013,05:00,1,0,1
16/10/2013,05:15,4,2,2
16/10/2013,05:30,6,5,1
16/10/2013,05:45,16,7,9
16/10/2013,06:00,11,5,6
16/10/2013,06:15,15,9,6
16/10/2013,06:30,11,4,7
16/10/2013,06:45,21,6,15
16/10/2013,07:00,20,8,12
16/10/2013,07:15,23,3,20
16/10/2013,07:30,28,7,21
16/10/2013,07:45,29,7,22
16/10/2013,08:00,21,14,7
16/10/2013,08:15,21,7,14
16/10/2013,08:30,19,11,8
16/10/2013,08:45,21,5,16
16/10/2013,09:00,20,10,10
16/10/2013,09:15,12,4,8
16/10/2013,09:30,19,8,11
16/10/2013,09:45,17,12,5
16/10/2013,10:00,18,7,11
16/10/2013,10:15,15,6,9
16/10/2013,10:30,24,11,13
16/10/2013,10:45,11,5,6
16/10/2013,11:00,20,13,7
16/10/2013,11:15,8,1,7
16/10/2013,11:30,18,5,13
16/10/2013,11:45,12,6,6
16/10/2013,12:00,20,14,6
16/10/2013,12:15,13,4,9
16/10/2013,12:30,20,10,10
16/10/2013,12:45,14,6,8
16/10/2013,13:00,17,7,10
16/10/2013,13:15,24,15,9
16/10/2013,13:30,11,3,8
16/10/2013,13:45,14,7,7
16/10/2013,14:00,17,2,15
16/10/2013,14:15,22,7,15
16/10/2013,14:30,17,8,9
16/10/2013,14:45,21,8,13
16/10/2013,15:00,20,4,16
16/10/2013,15:15,19,7,12
16/10/2013,15:30,25,12,13
16/10/2013,15:45,32,10,22
16/10/2013,16:00,23,7,16
16/10/2013,16:15,25,8,17
16/10/2013,16:30,30,11,19
16/10/2013,16:45,33,16,17
16/10/2013,17:00,33,17,16
16/10/2013,17:15,42,20,22
16/10/2013,17:30,45,24,21
16/10/2013,17:45,61,37,24
16/10/2013,18:00,41,25,16
16/10/2013,18:15,39,19,20
16/10/2013,18:30,28,12,16
16/10/2013,18:45,35,16,19
16/10/2013,19:00,25,9,16
16/10/2013,19:15,17,10,7
16/10/2013,19:30,16,5,11
16/10/2013,19:45,6,1,5
16/10/2013,20:00,9,5,4
16/10/2013,20:15,2,1,1
16/10/2013,20:30,12,6,6
16/10/2013,20:45,2,1,1
16/10/2013,21:00,2,0,2
16/10/2013,21:15,6,2,4
16/10/2013,21:30,5,2,3
16/10/2013,21:45,4,2,2
16/10/2013,22:00,2,1,1
16/10/2013,22:15,1,1,0
16/10/2013,22:30,2,1,1
16/10/2013,22:45,1,0,1
16/10/2013,23:00,1,1,0
16/10/2013,23:15,3,2,1
16/10/2013,23:30,2,2,0
16/10/2013,23:45,1,1,0
17/10/2013,00:00,1,0,1
17/10/2013,00:15,0,0,0
17/10/2013,00:30,0,0,0
17/10/2013,00:45,0,0,0
17/10/2013,01:00,0,0,0
17/10/2013,01:15,0,0,0
17/10/2013,01:30,0,0,0
17/10/2013,01:45,0,0,0
17/10/2013,02:00,0,0,0
17/10/2013,02:15,2,2,0
17/10/2013,02:30,0,0,0
17/10/2013,02:45,0,0,0
17/10/2013,03:00,0,0,0
17/10/2013,03:15,0,0,0
17/10/2013,03:30,1,0,1
17/10/2013,03:45,0,0,0
17/10/2013,04:00,0,0,0
17/10/2013,04:15,1,1,0
17/10/2013,04:30,2,2,0
17/10/2013,04:45,2,0,2
17/10/2013,05:00,3,3,0
17/10/2013,05:15,7,5,2
17/10/2013,05:30,4,2,2
17/10/2013,05:45,11,6,5
17/10/2013,06:00,9,7,2
17/10/2013,06:15,12,6,6
17/10/2013,06:30,17,4,13
17/10/2013,06:45,25,14,11
17/10/2013,07:00,19,8,11
17/10/2013,07:15,20,6,14
17/10/2013,07:30,28,9,19
17/10/2013,07:45,37,12,25
17/10/2013,08:00,31,11,20
17/10/2013,08:15,21,9,12
17/10/2013,08:30,23,8,15
17/10/2013,08:45,11,5,6
17/10/2013,09:00,22,9,13
17/10/2013,09:15,11,3,8
17/10/2013,09:30,11,5,6
17/10/2013,09:45,10,6,4
17/10/2013,10:00,2,0,2
17/10/2013,10:15,15,11,4
17/10/2013,10:30,19,8,11
17/10/2013,10:45,12,5,7
17/10/2013,11:00,7,1,6
17/10/2013,11:15,19,2,17
17/10/2013,11:30,29,22,7
17/10/2013,11:45,20,11,9
17/10/2013,12:00,37,31,6
17/10/2013,12:15,35,29,6
17/10/2013,12:30,44,38,6
17/10/2013,12:45,19,12,7
17/10/2013,13:00,15,3,12
17/10/2013,13:15,7,5,2
17/10/2013,13:30,13,1,12
17/10/2013,13:45,10,2,8
17/10/2013,14:00,10,6,4
17/10/2013,14:15,18,10,8
17/10/2013,14:30,11,5,6
17/10/2013,14:45,7,3,4
17/10/2013,15:00,9,3,6
17/10/2013,15:15,12,4,8
17/10/2013,15:30,8,5,3
17/10/2013,15:45,13,3,10
17/10/2013,16:00,16,4,12
17/10/2013,16:15,27,5,22
17/10/2013,16:30,24,4,20
17/10/2013,16:45,30,8,22
17/10/2013,17:00,42,24,18
17/10/2013,17:15,34,19,15
17/10/2013,17:30,57,25,32
17/10/2013,17:45,44,19,25
17/10/2013,18:00,52,30,22
17/10/2013,18:15,41,21,20
17/10/2013,18:30,26,7,19
17/10/2013,18:45,31,14,17
17/10/2013,19:00,20,8,12
17/10/2013,19:15,17,7,10
17/10/2013,19:30,11,3,8
17/10/2013,19:45,5,3,2
17/10/2013,20:00,12,7,5
17/10/2013,20:15,11,7,4
17/10/2013,20:30,6,4,2
17/10/2013,20:45,6,2,4
17/10/2013,21:00,4,1,3
17/10/2013,21:15,1,0,1
17/10/2013,21:30,3,2,1
17/10/2013,21:45,3,3,0
17/10/2013,22:00,1,0,1
17/10/2013,22:15,1,1,0
17/10/2013,22:30,2,2,0
17/10/2013,22:45,1,1,0
17/10/2013,23:00,2,0,2
17/10/2013,23:15,0,0,0
17/10/2013,23:30,3,1,2
17/10/2013,23:45,1,1,0
18/10/2013,00:00,1,1,0
18/10/2013,00:15,2,0,2
18/10/2013,00:30,0,0,0
18/10/2013,00:45,0,0,0
18/10/2013,01:00,1,0,1
18/10/2013,01:15,0,0,0
18/10/2013,01:30,0,0,0
18/10/2013,01:45,0,0,0
18/10/2013,02:00,0,0,0
18/10/2013,02:15,0,0,0
18/10/2013,02:30,0,0,0
18/10/2013,02:45,0,0,0
18/10/2013,03:00,0,0,0
18/10/2013,03:15,0,0,0
18/10/2013,03:30,0,0,0
18/10/2013,03:45,0,0,0
18/10/2013,04:00,0,0,0
18/10/2013,04:15,1,1,0
18/10/2013,04:30,2,2,0
18/10/2013,04:45,3,2,1
18/10/2013,05:00,3,1,2
18/10/2013,05:15,6,4,2
18/10/2013,05:30,6,5,1
18/10/2013,05:45,4,3,1
18/10/2013,06:00,10,8,2
18/10/2013,06:15,10,4,6
18/10/2013,06:30,12,5,7
18/10/2013,06:45,19,5,14
18/10/2013,07:00,16,6,10
18/10/2013,07:15,23,4,19
18/10/2013,07:30,26,9,17
18/10/2013,07:45,28,9,19
18/10/2013,08:00,32,10,22
18/10/2013,08:15,32,13,19
18/10/2013,08:30,22,10,12
18/10/2013,08:45,19,8,11
18/10/2013,09:00,17,9,8
18/10/2013,09:15,14,7,7
18/10/2013,09:30,13,7,6
18/10/2013,09:45,18,10,8
18/10/2013,10:00,14,5,9
18/10/2013,10:15,14,10,4
18/10/2013,10:30,12,5,7
18/10/2013,10:45,9,3,6
18/10/2013,11:00,16,9,7
18/10/2013,11:15,15,9,6
18/10/2013,11:30,26,14,12
18/10/2013,11:45,23,12,11
18/10/2013,12:00,24,17,7
18/10/2013,12:15,16,11,5
18/10/2013,12:30,31,24,7
18/10/2013,12:45,19,13,6
18/10/2013,13:00,35,23,12
18/10/2013,13:15,28,18,10
18/10/2013,13:30,18,13,5
18/10/2013,13:45,30,24,6
18/10/2013,14:00,42,39,3
18/10/2013,14:15,16,10,6
18/10/2013,14:30,19,13,6
18/10/2013,14:45,17,13,4
18/10/2013,15:00,33,16,17
18/10/2013,15:15,23,8,15
18/10/2013,15:30,19,9,10
18/10/2013,15:45,38,22,16
18/10/2013,16:00,36,23,13
18/10/2013,16:15,23,10,13
18/10/2013,16:30,25,14,11
18/10/2013,16:45,29,12,17
18/10/2013,17:00,50,21,29
18/10/2013,17:15,31,11,20
18/10/2013,17:30,50,25,25
18/10/2013,17:45,47,25,22
18/10/2013,18:00,44,21,23
18/10/2013,18:15,45,27,18
18/10/2013,18:30,29,20,9
18/10/2013,18:45,28,15,13
18/10/2013,19:00,19,5,14
18/10/2013,19:15,10,8,2
18/10/2013,19:30,9,5,4
18/10/2013,19:45,9,6,3
18/10/2013,20:00,1,0,1
18/10/2013,20:15,3,1,2
18/10/2013,20:30,2,2,0
18/10/2013,20:45,1,1,0
18/10/2013,21:00,3,2,1
18/10/2013,21:15,3,0,3
18/10/2013,21:30,2,1,1
18/10/2013,21:45,7,3,4
18/10/2013,22:00,0,0,0
18/10/2013,22:15,2,1,1
18/10/2013,22:30,0,0,0
18/10/2013,22:45,3,2,1
18/10/2013,23:00,2,1,1
18/10/2013,23:15,1,0,1
18/10/2013,23:30,1,0,1
18/10/2013,23:45,4,1,3
19/10/2013,00:00,1,0,1
19/10/2013,00:15,2,1,1
19/10/2013,00:30,0,0,0
19/10/2013,00:45,1,0,1
19/10/2013,01:00,2,1,1
19/10/2013,01:15,0,0,0
19/10/2013,01:30,0,0,0
19/10/2013,01:45,2,0,2
19/10/2013,02:00,1,1,0
19/10/2013,02:15,0,0,0
19/10/2013,02:30,0,0,0
19/10/2013,02:45,0,0,0
19/10/2013,03:00,1,1,0
19/10/2013,03:15,0,0,0
19/10/2013,03:30,0,0,0
19/10/2013,03:45,1,1,0
19/10/2013,04:00,0,0,0
19/10/2013,04:15,0,0,0
19/10/2013,04:30,1,1,0
19/10/2013,04:45,1,0,1
19/10/2013,05:00,0,0,0
19/10/2013,05:15,4,2,2
19/10/2013,05:30,1,1,0
19/10/2013,05:45,1,1,0
19/10/2013,06:00,4,3,1
19/10/2013,06:15,1,1,0
19/10/2013,06:30,5,1,4
19/10/2013,06:45,4,4,0
19/10/2013,07:00,9,7,2
19/10/2013,07:15,8,6,2
19/10/2013,07:30,6,4,2
19/10/2013,07:45,22,11,11
19/10/2013,08:00,20,7,13
19/10/2013,08:15,21,11,10
19/10/2013,08:30,17,5,12
19/10/2013,08:45,23,12,11
19/10/2013,09:00,33,18,15
19/10/2013,09:15,17,10,7
19/10/2013,09:30,23,11,12
19/10/2013,09:45,26,13,13
19/10/2013,10:00,35,11,24
19/10/2013,10:15,31,20,11
19/10/2013,10:30,33,14,19
19/10/2013,10:45,31,16,15
19/10/2013,11:00,38,22,16
19/10/2013,11:15,38,13,25
19/10/2013,11:30,38,21,17
19/10/2013,11:45,27,11,16
19/10/2013,12:00,33,14,19
19/10/2013,12:15,37,14,23
19/10/2013,12:30,33,12,21
19/10/2013,12:45,37,22,15
19/10/2013,13:00,40,18,22
19/10/2013,13:15,34,15,19
19/10/2013,13:30,45,19,26
19/10/2013,13:45,36,18,18
19/10/2013,14:00,25,8,17
19/10/2013,14:15,52,19,33
19/10/2013,14:30,30,15,15
19/10/2013,14:45,31,14,17
19/10/2013,15:00,45,22,23
19/10/2013,15:15,29,17,12
19/10/2013,15:30,31,21,10
19/10/2013,15:45,25,14,11
19/10/2013,16:00,26,10,16
19/10/2013,16:15,32,13,19
19/10/2013,16:30,21,10,11
19/10/2013,16:45,13,2,11
19/10/2013,17:00,24,17,7
19/10/2013,17:15,10,4,6
19/10/2013,17:30,13,9,4
19/10/2013,17:45,12,3,9
19/10/2013,18:00,10,4,6
19/10/2013,18:15,8,4,4
19/10/2013,18:30,9,6,3
19/10/2013,18:45,2,1,1
19/10/2013,19:00,8,5,3
19/10/2013,19:15,3,2,1
19/10/2013,19:30,7,2,5
19/10/2013,19:45,1,1,0
19/10/2013,20:00,2,1,1
19/10/2013,20:15,4,0,4
19/10/2013,20:30,4,1,3
19/10/2013,20:45,4,2,2
19/10/2013,21:00,9,4,5
19/10/2013,21:15,4,4,0
19/10/2013,21:30,3,0,3
19/10/2013,21:45,1,1,0
19/10/2013,22:00,0,0,0
19/10/2013,22:15,2,1,1
19/10/2013,22:30,1,1,0
19/10/2013,22:45,0,0,0
19/10/2013,23:00,0,0,0
19/10/2013,23:15,1,1,0
19/10/2013,23:30,1,0,1
19/10/2013,23:45,0,0,0
20/10/2013,00:00,0,0,0
20/10/2013,00:15,1,1,0
20/10/2013,00:30,2,0,2
20/10/2013,00:45,2,1,1
20/10/2013,01:00,2,2,0
20/10/2013,01:15,2,1,1
20/10/2013,01:30,0,0,0
20/10/2013,01:45,2,0,2
20/10/2013,02:00,0,0,0
20/10/2013,02:15,0,0,0
20/10/2013,02:30,0,0,0
20/10/2013,02:45,0,0,0
20/10/2013,03:00,0,0,0
20/10/2013,03:15,0,0,0
20/10/2013,03:30,0,0,0
20/10/2013,03:45,0,0,0
20/10/2013,04:00,0,0,0
20/10/2013,04:15,0,0,0
20/10/2013,04:30,0,0,0
20/10/2013,04:45,0,0,0
20/10/2013,05:00,0,0,0
20/10/2013,05:15,0,0,0
20/10/2013,05:30,1,0,1
20/10/2013,05:45,4,4,0
20/10/2013,06:00,2,1,1
20/10/2013,06:15,0,0,0
20/10/2013,06:30,3,1,2
20/10/2013,06:45,4,1,3
20/10/2013,07:00,4,3,1
20/10/2013,07:15,2,1,1
20/10/2013,07:30,4,3,1
20/10/2013,07:45,7,6,1
20/10/2013,08:00,17,7,10
20/10/2013,08:15,22,13,9
20/10/2013,08:30,14,5,9
20/10/2013,08:45,26,14,12
20/10/2013,09:00,19,9,10
20/10/2013,09:15,30,15,15
20/10/2013,09:30,35,16,19
20/10/2013,09:45,21,14,7
20/10/2013,10:00,43,26,17
20/10/2013,10:15,39,18,21
20/10/2013,10:30,33,16,17
20/10/2013,10:45,28,12,16
20/10/2013,11:00,51,34,17
20/10/2013,11:15,39,23,16
20/10/2013,11:30,55,33,22
20/10/2013,11:45,30,18,12
20/10/2013,12:00,38,21,17
20/10/2013,12:15,70,51,19
20/10/2013,12:30,45,30,15
20/10/2013,12:45,57,34,23
20/10/2013,13:00,63,45,18
20/10/2013,13:15,50,30,20
20/10/2013,13:30,20,9,11
20/10/2013,13:45,57,38,19
20/10/2013,14:00,45,29,16
20/10/2013,14:15,71,37,34
20/10/2013,14:30,41,13,28
20/10/2013,14:45,32,16,16
20/10/2013,15:00,39,16,23
20/10/2013,15:15,39,17,22
20/10/2013,15:30,42,20,22
20/10/2013,15:45,58,26,32
20/10/2013,16:00,33,10,23
20/10/2013,16:15,35,20,15
20/10/2013,16:30,40,22,18
20/10/2013,16:45,46,17,29
20/10/2013,17:00,44,17,27
20/10/2013,17:15,24,10,14
20/10/2013,17:30,30,18,12
20/10/2013,17:45,45,28,17
20/10/2013,18:00,18,10,8
20/10/2013,18:15,23,15,8
20/10/2013,18:30,9,7,2
20/10/2013,18:45,13,7,6
20/10/2013,19:00,9,4,5
20/10/2013,19:15,8,6,2
20/10/2013,19:30,5,2,3
20/10/2013,19:45,1,0,1
20/10/2013,20:00,2,0,2
20/10/2013,20:15,6,3,3
20/10/2013,20:30,2,1,1
20/10/2013,20:45,2,0,2
20/10/2013,21:00,4,3,1
20/10/2013,21:15,2,1,1
20/10/2013,21:30,4,1,3
20/10/2013,21:45,3,0,3
20/10/2013,22:00,0,0,0
20/10/2013,22:15,0,0,0
20/10/2013,22:30,2,1,1
20/10/2013,22:45,0,0,0
20/10/2013,23:00,0,0,0
20/10/2013,23:15,0,0,0
20/10/2013,23:30,1,1,0
20/10/2013,23:45,0,0,0
21/10/2013,00:00,8,8,0
21/10/2013,00:15,0,0,0
21/10/2013,00:30,2,1,1
21/10/2013,00:45,1,1,0
21/10/2013,01:00,0,0,0
21/10/2013,01:15,0,0,0
21/10/2013,01:30,0,0,0
21/10/2013,01:45,1,0,1
21/10/2013,02:00,0,0,0
21/10/2013,02:15,0,0,0
21/10/2013,02:30,0,0,0
21/10/2013,02:45,0,0,0
21/10/2013,03:00,0,0,0
21/10/2013,03:15,0,0,0
21/10/2013,03:30,0,0,0
21/10/2013,03:45,1,1,0
21/10/2013,04:00,3,3,0
21/10/2013,04:15,1,1,0
21/10/2013,04:30,1,1,0
21/10/2013,04:45,5,2,3
21/10/2013,05:00,4,2,2
21/10/2013,05:15,1,1,0
21/10/2013,05:30,4,3,1
21/10/2013,05:45,9,6,3
21/10/2013,06:00,10,5,5
21/10/2013,06:15,17,6,11
21/10/2013,06:30,11,3,8
21/10/2013,06:45,14,4,10
21/10/2013,07:00,22,6,16
21/10/2013,07:15,18,3,15
21/10/2013,07:30,32,12,20
21/10/2013,07:45,24,9,15
21/10/2013,08:00,25,8,17
21/10/2013,08:15,15,6,9
21/10/2013,08:30,27,11,16
21/10/2013,08:45,21,9,12
21/10/2013,09:00,20,8,12
21/10/2013,09:15,14,6,8
21/10/2013,09:30,8,1,7
21/10/2013,09:45,6,5,1
21/10/2013,10:00,15,11,4
21/10/2013,10:15,19,12,7
21/10/2013,10:30,24,10,14
21/10/2013,10:45,22,17,5
21/10/2013,11:00,25,23,2
21/10/2013,11:15,41,30,11
21/10/2013,11:30,28,27,1
21/10/2013,11:45,34,23,11
21/10/2013,12:00,33,26,7
21/10/2013,12:15,35,32,3
21/10/2013,12:30,21,17,4
21/10/2013,12:45,26,21,5
21/10/2013,13:00,31,21,10
21/10/2013,13:15,31,28,3
21/10/2013,13:30,43,34,9
21/10/2013,13:45,12,7,5
21/10/2013,14:00,20,12,8
21/10/2013,14:15,23,21,2
21/10/2013,14:30,22,14,8
21/10/2013,14:45,34,18,16
21/10/2013,15:00,24,18,6
21/10/2013,15:15,24,9,15
21/10/2013,15:30,16,10,6
21/10/2013,15:45,22,8,14
21/10/2013,16:00,33,19,14
21/10/2013,16:15,27,12,15
21/10/2013,16:30,25,10,15
21/10/2013,16:45,45,22,23
21/10/2013,17:00,35,17,18
21/10/2013,17:15,48,28,20
21/10/2013,17:30,40,27,13
21/10/2013,17:45,59,32,27
21/10/2013,18:00,46,27,19
21/10/2013,18:15,54,30,24
21/10/2013,18:30,26,14,12
21/10/2013,18:45,31,17,14
21/10/2013,19:00,23,9,14
21/10/2013,19:15,13,10,3
21/10/2013,19:30,14,9,5
21/10/2013,19:45,4,2,2
21/10/2013,20:00,5,2,3
21/10/2013,20:15,3,1,2
21/10/2013,20:30,3,2,1
21/10/2013,20:45,2,0,2
21/10/2013,21:00,1,1,0
21/10/2013,21:15,5,1,4
21/10/2013,21:30,9,4,5
21/10/2013,21:45,3,1,2
21/10/2013,22:00,1,0,1
21/10/2013,22:15,2,1,1
21/10/2013,22:30,2,2,0
21/10/2013,22:45,1,1,0
21/10/2013,23:00,0,0,0
21/10/2013,23:15,0,0,0
21/10/2013,23:30,0,0,0
21/10/2013,23:45,0,0,0
22/10/2013,00:00,1,0,1
22/10/2013,00:15,3,0,3
22/10/2013,00:30,0,0,0
22/10/2013,00:45,0,0,0
22/10/2013,01:00,1,0,1
22/10/2013,01:15,0,0,0
22/10/2013,01:30,0,0,0
22/10/2013,01:45,0,0,0
22/10/2013,02:00,0,0,0
22/10/2013,02:15,0,0,0
22/10/2013,02:30,0,0,0
22/10/2013,02:45,0,0,0
22/10/2013,03:00,0,0,0
22/10/2013,03:15,0,0,0
22/10/2013,03:30,1,1,0
22/10/2013,03:45,0,0,0
22/10/2013,04:00,1,1,0
22/10/2013,04:15,1,0,1
22/10/2013,04:30,0,0,0
22/10/2013,04:45,2,1,1
22/10/2013,05:00,1,0,1
22/10/2013,05:15,6,4,2
22/10/2013,05:30,4,2,2
22/10/2013,05:45,17,9,8
22/10/2013,06:00,12,8,4
22/10/2013,06:15,8,4,4
22/10/2013,06:30,18,7,11
22/10/2013,06:45,25,7,18
22/10/2013,07:00,25,13,12
22/10/2013,07:15,22,5,17
22/10/2013,07:30,33,13,20
22/10/2013,07:45,32,11,21
22/10/2013,08:00,29,13,16
22/10/2013,08:15,26,8,18
22/10/2013,08:30,23,7,16
22/10/2013,08:45,24,13,11
22/10/2013,09:00,20,2,18
22/10/2013,09:15,14,6,8
22/10/2013,09:30,8,4,4
22/10/2013,09:45,8,3,5
22/10/2013,10:00,8,3,5
22/10/2013,10:15,9,3,6
22/10/2013,10:30,5,2,3
22/10/2013,10:45,9,6,3
22/10/2013,11:00,10,5,5
22/10/2013,11:15,9,4,5
22/10/2013,11:30,16,8,8
22/10/2013,11:45,12,2,10
22/10/2013,12:00,10,4,6
22/10/2013,12:15,17,6,11
22/10/2013,12:30,6,5,1
22/10/2013,12:45,9,6,3
22/10/2013,13:00,9,3,6
22/10/2013,13:15,4,2,2
22/10/2013,13:30,8,4,4
22/10/2013,13:45,7,5,2
22/10/2013,14:00,9,3,6
22/10/2013,14:15,18,9,9
22/10/2013,14:30,16,8,8
22/10/2013,14:45,17,7,10
22/10/2013,15:00,15,5,10
22/10/2013,15:15,14,7,7
22/10/2013,15:30,17,9,8
22/10/2013,15:45,23,10,13
22/10/2013,16:00,16,3,13
22/10/2013,16:15,18,10,8
22/10/2013,16:30,24,9,15
22/10/2013,16:45,39,13,26
22/10/2013,17:00,40,19,21
22/10/2013,17:15,34,19,15
22/10/2013,17:30,52,25,27
22/10/2013,17:45,58,32,26
22/10/2013,18:00,55,37,18
22/10/2013,18:15,42,25,17
22/10/2013,18:30,48,23,25
22/10/2013,18:45,30,19,11
22/10/2013,19:00,18,13,5
22/10/2013,19:15,12,6,6
22/10/2013,19:30,11,8,3
22/10/2013,19:45,10,7,3
22/10/2013,20:00,7,3,4
22/10/2013,20:15,7,3,4
22/10/2013,20:30,11,3,8
22/10/2013,20:45,8,5,3
22/10/2013,21:00,3,2,1
22/10/2013,21:15,2,1,1
22/10/2013,21:30,1,0,1
22/10/2013,21:45,6,2,4
22/10/2013,22:00,0,0,0
22/10/2013,22:15,2,1,1
22/10/2013,22:30,1,1,0
22/10/2013,22:45,0,0,0
22/10/2013,23:00,2,1,1
22/10/2013,23:15,2,2,0
22/10/2013,23:30,1,0,1
22/10/2013,23:45,0,0,0
23/10/2013,00:00,0,0,0
23/10/2013,00:15,1,0,1
23/10/2013,00:30,0,0,0
23/10/2013,00:45,1,0,1
23/10/2013,01:00,0,0,0
23/10/2013,01:15,0,0,0
23/10/2013,01:30,0,0,0
23/10/2013,01:45,0,0,0
23/10/2013,02:00,1,1,0
23/10/2013,02:15,0,0,0
23/10/2013,02:30,0,0,0
23/10/2013,02:45,0,0,0
23/10/2013,03:00,0,0,0
23/10/2013,03:15,0,0,0
23/10/2013,03:30,0,0,0
23/10/2013,03:45,0,0,0
23/10/2013,04:00,2,1,1
23/10/2013,04:15,0,0,0
23/10/2013,04:30,2,2,0
23/10/2013,04:45,2,2,0
23/10/2013,05:00,0,0,0
23/10/2013,05:15,2,1,1
23/10/2013,05:30,7,5,2
23/10/2013,05:45,6,4,2
23/10/2013,06:00,4,2,2
23/10/2013,06:15,2,1,1
23/10/2013,06:30,7,4,3
23/10/2013,06:45,10,4,6
23/10/2013,07:00,12,7,5
23/10/2013,07:15,8,1,7
23/10/2013,07:30,12,7,5
23/10/2013,07:45,15,3,12
23/10/2013,08:00,21,8,13
23/10/2013,08:15,14,3,11
23/10/2013,08:30,10,3,7
23/10/2013,08:45,16,7,9
23/10/2013,09:00,13,8,5
23/10/2013,09:15,16,9,7
23/10/2013,09:30,13,7,6
23/10/2013,09:45,5,4,1
23/10/2013,10:00,6,2,4
23/10/2013,10:15,8,4,4
23/10/2013,10:30,10,9,1
23/10/2013,10:45,7,4,3
23/10/2013,11:00,10,7,3
23/10/2013,11:15,2,0,2
23/10/2013,11:30,5,3,2
23/10/2013,11:45,8,4,4
23/10/2013,12:00,17,8,9
23/10/2013,12:15,5,3,2
23/10/2013,12:30,17,10,7
23/10/2013,12:45,16,7,9
23/10/2013,13:00,6,3,3
23/10/2013,13:15,5,3,2
23/10/2013,13:30,5,2,3
23/10/2013,13:45,8,4,4
23/10/2013,14:00,17,8,9
23/10/2013,14:15,13,6,7
23/10/2013,14:30,16,9,7
23/10/2013,14:45,21,15,6
23/10/2013,15:00,11,2,9
23/10/2013,15:15,6,4,2
23/10/2013,15:30,14,7,7
23/10/2013,15:45,18,8,10
23/10/2013,16:00,17,13,4
23/10/2013,16:15,12,6,6
23/10/2013,16:30,18,8,10
23/10/2013,16:45,21,13,8
23/10/2013,17:00,25,10,15
23/10/2013,17:15,34,17,17
23/10/2013,17:30,28,10,18
23/10/2013,17:45,28,20,8
23/10/2013,18:00,21,13,8
23/10/2013,18:15,39,17,22
23/10/2013,18:30,14,10,4
23/10/2013,18:45,18,6,12
23/10/2013,19:00,10,5,5
23/10/2013,19:15,9,5,4
23/10/2013,19:30,5,2,3
23/10/2013,19:45,7,4,3
23/10/2013,20:00,5,2,3
23/10/2013,20:15,3,3,0
23/10/2013,20:30,2,2,0
23/10/2013,20:45,1,0,1
23/10/2013,21:00,1,0,1
23/10/2013,21:15,2,2,0
23/10/2013,21:30,0,0,0
23/10/2013,21:45,1,0,1
23/10/2013,22:00,3,2,1
23/10/2013,22:15,1,0,1
23/10/2013,22:30,4,3,1
23/10/2013,22:45,1,1,0
23/10/2013,23:00,2,2,0
23/10/2013,23:15,0,0,0
23/10/2013,23:30,3,0,3
23/10/2013,23:45,2,2,0
24/10/2013,00:00,1,0,1
24/10/2013,00:15,2,0,2
24/10/2013,00:30,2,1,1
24/10/2013,00:45,0,0,0
24/10/2013,01:00,0,0,0
24/10/2013,01:15,0,0,0
24/10/2013,01:30,0,0,0
24/10/2013,01:45,1,1,0
24/10/2013,02:00,0,0,0
24/10/2013,02:15,1,1,0
24/10/2013,02:30,0,0,0
24/10/2013,02:45,0,0,0
24/10/2013,03:00,0,0,0
24/10/2013,03:15,0,0,0
24/10/2013,03:30,0,0,0
24/10/2013,03:45,0,0,0
24/10/2013,04:00,0,0,0
24/10/2013,04:15,1,1,0
24/10/2013,04:30,1,1,0
24/10/2013,04:45,2,0,2
24/10/2013,05:00,1,1,0
24/10/2013,05:15,2,1,1
24/10/2013,05:30,5,4,1
24/10/2013,05:45,9,5,4
24/10/2013,06:00,5,1,4
24/10/2013,06:15,12,6,6
24/10/2013,06:30,9,6,3
24/10/2013,06:45,16,6,10
24/10/2013,07:00,20,7,13
24/10/2013,07:15,15,4,11
24/10/2013,07:30,20,5,15
24/10/2013,07:45,30,11,19
24/10/2013,08:00,20,7,13
24/10/2013,08:15,23,10,13
24/10/2013,08:30,17,4,13
24/10/2013,08:45,17,9,8
24/10/2013,09:00,11,5,6
24/10/2013,09:15,11,7,4
24/10/2013,09:30,10,4,6
24/10/2013,09:45,9,4,5
24/10/2013,10:00,13,8,5
24/10/2013,10:15,10,7,3
24/10/2013,10:30,8,5,3
24/10/2013,10:45,11,8,3
24/10/2013,11:00,7,2,5
24/10/2013,11:15,5,4,1
24/10/2013,11:30,15,9,6
24/10/2013,11:45,9,8,1
24/10/2013,12:00,14,7,7
24/10/2013,12:15,12,6,6
24/10/2013,12:30,9,4,5
24/10/2013,12:45,4,2,2
24/10/2013,13:00,3,2,1
24/10/2013,13:15,6,3,3
24/10/2013,13:30,5,1,4
24/10/2013,13:45,7,3,4
24/10/2013,14:00,9,4,5
24/10/2013,14:15,10,3,7
24/10/2013,14:30,7,4,3
24/10/2013,14:45,13,7,6
24/10/2013,15:00,8,6,2
24/10/2013,15:15,9,6,3
24/10/2013,15:30,5,1,4
24/10/2013,15:45,11,3,8
24/10/2013,16:00,18,7,11
24/10/2013,16:15,14,6,8
24/10/2013,16:30,21,10,11
24/10/2013,16:45,34,17,17
24/10/2013,17:00,24,16,8
24/10/2013,17:15,21,11,10
24/10/2013,17:30,28,16,12
24/10/2013,17:45,35,14,21
24/10/2013,18:00,27,16,11
24/10/2013,18:15,24,14,10
24/10/2013,18:30,15,8,7
24/10/2013,18:45,21,12,9
24/10/2013,19:00,18,13,5
24/10/2013,19:15,7,7,0
24/10/2013,19:30,8,4,4
24/10/2013,19:45,3,0,3
24/10/2013,20:00,4,4,0
24/10/2013,20:15,4,3,1
24/10/2013,20:30,0,0,0
24/10/2013,20:45,4,4,0
24/10/2013,21:00,4,2,2
24/10/2013,21:15,4,3,1
24/10/2013,21:30,1,0,1
24/10/2013,21:45,2,0,2
24/10/2013,22:00,1,1,0
24/10/2013,22:15,1,1,0
24/10/2013,22:30,2,2,0
24/10/2013,22:45,1,1,0
24/10/2013,23:00,3,2,1
24/10/2013,23:15,1,1,0
24/10/2013,23:30,1,1,0
24/10/2013,23:45,1,1,0
25/10/2013,00:00,1,0,1
25/10/2013,00:15,0,0,0
25/10/2013,00:30,0,0,0
25/10/2013,00:45,1,1,0
25/10/2013,01:00,0,0,0
25/10/2013,01:15,0,0,0
25/10/2013,01:30,0,0,0
25/10/2013,01:45,0,0,0
25/10/2013,02:00,0,0,0
25/10/2013,02:15,0,0,0
25/10/2013,02:30,0,0,0
25/10/2013,02:45,0,0,0
25/10/2013,03:00,0,0,0
25/10/2013,03:15,0,0,0
25/10/2013,03:30,0,0,0
25/10/2013,03:45,1,1,0
25/10/2013,04:00,1,1,0
25/10/2013,04:15,1,1,0
25/10/2013,04:30,1,1,0
25/10/2013,04:45,2,0,2
25/10/2013,05:00,3,3,0
25/10/2013,05:15,1,1,0
25/10/2013,05:30,3,2,1
25/10/2013,05:45,7,5,2
25/10/2013,06:00,6,2,4
25/10/2013,06:15,3,2,1
25/10/2013,06:30,4,2,2
25/10/2013,06:45,12,6,6
25/10/2013,07:00,17,9,8
25/10/2013,07:15,16,5,11
25/10/2013,07:30,18,6,12
25/10/2013,07:45,20,7,13
25/10/2013,08:00,21,6,15
25/10/2013,08:15,19,4,15
25/10/2013,08:30,16,6,10
25/10/2013,08:45,14,8,6
25/10/2013,09:00,11,5,6
25/10/2013,09:15,12,6,6
25/10/2013,09:30,9,4,5
25/10/2013,09:45,13,6,7
25/10/2013,10:00,6,5,1
25/10/2013,10:15,6,4,2
25/10/2013,10:30,5,2,3
25/10/2013,10:45,20,16,4
25/10/2013,11:00,12,10,2
25/10/2013,11:15,13,9,4
25/10/2013,11:30,10,6,4
25/10/2013,11:45,6,3,3
25/10/2013,12:00,25,21,4
25/10/2013,12:15,14,11,3
25/10/2013,12:30,10,9,1
25/10/2013,12:45,24,17,7
25/10/2013,13:00,15,10,5
25/10/2013,13:15,16,14,2
25/10/2013,13:30,44,42,2
25/10/2013,13:45,29,23,6
25/10/2013,14:00,25,23,2
25/10/2013,14:15,22,15,7
25/10/2013,14:30,11,6,5
25/10/2013,14:45,23,11,12
25/10/2013,15:00,24,15,9
25/10/2013,15:15,7,2,5
25/10/2013,15:30,18,4,14
25/10/2013,15:45,22,11,11
25/10/2013,16:00,16,10,6
25/10/2013,16:15,20,10,10
25/10/2013,16:30,23,11,12
25/10/2013,16:45,30,14,16
25/10/2013,17:00,26,10,16
25/10/2013,17:15,25,15,10
25/10/2013,17:30,25,14,11
25/10/2013,17:45,26,15,11
25/10/2013,18:00,18,10,8
25/10/2013,18:15,16,9,7
25/10/2013,18:30,16,8,8
25/10/2013,18:45,13,4,9
25/10/2013,19:00,10,7,3
25/10/2013,19:15,7,6,1
25/10/2013,19:30,12,8,4
25/10/2013,19:45,4,0,4
25/10/2013,20:00,1,1,0
25/10/2013,20:15,1,0,1
25/10/2013,20:30,2,2,0
25/10/2013,20:45,1,0,1
25/10/2013,21:00,2,1,1
25/10/2013,21:15,3,1,2
25/10/2013,21:30,5,4,1
25/10/2013,21:45,3,0,3
25/10/2013,22:00,0,0,0
25/10/2013,22:15,5,5,0
25/10/2013,22:30,2,2,0
25/10/2013,22:45,0,0,0
25/10/2013,23:00,0,0,0
25/10/2013,23:15,0,0,0
25/10/2013,23:30,2,2,0
25/10/2013,23:45,1,1,0
26/10/2013,00:00,1,0,1
26/10/2013,00:15,0,0,0
26/10/2013,00:30,0,0,0
26/10/2013,00:45,1,0,1
26/10/2013,01:00,0,0,0
26/10/2013,01:15,0,0,0
26/10/2013,01:30,0,0,0
26/10/2013,01:45,1,0,1
26/10/2013,02:00,0,0,0
26/10/2013,02:15,0,0,0
26/10/2013,02:30,0,0,0
26/10/2013,02:45,2,1,1
26/10/2013,03:00,0,0,0
26/10/2013,03:15,0,0,0
26/10/2013,03:30,1,0,1
26/10/2013,03:45,0,0,0
26/10/2013,04:00,0,0,0
26/10/2013,04:15,0,0,0
26/10/2013,04:30,0,0,0
26/10/2013,04:45,0,0,0
26/10/2013,05:00,0,0,0
26/10/2013,05:15,0,0,0
26/10/2013,05:30,4,4,0
26/10/2013,05:45,3,3,0
26/10/2013,06:00,2,2,0
26/10/2013,06:15,3,3,0
26/10/2013,06:30,2,1,1
26/10/2013,06:45,2,1,1
26/10/2013,07:00,5,4,1
26/10/2013,07:15,8,7,1
26/10/2013,07:30,8,5,3
26/10/2013,07:45,13,7,6
26/10/2013,08:00,11,9,2
26/10/2013,08:15,17,12,5
26/10/2013,08:30,24,16,8
26/10/2013,08:45,18,7,11
26/10/2013,09:00,14,8,6
26/10/2013,09:15,17,7,10
26/10/2013,09:30,15,10,5
26/10/2013,09:45,23,12,11
26/10/2013,10:00,37,22,15
26/10/2013,10:15,36,28,8
26/10/2013,10:30,34,25,9
26/10/2013,10:45,49,39,10
26/10/2013,11:00,46,38,8
26/10/2013,11:15,49,34,15
26/10/2013,11:30,47,31,16
26/10/2013,11:45,47,36,11
26/10/2013,12:00,81,65,16
26/10/2013,12:15,44,35,9
26/10/2013,12:30,38,21,17
26/10/2013,12:45,36,26,10
26/10/2013,13:00,50,29,21
26/10/2013,13:15,41,30,11
26/10/2013,13:30,45,33,12
26/10/2013,13:45,36,27,9
26/10/2013,14:00,32,25,7
26/10/2013,14:15,44,32,12
26/10/2013,14:30,40,29,11
26/10/2013,14:45,52,36,16
26/10/2013,15:00,31,22,9
26/10/2013,15:15,20,10,10
26/10/2013,15:30,39,16,23
26/10/2013,15:45,22,7,15
26/10/2013,16:00,32,16,16
26/10/2013,16:15,36,22,14
26/10/2013,16:30,26,15,11
26/10/2013,16:45,16,7,9
26/10/2013,17:00,16,6,10
26/10/2013,17:15,25,12,13
26/10/2013,17:30,8,4,4
26/10/2013,17:45,14,7,7
26/10/2013,18:00,10,5,5
26/10/2013,18:15,11,3,8
26/10/2013,18:30,6,3,3
26/10/2013,18:45,2,1,1
26/10/2013,19:00,6,3,3
26/10/2013,19:15,2,2,0
26/10/2013,19:30,1,1,0
26/10/2013,19:45,1,1,0
26/10/2013,20:00,1,1,0
26/10/2013,20:15,2,1,1
26/10/2013,20:30,2,1,1
26/10/2013,20:45,1,0,1
26/10/2013,21:00,1,0,1
26/10/2013,21:15,4,1,3
26/10/2013,21:30,3,2,1
26/10/2013,21:45,1,1,0
26/10/2013,22:00,1,0,1
26/10/2013,22:15,2,0,2
26/10/2013,22:30,2,2,0
26/10/2013,22:45,1,0,1
26/10/2013,23:00,1,1,0
26/10/2013,23:15,0,0,0
26/10/2013,23:30,3,1,2
26/10/2013,23:45,2,1,1
27/10/2013,00:00,0,0,0
27/10/2013,00:15,1,0,1
27/10/2013,00:30,1,1,0
27/10/2013,00:45,1,0,1
27/10/2013,01:00,0,0,0
27/10/2013,01:15,1,1,0
27/10/2013,01:30,0,0,0
27/10/2013,01:45,0,0,0
27/10/2013,02:00,3,1,2
27/10/2013,02:15,0,0,0
27/10/2013,02:30,0,0,0
27/10/2013,02:45,0,0,0
27/10/2013,03:00,0,0,0
27/10/2013,03:15,1,0,1
27/10/2013,03:30,0,0,0
27/10/2013,03:45,1,1,0
27/10/2013,04:00,0,0,0
27/10/2013,04:15,0,0,0
27/10/2013,04:30,0,0,0
27/10/2013,04:45,0,0,0
27/10/2013,05:00,0,0,0
27/10/2013,05:15,2,0,2
27/10/2013,05:30,0,0,0
27/10/2013,05:45,3,3,0
27/10/2013,06:00,2,2,0
27/10/2013,06:15,1,1,0
27/10/2013,06:30,1,1,0
27/10/2013,06:45,3,3,0
27/10/2013,07:00,2,2,0
27/10/2013,07:15,3,1,2
27/10/2013,07:30,7,2,5
27/10/2013,07:45,5,4,1
27/10/2013,08:00,7,5,2
27/10/2013,08:15,9,5,4
27/10/2013,08:30,12,6,6
27/10/2013,08:45,10,6,4
27/10/2013,09:00,8,4,4
27/10/2013,09:15,19,6,13
27/10/2013,09:30,14,7,7
27/10/2013,09:45,12,7,5
27/10/2013,10:00,24,12,12
27/10/2013,10:15,15,7,8
27/10/2013,10:30,13,6,7
27/10/2013,10:45,21,9,12
27/10/2013,11:00,20,4,16
27/10/2013,11:15,24,15,9
27/10/2013,11:30,17,9,8
27/10/2013,11:45,24,12,12
27/10/2013,12:00,27,15,12
27/10/2013,12:15,25,9,16
27/10/2013,12:30,26,12,14
27/10/2013,12:45,25,11,14
27/10/2013,13:00,28,16,12
27/10/2013,13:15,30,19,11
27/10/2013,13:30,38,23,15
27/10/2013,13:45,43,21,22
27/10/2013,14:00,32,15,17
27/10/2013,14:15,39,24,15
27/10/2013,14:30,63,29,34
27/10/2013,14:45,30,16,14
27/10/2013,15:00,44,21,23
27/10/2013,15:15,25,7,18
27/10/2013,15:30,39,13,26
27/10/2013,15:45,38,17,21
27/10/2013,16:00,34,16,18
27/10/2013,16:15,36,19,17
27/10/2013,16:30,16,3,13
27/10/2013,16:45,18,13,5
27/10/2013,17:00,39,20,19
27/10/2013,17:15,19,10,9
27/10/2013,17:30,23,13,10
27/10/2013,17:45,24,12,12
27/10/2013,18:00,23,11,12
27/10/2013,18:15,10,4,6
27/10/2013,18:30,19,11,8
27/10/2013,18:45,5,2,3
27/10/2013,19:00,4,2,2
27/10/2013,19:15,5,3,2
27/10/2013,19:30,0,0,0
27/10/2013,19:45,3,2,1
27/10/2013,20:00,1,1,0
27/10/2013,20:15,4,1,3
27/10/2013,20:30,0,0,0
27/10/2013,20:45,1,0,1
27/10/2013,21:00,3,1,2
27/10/2013,21:15,2,0,2
27/10/2013,21:30,2,1,1
27/10/2013,21:45,1,1,0
27/10/2013,22:00,2,2,0
27/10/2013,22:15,1,1,0
27/10/2013,22:30,0,0,0
27/10/2013,22:45,0,0,0
27/10/2013,23:00,0,0,0
27/10/2013,23:15,0,0,0
27/10/2013,23:30,1,1,0
27/10/2013,23:45,1,0,1
28/10/2013,00:00,0,0,0
28/10/2013,00:15,0,0,0
28/10/2013,00:30,0,0,0
28/10/2013,00:45,2,1,1
28/10/2013,01:00,1,0,1
28/10/2013,01:15,0,0,0
28/10/2013,01:30,0,0,0
28/10/2013,01:45,1,1,0
28/10/2013,02:00,0,0,0
28/10/2013,02:15,0,0,0
28/10/2013,02:30,0,0,0
28/10/2013,02:45,0,0,0
28/10/2013,03:00,0,0,0
28/10/2013,03:15,0,0,0
28/10/2013,03:30,0,0,0
28/10/2013,03:45,0,0,0
28/10/2013,04:00,1,1,0
28/10/2013,04:15,4,2,2
28/10/2013,04:30,1,1,0
28/10/2013,04:45,2,2,0
28/10/2013,05:00,3,1,2
28/10/2013,05:15,1,1,0
28/10/2013,05:30,5,3,2
28/10/2013,05:45,9,5,4
28/10/2013,06:00,9,5,4
28/10/2013,06:15,10,5,5
28/10/2013,06:30,9,3,6
28/10/2013,06:45,26,14,12
28/10/2013,07:00,15,6,9
28/10/2013,07:15,20,5,15
28/10/2013,07:30,21,4,17
28/10/2013,07:45,25,5,20
28/10/2013,08:00,24,11,13
28/10/2013,08:15,16,10,6
28/10/2013,08:30,14,5,9
28/10/2013,08:45,23,7,16
28/10/2013,09:00,18,6,12
28/10/2013,09:15,9,6,3
28/10/2013,09:30,11,4,7
28/10/2013,09:45,10,7,3
28/10/2013,10:00,13,8,5
28/10/2013,10:15,9,3,6
28/10/2013,10:30,5,0,5
28/10/2013,10:45,8,5,3
28/10/2013,11:00,17,9,8
28/10/2013,11:15,8,4,4
28/10/2013,11:30,10,8,2
28/10/2013,11:45,25,15,10
28/10/2013,12:00,14,9,5
28/10/2013,12:15,18,11,7
28/10/2013,12:30,16,5,11
28/10/2013,12:45,9,2,7
28/10/2013,13:00,8,5,3
28/10/2013,13:15,16,10,6
28/10/2013,13:30,20,8,12
28/10/2013,13:45,20,15,5
28/10/2013,14:00,19,9,10
28/10/2013,14:15,24,16,8
28/10/2013,14:30,18,7,11
28/10/2013,14:45,21,16,5
28/10/2013,15:00,18,14,4
28/10/2013,15:15,12,6,6
28/10/2013,15:30,12,5,7
28/10/2013,15:45,24,9,15
28/10/2013,16:00,19,8,11
28/10/2013,16:15,26,9,17
28/10/2013,16:30,24,11,13
28/10/2013,16:45,41,19,22
28/10/2013,17:00,31,18,13
28/10/2013,17:15,45,25,20
28/10/2013,17:30,40,20,20
28/10/2013,17:45,43,18,25
28/10/2013,18:00,47,25,22
28/10/2013,18:15,32,20,12
28/10/2013,18:30,28,16,12
28/10/2013,18:45,14,9,5
28/10/2013,19:00,8,4,4
28/10/2013,19:15,12,4,8
28/10/2013,19:30,4,0,4
28/10/2013,19:45,5,3,2
28/10/2013,20:00,7,6,1
28/10/2013,20:15,4,3,1
28/10/2013,20:30,3,1,2
28/10/2013,20:45,3,1,2
28/10/2013,21:00,2,1,1
28/10/2013,21:15,5,3,2
28/10/2013,21:30,0,0,0
28/10/2013,21:45,2,2,0
28/10/2013,22:00,2,2,0
28/10/2013,22:15,3,1,2
28/10/2013,22:30,2,1,1
28/10/2013,22:45,0,0,0
28/10/2013,23:00,0,0,0
28/10/2013,23:15,2,2,0
28/10/2013,23:30,0,0,0
28/10/2013,23:45,1,0,1
29/10/2013,00:00,0,0,0
29/10/2013,00:15,1,0,1
29/10/2013,00:30,0,0,0
29/10/2013,00:45,1,0,1
29/10/2013,01:00,0,0,0
29/10/2013,01:15,0,0,0
29/10/2013,01:30,0,0,0
29/10/2013,01:45,0,0,0
29/10/2013,02:00,0,0,0
29/10/2013,02:15,0,0,0
29/10/2013,02:30,0,0,0
29/10/2013,02:45,0,0,0
29/10/2013,03:00,0,0,0
29/10/2013,03:15,0,0,0
29/10/2013,03:30,0,0,0
29/10/2013,03:45,1,1,0
29/10/2013,04:00,0,0,0
29/10/2013,04:15,0,0,0
29/10/2013,04:30,2,2,0
29/10/2013,04:45,2,0,2
29/10/2013,05:00,1,0,1
29/10/2013,05:15,1,0,1
29/10/2013,05:30,10,5,5
29/10/2013,05:45,7,5,2
29/10/2013,06:00,13,7,6
29/10/2013,06:15,7,4,3
29/10/2013,06:30,9,4,5
29/10/2013,06:45,18,7,11
29/10/2013,07:00,15,7,8
29/10/2013,07:15,21,6,15
29/10/2013,07:30,34,7,27
29/10/2013,07:45,25,8,17
29/10/2013,08:00,26,7,19
29/10/2013,08:15,22,10,12
29/10/2013,08:30,21,3,18
29/10/2013,08:45,20,5,15
29/10/2013,09:00,22,7,15
29/10/2013,09:15,10,5,5
29/10/2013,09:30,19,9,10
29/10/2013,09:45,12,8,4
29/10/2013,10:00,24,20,4
29/10/2013,10:15,18,12,6
29/10/2013,10:30,17,11,6
29/10/2013,10:45,27,25,2
29/10/2013,11:00,15,13,2
29/10/2013,11:15,24,20,4
29/10/2013,11:30,19,16,3
29/10/2013,11:45,23,11,12
29/10/2013,12:00,22,21,1
29/10/2013,12:15,26,17,9
29/10/2013,12:30,31,21,10
29/10/2013,12:45,21,15,6
29/10/2013,13:00,22,19,3
29/10/2013,13:15,24,16,8
29/10/2013,13:30,31,25,6
29/10/2013,13:45,18,13,5
29/10/2013,14:00,26,21,5
29/10/2013,14:15,19,12,7
29/10/2013,14:30,24,12,12
29/10/2013,14:45,13,5,8
29/10/2013,15:00,17,6,11
29/10/2013,15:15,18,6,12
29/10/2013,15:30,20,3,17
29/10/2013,15:45,18,7,11
29/10/2013,16:00,8,4,4
29/10/2013,16:15,22,14,8
29/10/2013,16:30,33,16,17
29/10/2013,16:45,39,21,18
29/10/2013,17:00,57,29,28
29/10/2013,17:15,44,27,17
29/10/2013,17:30,41,28,13
29/10/2013,17:45,37,19,18
29/10/2013,18:00,38,24,14
29/10/2013,18:15,39,28,11
29/10/2013,18:30,30,17,13
29/10/2013,18:45,15,9,6
29/10/2013,19:00,15,10,5
29/10/2013,19:15,14,10,4
29/10/2013,19:30,9,5,4
29/10/2013,19:45,8,1,7
29/10/2013,20:00,7,4,3
29/10/2013,20:15,5,4,1
29/10/2013,20:30,1,0,1
29/10/2013,20:45,2,1,1
29/10/2013,21:00,7,4,3
29/10/2013,21:15,4,1,3
29/10/2013,21:30,0,0,0
29/10/2013,21:45,3,1,2
29/10/2013,22:00,3,1,2
29/10/2013,22:15,0,0,0
29/10/2013,22:30,1,1,0
29/10/2013,22:45,1,1,0
29/10/2013,23:00,0,0,0
29/10/2013,23:15,2,1,1
29/10/2013,23:30,1,1,0
29/10/2013,23:45,1,1,0
30/10/2013,00:00,0,0,0
30/10/2013,00:15,0,0,0
30/10/2013,00:30,1,1,0
30/10/2013,00:45,1,0,1
30/10/2013,01:00,1,1,0
30/10/2013,01:15,0,0,0
30/10/2013,01:30,0,0,0
30/10/2013,01:45,0,0,0
30/10/2013,02:00,0,0,0
30/10/2013,02:15,0,0,0
30/10/2013,02:30,0,0,0
30/10/2013,02:45,0,0,0
30/10/2013,03:00,0,0,0
30/10/2013,03:15,0,0,0
30/10/2013,03:30,0,0,0
30/10/2013,03:45,1,1,0
30/10/2013,04:00,1,1,0
30/10/2013,04:15,1,1,0
30/10/2013,04:30,1,0,1
30/10/2013,04:45,4,2,2
30/10/2013,05:00,0,0,0
30/10/2013,05:15,1,0,1
30/10/2013,05:30,8,7,1
30/10/2013,05:45,6,2,4
30/10/2013,06:00,16,11,5
30/10/2013,06:15,13,5,8
30/10/2013,06:30,8,2,6
30/10/2013,06:45,12,2,10
30/10/2013,07:00,17,3,14
30/10/2013,07:15,16,5,11
30/10/2013,07:30,26,6,20
30/10/2013,07:45,19,6,13
30/10/2013,08:00,20,5,15
30/10/2013,08:15,11,3,8
30/10/2013,08:30,14,4,10
30/10/2013,08:45,14,7,7
30/10/2013,09:00,12,5,7
30/10/2013,09:15,13,7,6
30/10/2013,09:30,5,2,3
30/10/2013,09:45,4,1,3
30/10/2013,10:00,6,3,3
30/10/2013,10:15,12,8,4
30/10/2013,10:30,9,3,6
30/10/2013,10:45,9,4,5
30/10/2013,11:00,8,5,3
30/10/2013,11:15,12,6,6
30/10/2013,11:30,11,7,4
30/10/2013,11:45,5,3,2
30/10/2013,12:00,16,6,10
30/10/2013,12:15,5,3,2
30/10/2013,12:30,13,5,8
30/10/2013,12:45,10,2,8
30/10/2013,13:00,8,2,6
30/10/2013,13:15,9,4,5
30/10/2013,13:30,12,6,6
30/10/2013,13:45,15,4,11
30/10/2013,14:00,10,3,7
30/10/2013,14:15,9,4,5
30/10/2013,14:30,8,4,4
30/10/2013,14:45,13,6,7
30/10/2013,15:00,16,9,7
30/10/2013,15:15,14,7,7
30/10/2013,15:30,3,0,3
30/10/2013,15:45,16,8,8
30/10/2013,16:00,16,10,6
30/10/2013,16:15,25,8,17
30/10/2013,16:30,25,8,17
30/10/2013,16:45,33,14,19
30/10/2013,17:00,32,15,17
30/10/2013,17:15,41,22,19
30/10/2013,17:30,34,19,15
30/10/2013,17:45,30,16,14
30/10/2013,18:00,35,16,19
30/10/2013,18:15,34,20,14
30/10/2013,18:30,43,26,17
30/10/2013,18:45,37,21,16
30/10/2013,19:00,24,15,9
30/10/2013,19:15,15,6,9
30/10/2013,19:30,9,6,3
30/10/2013,19:45,4,3,1
30/10/2013,20:00,11,3,8
30/10/2013,20:15,3,2,1
30/10/2013,20:30,4,3,1
30/10/2013,20:45,0,0,0
30/10/2013,21:00,8,3,5
30/10/2013,21:15,4,1,3
30/10/2013,21:30,2,2,0
30/10/2013,21:45,3,1,2
30/10/2013,22:00,1,0,1
30/10/2013,22:15,5,4,1
30/10/2013,22:30,3,2,1
30/10/2013,22:45,1,1,0
30/10/2013,23:00,0,0,0
30/10/2013,23:15,0,0,0
30/10/2013,23:30,1,1,0
30/10/2013,23:45,2,1,1
31/10/2013,00:00,0,0,0
31/10/2013,00:15,2,2,0
31/10/2013,00:30,0,0,0
31/10/2013,00:45,0,0,0
31/10/2013,01:00,1,1,0
31/10/2013,01:15,0,0,0
31/10/2013,01:30,3,0,3
31/10/2013,01:45,0,0,0
31/10/2013,02:00,1,0,1
31/10/2013,02:15,1,1,0
31/10/2013,02:30,0,0,0
31/10/2013,02:45,0,0,0
31/10/2013,03:00,0,0,0
31/10/2013,03:15,0,0,0
31/10/2013,03:30,0,0,0
31/10/2013,03:45,0,0,0
31/10/2013,04:00,1,1,0
31/10/2013,04:15,1,1,0
31/10/2013,04:30,2,1,1
31/10/2013,04:45,2,1,1
31/10/2013,05:00,1,1,0
31/10/2013,05:15,2,1,1
31/10/2013,05:30,10,6,4
31/10/2013,05:45,8,4,4
31/10/2013,06:00,10,3,7
31/10/2013,06:15,9,5,4
31/10/2013,06:30,12,6,6
31/10/2013,06:45,15,3,12
31/10/2013,07:00,19,6,13
31/10/2013,07:15,18,4,14
31/10/2013,07:30,29,11,18
31/10/2013,07:45,25,4,21
31/10/2013,08:00,24,11,13
31/10/2013,08:15,23,9,14
31/10/2013,08:30,16,6,10
31/10/2013,08:45,20,8,12
31/10/2013,09:00,16,2,14
31/10/2013,09:15,10,5,5
31/10/2013,09:30,10,4,6
31/10/2013,09:45,15,9,6
31/10/2013,10:00,10,5,5
31/10/2013,10:15,9,4,5
31/10/2013,10:30,6,3,3
31/10/2013,10:45,4,1,3
31/10/2013,11:00,14,5,9
31/10/2013,11:15,15,5,10
31/10/2013,11:30,11,5,6
31/10/2013,11:45,6,3,3
31/10/2013,12:00,9,3,6
31/10/2013,12:15,8,2,6
31/10/2013,12:30,10,4,6
31/10/2013,12:45,8,2,6
31/10/2013,13:00,6,2,4
31/10/2013,13:15,6,3,3
31/10/2013,13:30,11,5,6
31/10/2013,13:45,12,4,8
31/10/2013,14:00,9,2,7
31/10/2013,14:15,8,2,6
31/10/2013,14:30,12,4,8
31/10/2013,14:45,7,2,5
31/10/2013,15:00,11,4,7
31/10/2013,15:15,9,4,5
31/10/2013,15:30,29,9,20
31/10/2013,15:45,15,5,10
31/10/2013,16:00,21,11,10
31/10/2013,16:15,11,5,6
31/10/2013,16:30,28,15,13
31/10/2013,16:45,30,15,15
31/10/2013,17:00,39,17,22
31/10/2013,17:15,18,12,6
31/10/2013,17:30,45,20,25
31/10/2013,17:45,34,19,15
31/10/2013,18:00,39,27,12
31/10/2013,18:15,27,13,14
31/10/2013,18:30,24,14,10
31/10/2013,18:45,9,7,2
31/10/2013,19:00,12,7,5
31/10/2013,19:15,6,0,6
31/10/2013,19:30,8,4,4
31/10/2013,19:45,6,2,4
31/10/2013,20:00,5,4,1
31/10/2013,20:15,0,0,0
31/10/2013,20:30,2,2,0
31/10/2013,20:45,3,2,1
31/10/2013,21:00,24,4,20
31/10/2013,21:15,2,2,0
31/10/2013,21:30,3,1,2
31/10/2013,21:45,1,0,1
31/10/2013,22:00,2,1,1
31/10/2013,22:15,2,2,0
31/10/2013,22:30,1,0,1
31/10/2013,22:45,2,0,2
31/10/2013,23:00,2,0,2
31/10/2013,23:15,0,0,0
31/10/2013,23:30,2,0,2
31/10/2013,23:45,0,0,0
01/11/2013,00:00,1,0,1
01/11/2013,00:15,0,0,0
01/11/2013,00:30,0,0,0
01/11/2013,00:45,1,1,0
01/11/2013,01:00,0,0,0
01/11/2013,01:15,0,0,0
01/11/2013,01:30,0,0,0
01/11/2013,01:45,0,0,0
01/11/2013,02:00,1,1,0
01/11/2013,02:15,1,1,0
01/11/2013,02:30,0,0,0
01/11/2013,02:45,0,0,0
01/11/2013,03:00,0,0,0
01/11/2013,03:15,0,0,0
01/11/2013,03:30,0,0,0
01/11/2013,03:45,2,2,0
01/11/2013,04:00,0,0,0
01/11/2013,04:15,0,0,0
01/11/2013,04:30,1,0,1
01/11/2013,04:45,0,0,0
01/11/2013,05:00,0,0,0
01/11/2013,05:15,4,2,2
01/11/2013,05:30,11,6,5
01/11/2013,05:45,11,5,6
01/11/2013,06:00,7,5,2
01/11/2013,06:15,7,3,4
01/11/2013,06:30,7,5,2
01/11/2013,06:45,4,1,3
01/11/2013,07:00,9,3,6
01/11/2013,07:15,14,4,10
01/11/2013,07:30,17,8,9
01/11/2013,07:45,10,7,3
01/11/2013,08:00,18,7,11
01/11/2013,08:15,12,7,5
01/11/2013,08:30,9,3,6
01/11/2013,08:45,8,4,4
01/11/2013,09:00,7,6,1
01/11/2013,09:15,8,4,4
01/11/2013,09:30,9,2,7
01/11/2013,09:45,2,0,2
01/11/2013,10:00,5,1,4
01/11/2013,10:15,1,1,0
01/11/2013,10:30,3,1,2
01/11/2013,10:45,3,1,2
01/11/2013,11:00,2,0,2
01/11/2013,11:15,9,5,4
01/11/2013,11:30,2,0,2
01/11/2013,11:45,1,1,0
01/11/2013,12:00,3,2,1
01/11/2013,12:15,8,3,5
01/11/2013,12:30,4,1,3
01/11/2013,12:45,5,2,3
01/11/2013,13:00,5,2,3
01/11/2013,13:15,3,0,3
01/11/2013,13:30,9,4,5
01/11/2013,13:45,10,4,6
01/11/2013,14:00,10,4,6
01/11/2013,14:15,7,2,5
01/11/2013,14:30,10,4,6
01/11/2013,14:45,14,4,10
01/11/2013,15:00,6,2,4
01/11/2013,15:15,6,1,5
01/11/2013,15:30,15,5,10
01/11/2013,15:45,16,7,9
01/11/2013,16:00,10,6,4
01/11/2013,16:15,25,5,20
01/11/2013,16:30,25,11,14
01/11/2013,16:45,27,7,20
01/11/2013,17:00,41,16,25
01/11/2013,17:15,33,14,19
01/11/2013,17:30,37,16,21
01/11/2013,17:45,32,12,20
01/11/2013,18:00,17,8,9
01/11/2013,18:15,22,15,7
01/11/2013,18:30,33,14,19
01/11/2013,18:45,18,10,8
01/11/2013,19:00,10,5,5
01/11/2013,19:15,9,5,4
01/11/2013,19:30,8,2,6
01/11/2013,19:45,7,3,4
01/11/2013,20:00,5,0,5
01/11/2013,20:15,4,2,2
01/11/2013,20:30,5,3,2
01/11/2013,20:45,3,0,3
01/11/2013,21:00,1,1,0
01/11/2013,21:15,0,0,0
01/11/2013,21:30,3,0,3
01/11/2013,21:45,7,2,5
01/11/2013,22:00,4,2,2
01/11/2013,22:15,2,1,1
01/11/2013,22:30,2,2,0
01/11/2013,22:45,1,0,1
01/11/2013,23:00,7,0,7
01/11/2013,23:15,2,2,0
01/11/2013,23:30,2,1,1
01/11/2013,23:45,2,2,0
02/11/2013,00:00,1,0,1
02/11/2013,00:15,2,2,0
02/11/2013,00:30,2,0,2
02/11/2013,00:45,0,0,0
02/11/2013,01:00,1,1,0
02/11/2013,01:15,0,0,0
02/11/2013,01:30,1,1,0
02/11/2013,01:45,0,0,0
02/11/2013,02:00,1,0,1
02/11/2013,02:15,1,1,0
02/11/2013,02:30,0,0,0
02/11/2013,02:45,0,0,0
02/11/2013,03:00,0,0,0
02/11/2013,03:15,0,0,0
02/11/2013,03:30,0,0,0
02/11/2013,03:45,0,0,0
02/11/2013,04:00,0,0,0
02/11/2013,04:15,0,0,0
02/11/2013,04:30,0,0,0
02/11/2013,04:45,0,0,0
02/11/2013,05:00,0,0,0
02/11/2013,05:15,0,0,0
02/11/2013,05:30,2,2,0
02/11/2013,05:45,2,1,1
02/11/2013,06:00,3,2,1
02/11/2013,06:15,0,0,0
02/11/2013,06:30,1,1,0
02/11/2013,06:45,11,6,5
02/11/2013,07:00,8,7,1
02/11/2013,07:15,5,1,4
02/11/2013,07:30,6,3,3
02/11/2013,07:45,9,5,4
02/11/2013,08:00,5,4,1
02/11/2013,08:15,21,12,9
02/11/2013,08:30,19,10,9
02/11/2013,08:45,22,7,15
02/11/2013,09:00,18,11,7
02/11/2013,09:15,26,12,14
02/11/2013,09:30,28,16,12
02/11/2013,09:45,29,20,9
02/11/2013,10:00,35,14,21
02/11/2013,10:15,32,13,19
02/11/2013,10:30,38,24,14
02/11/2013,10:45,54,33,21
02/11/2013,11:00,70,42,28
02/11/2013,11:15,36,12,24
02/11/2013,11:30,68,39,29
02/11/2013,11:45,68,34,34
02/11/2013,12:00,42,17,25
02/11/2013,12:15,50,20,30
02/11/2013,12:30,46,26,20
02/11/2013,12:45,53,25,28
02/11/2013,13:00,39,25,14
02/11/2013,13:15,41,20,21
02/11/2013,13:30,36,16,20
02/11/2013,13:45,56,34,22
02/11/2013,14:00,46,19,27
02/11/2013,14:15,49,22,27
02/11/2013,14:30,36,17,19
02/11/2013,14:45,46,21,25
02/11/2013,15:00,41,18,23
02/11/2013,15:15,47,13,34
02/11/2013,15:30,46,22,24
02/11/2013,15:45,24,8,16
02/11/2013,16:00,38,17,21
02/11/2013,16:15,30,16,14
02/11/2013,16:30,31,21,10
02/11/2013,16:45,19,10,9
02/11/2013,17:00,18,6,12
02/11/2013,17:15,40,20,20
02/11/2013,17:30,16,7,9
02/11/2013,17:45,11,4,7
02/11/2013,18:00,18,16,2
02/11/2013,18:15,4,1,3
02/11/2013,18:30,5,2,3
02/11/2013,18:45,4,1,3
02/11/2013,19:00,7,7,0
02/11/2013,19:15,5,2,3
02/11/2013,19:30,3,2,1
02/11/2013,19:45,2,1,1
02/11/2013,20:00,4,0,4
02/11/2013,20:15,4,3,1
02/11/2013,20:30,1,0,1
02/11/2013,20:45,0,0,0
02/11/2013,21:00,2,1,1
02/11/2013,21:15,1,0,1
02/11/2013,21:30,1,1,0
02/11/2013,21:45,0,0,0
02/11/2013,22:00,0,0,0
02/11/2013,22:15,0,0,0
02/11/2013,22:30,1,0,1
02/11/2013,22:45,1,1,0
02/11/2013,23:00,1,1,0
02/11/2013,23:15,2,1,1
02/11/2013,23:30,1,1,0
02/11/2013,23:45,3,1,2
03/11/2013,00:00,2,0,2
03/11/2013,00:15,0,0,0
03/11/2013,00:30,2,1,1
03/11/2013,00:45,0,0,0
03/11/2013,01:00,2,0,2
03/11/2013,01:15,0,0,0
03/11/2013,01:30,0,0,0
03/11/2013,01:45,2,0,2
03/11/2013,02:00,2,1,1
03/11/2013,02:15,1,0,1
03/11/2013,02:30,0,0,0
03/11/2013,02:45,0,0,0
03/11/2013,03:00,0,0,0
03/11/2013,03:15,0,0,0
03/11/2013,03:30,0,0,0
03/11/2013,03:45,1,1,0
03/11/2013,04:00,0,0,0
03/11/2013,04:15,0,0,0
03/11/2013,04:30,0,0,0
03/11/2013,04:45,0,0,0
03/11/2013,05:00,1,0,1
03/11/2013,05:15,1,0,1
03/11/2013,05:30,0,0,0
03/11/2013,05:45,4,4,0
03/11/2013,06:00,3,3,0
03/11/2013,06:15,3,1,2
03/11/2013,06:30,5,4,1
03/11/2013,06:45,6,4,2
03/11/2013,07:00,4,1,3
03/11/2013,07:15,7,4,3
03/11/2013,07:30,6,1,5
03/11/2013,07:45,12,3,9
03/11/2013,08:00,19,12,7
03/11/2013,08:15,22,9,13
03/11/2013,08:30,24,13,11
03/11/2013,08:45,23,18,5
03/11/2013,09:00,20,17,3
03/11/2013,09:15,18,9,9
03/11/2013,09:30,20,8,12
03/11/2013,09:45,34,21,13
03/11/2013,10:00,24,9,15
03/11/2013,10:15,22,10,12
03/11/2013,10:30,42,35,7
03/11/2013,10:45,81,63,18
03/11/2013,11:00,73,55,18
03/11/2013,11:15,40,29,11
03/11/2013,11:30,64,49,15
03/11/2013,11:45,54,47,7
03/11/2013,12:00,46,35,11
03/11/2013,12:15,95,82,13
03/11/2013,12:30,62,43,19
03/11/2013,12:45,69,54,15
03/11/2013,13:00,92,77,15
03/11/2013,13:15,71,60,11
03/11/2013,13:30,39,28,11
03/11/2013,13:45,55,33,22
03/11/2013,14:00,27,16,11
03/11/2013,14:15,34,23,11
03/11/2013,14:30,19,14,5
03/11/2013,14:45,29,17,12
03/11/2013,15:00,24,13,11
03/11/2013,15:15,30,13,17
03/11/2013,15:30,26,7,19
03/11/2013,15:45,12,6,6
03/11/2013,16:00,40,21,19
03/11/2013,16:15,22,12,10
03/11/2013,16:30,14,7,7
03/11/2013,16:45,22,6,16
03/11/2013,17:00,20,13,7
03/11/2013,17:15,13,7,6
03/11/2013,17:30,12,8,4
03/11/2013,17:45,4,2,2
03/11/2013,18:00,5,1,4
03/11/2013,18:15,4,2,2
03/11/2013,18:30,4,4,0
03/11/2013,18:45,2,2,0
03/11/2013,19:00,0,0,0
03/11/2013,19:15,3,2,1
03/11/2013,19:30,3,1,2
03/11/2013,19:45,3,3,0
03/11/2013,20:00,4,2,2
03/11/2013,20:15,4,1,3
03/11/2013,20:30,2,0,2
03/11/2013,20:45,1,1,0
03/11/2013,21:00,2,1,1
03/11/2013,21:15,0,0,0
03/11/2013,21:30,2,0,2
03/11/2013,21:45,0,0,0
03/11/2013,22:00,0,0,0
03/11/2013,22:15,0,0,0
03/11/2013,22:30,0,0,0
03/11/2013,22:45,0,0,0
03/11/2013,23:00,2,2,0
03/11/2013,23:15,0,0,0
03/11/2013,23:30,1,1,0
03/11/2013,23:45,0,0,0
04/11/2013,00:00,0,0,0
04/11/2013,00:15,0,0,0
04/11/2013,00:30,0,0,0
04/11/2013,00:45,1,0,1
04/11/2013,01:00,1,1,0
04/11/2013,01:15,2,1,1
04/11/2013,01:30,0,0,0
04/11/2013,01:45,0,0,0
04/11/2013,02:00,1,0,1
04/11/2013,02:15,0,0,0
04/11/2013,02:30,1,1,0
04/11/2013,02:45,0,0,0
04/11/2013,03:00,0,0,0
04/11/2013,03:15,0,0,0
04/11/2013,03:30,0,0,0
04/11/2013,03:45,0,0,0
04/11/2013,04:00,1,1,0
04/11/2013,04:15,0,0,0
04/11/2013,04:30,1,1,0
04/11/2013,04:45,2,0,2
04/11/2013,05:00,3,1,2
04/11/2013,05:15,4,2,2
04/11/2013,05:30,6,4,2
04/11/2013,05:45,7,6,1
04/11/2013,06:00,10,4,6
04/11/2013,06:15,16,8,8
04/11/2013,06:30,9,4,5
04/11/2013,06:45,16,8,8
04/11/2013,07:00,19,6,13
04/11/2013,07:15,27,9,18
04/11/2013,07:30,29,10,19
04/11/2013,07:45,26,11,15
04/11/2013,08:00,23,8,15
04/11/2013,08:15,20,8,12
04/11/2013,08:30,16,11,5
04/11/2013,08:45,37,29,8
04/11/2013,09:00,34,28,6
04/11/2013,09:15,39,38,1
04/11/2013,09:30,28,25,3
04/11/2013,09:45,23,18,5
04/11/2013,10:00,29,25,4
04/11/2013,10:15,29,27,2
04/11/2013,10:30,52,48,4
04/11/2013,10:45,12,11,1
04/11/2013,11:00,15,11,4
04/11/2013,11:15,7,2,5
04/11/2013,11:30,6,4,2
04/11/2013,11:45,4,1,3
04/11/2013,12:00,5,2,3
04/11/2013,12:15,1,1,0
04/11/2013,12:30,4,2,2
04/11/2013,12:45,6,2,4
04/11/2013,13:00,5,0,5
04/11/2013,13:15,11,4,7
04/11/2013,13:30,11,7,4
04/11/2013,13:45,12,3,9
04/11/2013,14:00,9,1,8
04/11/2013,14:15,14,11,3
04/11/2013,14:30,31,9,22
04/11/2013,14:45,9,3,6
04/11/2013,15:00,7,4,3
04/11/2013,15:15,9,5,4
04/11/2013,15:30,16,7,9
04/11/2013,15:45,14,8,6
04/11/2013,16:00,16,4,12
04/11/2013,16:15,10,5,5
04/11/2013,16:30,17,10,7
04/11/2013,16:45,17,11,6
04/11/2013,17:00,28,18,10
04/11/2013,17:15,18,10,8
04/11/2013,17:30,16,13,3
04/11/2013,17:45,17,11,6
04/11/2013,18:00,14,8,6
04/11/2013,18:15,13,7,6
04/11/2013,18:30,11,5,6
04/11/2013,18:45,9,9,0
04/11/2013,19:00,15,10,5
04/11/2013,19:15,6,3,3
04/11/2013,19:30,10,5,5
04/11/2013,19:45,5,4,1
04/11/2013,20:00,4,2,2
04/11/2013,20:15,4,3,1
04/11/2013,20:30,4,2,2
04/11/2013,20:45,2,1,1
04/11/2013,21:00,2,1,1
04/11/2013,21:15,2,1,1
04/11/2013,21:30,3,1,2
04/11/2013,21:45,2,1,1
04/11/2013,22:00,0,0,0
04/11/2013,22:15,5,4,1
04/11/2013,22:30,2,2,0
04/11/2013,22:45,1,0,1
04/11/2013,23:00,0,0,0
04/11/2013,23:15,2,2,0
04/11/2013,23:30,1,0,1
04/11/2013,23:45,2,0,2
05/11/2013,00:00,0,0,0
05/11/2013,00:15,1,0,1
05/11/2013,00:30,1,0,1
05/11/2013,00:45,2,1,1
05/11/2013,01:00,0,0,0
05/11/2013,01:15,0,0,0
05/11/2013,01:30,1,0,1
05/11/2013,01:45,0,0,0
05/11/2013,02:00,0,0,0
05/11/2013,02:15,0,0,0
05/11/2013,02:30,0,0,0
05/11/2013,02:45,0,0,0
05/11/2013,03:00,0,0,0
05/11/2013,03:15,0,0,0
05/11/2013,03:30,0,0,0
05/11/2013,03:45,2,2,0
05/11/2013,04:00,2,2,0
05/11/2013,04:15,0,0,0
05/11/2013,04:30,1,0,1
05/11/2013,04:45,1,1,0
05/11/2013,05:00,2,0,2
05/11/2013,05:15,4,2,2
05/11/2013,05:30,3,1,2
05/11/2013,05:45,10,7,3
05/11/2013,06:00,11,8,3
05/11/2013,06:15,14,7,7
05/11/2013,06:30,11,4,7
05/11/2013,06:45,20,8,12
05/11/2013,07:00,31,9,22
05/11/2013,07:15,18,5,13
05/11/2013,07:30,24,6,18
05/11/2013,07:45,19,8,11
05/11/2013,08:00,22,8,14
05/11/2013,08:15,19,10,9
05/11/2013,08:30,18,11,7
05/11/2013,08:45,14,4,10
05/11/2013,09:00,8,3,5
05/11/2013,09:15,6,3,3
05/11/2013,09:30,10,3,7
05/11/2013,09:45,7,4,3
05/11/2013,10:00,5,3,2
05/11/2013,10:15,9,4,5
05/11/2013,10:30,9,6,3
05/11/2013,10:45,6,4,2
05/11/2013,11:00,1,0,1
05/11/2013,11:15,12,2,10
05/11/2013,11:30,8,3,5
05/11/2013,11:45,5,2,3
05/11/2013,12:00,6,3,3
05/11/2013,12:15,8,2,6
05/11/2013,12:30,8,4,4
05/11/2013,12:45,5,3,2
05/11/2013,13:00,15,6,9
05/11/2013,13:15,7,3,4
05/11/2013,13:30,13,7,6
05/11/2013,13:45,10,2,8
05/11/2013,14:00,8,5,3
05/11/2013,14:15,11,4,7
05/11/2013,14:30,11,4,7
05/11/2013,14:45,16,9,7
05/11/2013,15:00,11,5,6
05/11/2013,15:15,16,6,10
05/11/2013,15:30,10,3,7
05/11/2013,15:45,20,4,16
05/11/2013,16:00,17,6,11
05/11/2013,16:15,19,7,12
05/11/2013,16:30,28,15,13
05/11/2013,16:45,29,19,10
05/11/2013,17:00,36,21,15
05/11/2013,17:15,25,16,9
05/11/2013,17:30,26,12,14
05/11/2013,17:45,22,9,13
05/11/2013,18:00,17,8,9
05/11/2013,18:15,15,8,7
05/11/2013,18:30,20,13,7
05/11/2013,18:45,10,8,2
05/11/2013,19:00,13,5,8
05/11/2013,19:15,10,6,4
05/11/2013,19:30,10,4,6
05/11/2013,19:45,5,2,3
05/11/2013,20:00,4,1,3
05/11/2013,20:15,5,4,1
05/11/2013,20:30,6,3,3
05/11/2013,20:45,3,2,1
05/11/2013,21:00,7,5,2
05/11/2013,21:15,1,0,1
05/11/2013,21:30,3,2,1
05/11/2013,21:45,3,1,2
05/11/2013,22:00,1,1,0
05/11/2013,22:15,3,1,2
05/11/2013,22:30,2,2,0
05/11/2013,22:45,1,1,0
05/11/2013,23:00,2,0,2
05/11/2013,23:15,1,0,1
05/11/2013,23:30,0,0,0
05/11/2013,23:45,0,0,0
06/11/2013,00:00,1,1,0
06/11/2013,00:15,1,1,0
06/11/2013,00:30,1,0,1
06/11/2013,00:45,0,0,0
06/11/2013,01:00,0,0,0
06/11/2013,01:15,2,0,2
06/11/2013,01:30,0,0,0
06/11/2013,01:45,0,0,0
06/11/2013,02:00,0,0,0
06/11/2013,02:15,0,0,0
06/11/2013,02:30,0,0,0
06/11/2013,02:45,1,0,1
06/11/2013,03:00,0,0,0
06/11/2013,03:15,0,0,0
06/11/2013,03:30,0,0,0
06/11/2013,03:45,0,0,0
06/11/2013,04:00,2,1,1
06/11/2013,04:15,2,1,1
06/11/2013,04:30,0,0,0
06/11/2013,04:45,1,0,1
06/11/2013,05:00,0,0,0
06/11/2013,05:15,3,2,1
06/11/2013,05:30,4,3,1
06/11/2013,05:45,7,5,2
06/11/2013,06:00,13,7,6
06/11/2013,06:15,17,6,11
06/11/2013,06:30,9,4,5
06/11/2013,06:45,21,6,15
06/11/2013,07:00,35,12,23
06/11/2013,07:15,30,14,16
06/11/2013,07:30,25,6,19
06/11/2013,07:45,29,11,18
06/11/2013,08:00,32,12,20
06/11/2013,08:15,24,4,20
06/11/2013,08:30,21,8,13
06/11/2013,08:45,19,7,12
06/11/2013,09:00,19,4,15
06/11/2013,09:15,12,9,3
06/11/2013,09:30,12,8,4
06/11/2013,09:45,14,6,8
06/11/2013,10:00,18,6,12
06/11/2013,10:15,11,3,8
06/11/2013,10:30,6,2,4
06/11/2013,10:45,3,1,2
06/11/2013,11:00,11,4,7
06/11/2013,11:15,13,8,5
06/11/2013,11:30,20,17,3
06/11/2013,11:45,39,29,10
06/11/2013,12:00,25,15,10
06/11/2013,12:15,27,19,8
06/11/2013,12:30,31,25,6
06/11/2013,12:45,32,27,5
06/11/2013,13:00,23,21,2
06/11/2013,13:15,35,28,7
06/11/2013,13:30,39,34,5
06/11/2013,13:45,32,15,17
06/11/2013,14:00,15,9,6
06/11/2013,14:15,15,6,9
06/11/2013,14:30,20,6,14
06/11/2013,14:45,18,10,8
06/11/2013,15:00,17,6,11
06/11/2013,15:15,24,12,12
06/11/2013,15:30,22,11,11
06/11/2013,15:45,27,10,17
06/11/2013,16:00,38,24,14
06/11/2013,16:15,25,13,12
06/11/2013,16:30,31,15,16
06/11/2013,16:45,42,27,15
06/11/2013,17:00,33,18,15
06/11/2013,17:15,45,24,21
06/11/2013,17:30,26,12,14
06/11/2013,17:45,26,13,13
06/11/2013,18:00,35,19,16
06/11/2013,18:15,26,15,11
06/11/2013,18:30,14,8,6
06/11/2013,18:45,10,7,3
06/11/2013,19:00,14,8,6
06/11/2013,19:15,16,9,7
06/11/2013,19:30,12,6,6
06/11/2013,19:45,12,3,9
06/11/2013,20:00,3,3,0
06/11/2013,20:15,7,6,1
06/11/2013,20:30,2,1,1
06/11/2013,20:45,2,1,1
06/11/2013,21:00,8,2,6
06/11/2013,21:15,4,2,2
06/11/2013,21:30,4,2,2
06/11/2013,21:45,3,1,2
06/11/2013,22:00,1,1,0
06/11/2013,22:15,4,2,2
06/11/2013,22:30,2,2,0
06/11/2013,22:45,1,1,0
06/11/2013,23:00,2,2,0
06/11/2013,23:15,1,1,0
06/11/2013,23:30,1,1,0
06/11/2013,23:45,0,0,0
07/11/2013,00:00,3,1,2
07/11/2013,00:15,2,2,0
07/11/2013,00:30,0,0,0
07/11/2013,00:45,0,0,0
07/11/2013,01:00,1,0,1
07/11/2013,01:15,0,0,0
07/11/2013,01:30,0,0,0
07/11/2013,01:45,0,0,0
07/11/2013,02:00,0,0,0
07/11/2013,02:15,0,0,0
07/11/2013,02:30,0,0,0
07/11/2013,02:45,0,0,0
07/11/2013,03:00,0,0,0
07/11/2013,03:15,0,0,0
07/11/2013,03:30,0,0,0
07/11/2013,03:45,0,0,0
07/11/2013,04:00,1,1,0
07/11/2013,04:15,1,1,0
07/11/2013,04:30,1,1,0
07/11/2013,04:45,1,0,1
07/11/2013,05:00,0,0,0
07/11/2013,05:15,5,2,3
07/11/2013,05:30,3,3,0
07/11/2013,05:45,9,5,4
07/11/2013,06:00,8,6,2
07/11/2013,06:15,14,5,9
07/11/2013,06:30,9,5,4
07/11/2013,06:45,22,7,15
07/11/2013,07:00,17,4,13
07/11/2013,07:15,20,9,11
07/11/2013,07:30,27,4,23
07/11/2013,07:45,24,13,11
07/11/2013,08:00,24,12,12
07/11/2013,08:15,17,6,11
07/11/2013,08:30,14,3,11
07/11/2013,08:45,21,8,13
07/11/2013,09:00,14,10,4
07/11/2013,09:15,7,4,3
07/11/2013,09:30,11,7,4
07/11/2013,09:45,9,5,4
07/11/2013,10:00,8,5,3
07/11/2013,10:15,13,7,6
07/11/2013,10:30,7,2,5
07/11/2013,10:45,7,0,7
07/11/2013,11:00,2,1,1
07/11/2013,11:15,9,3,6
07/11/2013,11:30,14,4,10
07/11/2013,11:45,2,1,1
07/11/2013,12:00,4,1,3
07/11/2013,12:15,3,0,3
07/11/2013,12:30,4,0,4
07/11/2013,12:45,3,0,3
07/11/2013,13:00,5,1,4
07/11/2013,13:15,4,1,3
07/11/2013,13:30,3,1,2
07/11/2013,13:45,4,2,2
07/11/2013,14:00,3,0,3
07/11/2013,14:15,4,3,1
07/11/2013,14:30,8,1,7
07/11/2013,14:45,7,3,4
07/11/2013,15:00,8,3,5
07/11/2013,15:15,6,4,2
07/11/2013,15:30,18,3,15
07/11/2013,15:45,17,4,13
07/11/2013,16:00,15,9,6
07/11/2013,16:15,13,6,7
07/11/2013,16:30,19,10,9
07/11/2013,16:45,19,10,9
07/11/2013,17:00,22,10,12
07/11/2013,17:15,26,19,7
07/11/2013,17:30,24,15,9
07/11/2013,17:45,28,20,8
07/11/2013,18:00,13,7,6
07/11/2013,18:15,20,11,9
07/11/2013,18:30,11,7,4
07/11/2013,18:45,9,6,3
07/11/2013,19:00,4,1,3
07/11/2013,19:15,4,2,2
07/11/2013,19:30,5,2,3
07/11/2013,19:45,7,3,4
07/11/2013,20:00,1,1,0
07/11/2013,20:15,2,2,0
07/11/2013,20:30,4,1,3
07/11/2013,20:45,1,1,0
07/11/2013,21:00,2,1,1
07/11/2013,21:15,2,2,0
07/11/2013,21:30,2,2,0
07/11/2013,21:45,1,0,1
07/11/2013,22:00,2,0,2
07/11/2013,22:15,0,0,0
07/11/2013,22:30,1,0,1
07/11/2013,22:45,1,1,0
07/11/2013,23:00,0,0,0
07/11/2013,23:15,1,1,0
07/11/2013,23:30,1,1,0
07/11/2013,23:45,1,0,1
08/11/2013,00:00,0,0,0
08/11/2013,00:15,2,1,1
08/11/2013,00:30,1,1,0
08/11/2013,00:45,0,0,0
08/11/2013,01:00,0,0,0
08/11/2013,01:15,0,0,0
08/11/2013,01:30,1,0,1
08/11/2013,01:45,0,0,0
08/11/2013,02:00,1,0,1
08/11/2013,02:15,0,0,0
08/11/2013,02:30,1,1,0
08/11/2013,02:45,0,0,0
08/11/2013,03:00,0,0,0
08/11/2013,03:15,0,0,0
08/11/2013,03:30,1,1,0
08/11/2013,03:45,1,0,1
08/11/2013,04:00,0,0,0
08/11/2013,04:15,2,1,1
08/11/2013,04:30,0,0,0
08/11/2013,04:45,1,1,0
08/11/2013,05:00,0,0,0
08/11/2013,05:15,1,1,0
08/11/2013,05:30,4,3,1
08/11/2013,05:45,10,6,4
08/11/2013,06:00,7,6,1
08/11/2013,06:15,8,4,4
08/11/2013,06:30,13,5,8
08/11/2013,06:45,21,7,14
08/11/2013,07:00,17,8,9
08/11/2013,07:15,26,6,20
08/11/2013,07:30,19,7,12
08/11/2013,07:45,25,12,13
08/11/2013,08:00,19,4,15
08/11/2013,08:15,18,8,10
08/11/2013,08:30,22,7,15
08/11/2013,08:45,10,7,3
08/11/2013,09:00,14,4,10
08/11/2013,09:15,10,8,2
08/11/2013,09:30,8,6,2
08/11/2013,09:45,9,8,1
08/11/2013,10:00,22,15,7
08/11/2013,10:15,8,3,5
08/11/2013,10:30,8,4,4
08/11/2013,10:45,13,11,2
08/11/2013,11:00,14,4,10
08/11/2013,11:15,13,7,6
08/11/2013,11:30,14,9,5
08/11/2013,11:45,10,2,8
08/11/2013,12:00,5,1,4
08/11/2013,12:15,10,3,7
08/11/2013,12:30,4,1,3
08/11/2013,12:45,6,4,2
08/11/2013,13:00,9,4,5
08/11/2013,13:15,10,3,7
08/11/2013,13:30,7,2,5
08/11/2013,13:45,15,6,9
08/11/2013,14:00,14,6,8
08/11/2013,14:15,9,3,6
08/11/2013,14:30,14,5,9
08/11/2013,14:45,14,4,10
08/11/2013,15:00,13,4,9
08/11/2013,15:15,12,7,5
08/11/2013,15:30,23,9,14
08/11/2013,15:45,13,9,4
08/11/2013,16:00,18,8,10
08/11/2013,16:15,15,8,7
08/11/2013,16:30,24,10,14
08/11/2013,16:45,22,12,10
08/11/2013,17:00,28,13,15
08/11/2013,17:15,20,14,6
08/11/2013,17:30,9,8,1
08/11/2013,17:45,16,8,8
08/11/2013,18:00,20,7,13
08/11/2013,18:15,8,2,6
08/11/2013,18:30,15,10,5
08/11/2013,18:45,6,3,3
08/11/2013,19:00,6,3,3
08/11/2013,19:15,8,7,1
08/11/2013,19:30,4,3,1
08/11/2013,19:45,4,3,1
08/11/2013,20:00,1,1,0
08/11/2013,20:15,4,2,2
08/11/2013,20:30,2,0,2
08/11/2013,20:45,3,2,1
08/11/2013,21:00,0,0,0
08/11/2013,21:15,0,0,0
08/11/2013,21:30,4,2,2
08/11/2013,21:45,4,2,2
08/11/2013,22:00,1,0,1
08/11/2013,22:15,1,0,1
08/11/2013,22:30,1,0,1
08/11/2013,22:45,0,0,0
08/11/2013,23:00,0,0,0
08/11/2013,23:15,1,0,1
08/11/2013,23:30,3,1,2
08/11/2013,23:45,0,0,0
09/11/2013,00:00,0,0,0
09/11/2013,00:15,1,0,1
09/11/2013,00:30,2,1,1
09/11/2013,00:45,0,0,0
09/11/2013,01:00,1,1,0
09/11/2013,01:15,0,0,0
09/11/2013,01:30,0,0,0
09/11/2013,01:45,1,0,1
09/11/2013,02:00,0,0,0
09/11/2013,02:15,1,1,0
09/11/2013,02:30,0,0,0
09/11/2013,02:45,0,0,0
09/11/2013,03:00,0,0,0
09/11/2013,03:15,0,0,0
09/11/2013,03:30,0,0,0
09/11/2013,03:45,0,0,0
09/11/2013,04:00,0,0,0
09/11/2013,04:15,0,0,0
09/11/2013,04:30,1,1,0
09/11/2013,04:45,0,0,0
09/11/2013,05:00,0,0,0
09/11/2013,05:15,0,0,0
09/11/2013,05:30,4,2,2
09/11/2013,05:45,4,4,0
09/11/2013,06:00,2,2,0
09/11/2013,06:15,2,0,2
09/11/2013,06:30,4,2,2
09/11/2013,06:45,7,7,0
09/11/2013,07:00,8,6,2
09/11/2013,07:15,10,6,4
09/11/2013,07:30,5,1,4
09/11/2013,07:45,11,9,2
09/11/2013,08:00,17,14,3
09/11/2013,08:15,14,9,5
09/11/2013,08:30,25,16,9
09/11/2013,08:45,11,8,3
09/11/2013,09:00,9,6,3
09/11/2013,09:15,15,6,9
09/11/2013,09:30,31,22,9
09/11/2013,09:45,19,8,11
09/11/2013,10:00,21,9,12
09/11/2013,10:15,33,25,8
09/11/2013,10:30,42,26,16
09/11/2013,10:45,30,21,9
09/11/2013,11:00,56,42,14
09/11/2013,11:15,37,24,13
09/11/2013,11:30,58,39,19
09/11/2013,11:45,52,43,9
09/11/2013,12:00,54,41,13
09/11/2013,12:15,48,32,16
09/11/2013,12:30,52,40,12
09/11/2013,12:45,34,20,14
09/11/2013,13:00,46,32,14
09/11/2013,13:15,33,19,14
09/11/2013,13:30,44,25,19
09/11/2013,13:45,40,24,16
09/11/2013,14:00,39,20,19
09/11/2013,14:15,31,19,12
09/11/2013,14:30,32,17,15
09/11/2013,14:45,38,10,28
09/11/2013,15:00,35,20,15
09/11/2013,15:15,37,17,20
09/11/2013,15:30,25,12,13
09/11/2013,15:45,22,10,12
09/11/2013,16:00,28,15,13
09/11/2013,16:15,32,12,20
09/11/2013,16:30,24,9,15
09/11/2013,16:45,17,10,7
09/11/2013,17:00,20,10,10
09/11/2013,17:15,14,7,7
09/11/2013,17:30,8,5,3
09/11/2013,17:45,4,1,3
09/11/2013,18:00,5,1,4
09/11/2013,18:15,5,1,4
09/11/2013,18:30,5,4,1
09/11/2013,18:45,1,1,0
09/11/2013,19:00,3,2,1
09/11/2013,19:15,3,2,1
09/11/2013,19:30,1,1,0
09/11/2013,19:45,2,0,2
09/11/2013,20:00,2,1,1
09/11/2013,20:15,1,0,1
09/11/2013,20:30,1,1,0
09/11/2013,20:45,1,0,1
09/11/2013,21:00,0,0,0
09/11/2013,21:15,2,1,1
09/11/2013,21:30,0,0,0
09/11/2013,21:45,0,0,0
09/11/2013,22:00,1,1,0
09/11/2013,22:15,0,0,0
09/11/2013,22:30,0,0,0
09/11/2013,22:45,0,0,0
09/11/2013,23:00,1,1,0
09/11/2013,23:15,0,0,0
09/11/2013,23:30,2,2,0
09/11/2013,23:45,1,0,1
10/11/2013,00:00,1,0,1
10/11/2013,00:15,0,0,0
10/11/2013,00:30,1,0,1
10/11/2013,00:45,1,1,0
10/11/2013,01:00,0,0,0
10/11/2013,01:15,0,0,0
10/11/2013,01:30,0,0,0
10/11/2013,01:45,0,0,0
10/11/2013,02:00,1,0,1
10/11/2013,02:15,0,0,0
10/11/2013,02:30,0,0,0
10/11/2013,02:45,0,0,0
10/11/2013,03:00,0,0,0
10/11/2013,03:15,2,2,0
10/11/2013,03:30,0,0,0
10/11/2013,03:45,0,0,0
10/11/2013,04:00,0,0,0
10/11/2013,04:15,1,0,1
10/11/2013,04:30,0,0,0
10/11/2013,04:45,0,0,0
10/11/2013,05:00,1,1,0
10/11/2013,05:15,1,0,1
10/11/2013,05:30,0,0,0
10/11/2013,05:45,2,2,0
10/11/2013,06:00,2,2,0
10/11/2013,06:15,1,1,0
10/11/2013,06:30,1,0,1
10/11/2013,06:45,9,5,4
10/11/2013,07:00,4,2,2
10/11/2013,07:15,5,3,2
10/11/2013,07:30,2,1,1
10/11/2013,07:45,3,2,1
10/11/2013,08:00,8,6,2
10/11/2013,08:15,13,10,3
10/11/2013,08:30,19,8,11
10/11/2013,08:45,15,9,6
10/11/2013,09:00,17,9,8
10/11/2013,09:15,16,6,10
10/11/2013,09:30,18,11,7
10/11/2013,09:45,15,9,6
10/11/2013,10:00,28,15,13
10/11/2013,10:15,24,13,11
10/11/2013,10:30,31,19,12
10/11/2013,10:45,38,27,11
10/11/2013,11:00,25,13,12
10/11/2013,11:15,40,14,26
10/11/2013,11:30,45,25,20
10/11/2013,11:45,29,19,10
10/11/2013,12:00,36,24,12
10/11/2013,12:15,35,23,12
10/11/2013,12:30,39,22,17
10/11/2013,12:45,39,20,19
10/11/2013,13:00,38,18,20
10/11/2013,13:15,47,34,13
10/11/2013,13:30,36,24,12
10/11/2013,13:45,51,34,17
10/11/2013,14:00,45,35,10
10/11/2013,14:15,25,14,11
10/11/2013,14:30,45,18,27
10/11/2013,14:45,34,13,21
10/11/2013,15:00,46,21,25
10/11/2013,15:15,43,23,20
10/11/2013,15:30,27,11,16
10/11/2013,15:45,37,15,22
10/11/2013,16:00,24,13,11
10/11/2013,16:15,31,21,10
10/11/2013,16:30,6,3,3
10/11/2013,16:45,32,20,12
10/11/2013,17:00,19,8,11
10/11/2013,17:15,19,7,12
10/11/2013,17:30,13,7,6
10/11/2013,17:45,6,3,3
10/11/2013,18:00,5,1,4
10/11/2013,18:15,5,5,0
10/11/2013,18:30,1,0,1
10/11/2013,18:45,12,4,8
10/11/2013,19:00,2,1,1
10/11/2013,19:15,1,1,0
10/11/2013,19:30,2,0,2
10/11/2013,19:45,3,1,2
10/11/2013,20:00,2,2,0
10/11/2013,20:15,4,1,3
10/11/2013,20:30,1,0,1
10/11/2013,20:45,1,1,0
10/11/2013,21:00,2,1,1
10/11/2013,21:15,1,1,0
10/11/2013,21:30,0,0,0
10/11/2013,21:45,0,0,0
10/11/2013,22:00,0,0,0
10/11/2013,22:15,0,0,0
10/11/2013,22:30,0,0,0
10/11/2013,22:45,0,0,0
10/11/2013,23:00,2,1,1
10/11/2013,23:15,0,0,0
10/11/2013,23:30,1,0,1
10/11/2013,23:45,0,0,0
11/11/2013,00:00,0,0,0
11/11/2013,00:15,0,0,0
11/11/2013,00:30,0,0,0
11/11/2013,00:45,0,0,0
11/11/2013,01:00,0,0,0
11/11/2013,01:15,0,0,0
11/11/2013,01:30,0,0,0
11/11/2013,01:45,0,0,0
11/11/2013,02:00,1,1,0
11/11/2013,02:15,0,0,0
11/11/2013,02:30,0,0,0
11/11/2013,02:45,2,2,0
11/11/2013,03:00,0,0,0
11/11/2013,03:15,0,0,0
11/11/2013,03:30,3,2,1
11/11/2013,03:45,0,0,0
11/11/2013,04:00,0,0,0
11/11/2013,04:15,1,1,0
11/11/2013,04:30,0,0,0
11/11/2013,04:45,1,1,0
11/11/2013,05:00,2,0,2
11/11/2013,05:15,4,3,1
11/11/2013,05:30,3,2,1
11/11/2013,05:45,4,4,0
11/11/2013,06:00,2,1,1
11/11/2013,06:15,4,4,0
11/11/2013,06:30,5,2,3
11/11/2013,06:45,8,5,3
11/11/2013,07:00,9,7,2
11/11/2013,07:15,11,5,6
11/11/2013,07:30,17,7,10
11/11/2013,07:45,18,9,9
11/11/2013,08:00,16,7,9
11/11/2013,08:15,16,9,7
11/11/2013,08:30,13,5,8
11/11/2013,08:45,18,9,9
11/11/2013,09:00,11,7,4
11/11/2013,09:15,16,7,9
11/11/2013,09:30,10,8,2
11/11/2013,09:45,20,14,6
11/11/2013,10:00,15,4,11
11/11/2013,10:15,12,7,5
11/11/2013,10:30,19,10,9
11/11/2013,10:45,41,30,11
11/11/2013,11:00,36,25,11
11/11/2013,11:15,28,23,5
11/11/2013,11:30,56,36,20
11/11/2013,11:45,45,27,18
11/11/2013,12:00,58,42,16
11/11/2013,12:15,65,53,12
11/11/2013,12:30,39,28,11
11/11/2013,12:45,35,21,14
11/11/2013,13:00,48,29,19
11/11/2013,13:15,35,30,5
11/11/2013,13:30,25,15,10
11/11/2013,13:45,27,12,15
11/11/2013,14:00,23,10,13
11/11/2013,14:15,29,21,8
11/11/2013,14:30,33,11,22
11/11/2013,14:45,28,9,19
11/11/2013,15:00,26,15,11
11/11/2013,15:15,37,25,12
11/11/2013,15:30,24,13,11
11/11/2013,15:45,30,12,18
11/11/2013,16:00,28,12,16
11/11/2013,16:15,22,10,12
11/11/2013,16:30,21,10,11
11/11/2013,16:45,22,11,11
11/11/2013,17:00,21,10,11
11/11/2013,17:15,17,10,7
11/11/2013,17:30,21,8,13
11/11/2013,17:45,11,7,4
11/11/2013,18:00,11,8,3
11/11/2013,18:15,15,8,7
11/11/2013,18:30,7,2,5
11/11/2013,18:45,4,2,2
11/11/2013,19:00,4,3,1
11/11/2013,19:15,14,7,7
11/11/2013,19:30,5,2,3
11/11/2013,19:45,3,1,2
11/11/2013,20:00,5,3,2
11/11/2013,20:15,2,1,1
11/11/2013,20:30,2,0,2
11/11/2013,20:45,2,1,1
11/11/2013,21:00,1,0,1
11/11/2013,21:15,3,1,2
11/11/2013,21:30,1,0,1
11/11/2013,21:45,4,3,1
11/11/2013,22:00,0,0,0
11/11/2013,22:15,2,0,2
11/11/2013,22:30,0,0,0
11/11/2013,22:45,1,1,0
11/11/2013,23:00,0,0,0
11/11/2013,23:15,1,1,0
11/11/2013,23:30,0,0,0
11/11/2013,23:45,1,1,0
12/11/2013,00:00,0,0,0
12/11/2013,00:15,1,0,1
12/11/2013,00:30,0,0,0
12/11/2013,00:45,0,0,0
12/11/2013,01:00,0,0,0
12/11/2013,01:15,2,1,1
12/11/2013,01:30,0,0,0
12/11/2013,01:45,0,0,0
12/11/2013,02:00,0,0,0
12/11/2013,02:15,0,0,0
12/11/2013,02:30,0,0,0
12/11/2013,02:45,0,0,0
12/11/2013,03:00,0,0,0
12/11/2013,03:15,1,1,0
12/11/2013,03:30,0,0,0
12/11/2013,03:45,0,0,0
12/11/2013,04:00,0,0,0
12/11/2013,04:15,3,3,0
12/11/2013,04:30,0,0,0
12/11/2013,04:45,1,0,1
12/11/2013,05:00,3,1,2
12/11/2013,05:15,3,2,1
12/11/2013,05:30,7,7,0
12/11/2013,05:45,7,4,3
12/11/2013,06:00,9,4,5
12/11/2013,06:15,7,6,1
12/11/2013,06:30,6,3,3
12/11/2013,06:45,8,4,4
12/11/2013,07:00,16,4,12
12/11/2013,07:15,13,3,10
12/11/2013,07:30,13,5,8
12/11/2013,07:45,19,8,11
12/11/2013,08:00,21,8,13
12/11/2013,08:15,14,5,9
12/11/2013,08:30,12,4,8
12/11/2013,08:45,15,6,9
12/11/2013,09:00,13,6,7
12/11/2013,09:15,3,1,2
12/11/2013,09:30,5,2,3
12/11/2013,09:45,8,3,5
12/11/2013,10:00,3,2,1
12/11/2013,10:15,3,1,2
12/11/2013,10:30,4,1,3
12/11/2013,10:45,11,4,7
12/11/2013,11:00,7,3,4
12/11/2013,11:15,8,4,4
12/11/2013,11:30,3,1,2
12/11/2013,11:45,2,0,2
12/11/2013,12:00,3,1,2
12/11/2013,12:15,3,1,2
12/11/2013,12:30,4,2,2
12/11/2013,12:45,1,0,1
12/11/2013,13:00,8,4,4
12/11/2013,13:15,7,2,5
12/11/2013,13:30,1,1,0
12/11/2013,13:45,9,2,7
12/11/2013,14:00,2,2,0
12/11/2013,14:15,5,3,2
12/11/2013,14:30,1,0,1
12/11/2013,14:45,2,0,2
12/11/2013,15:00,7,0,7
12/11/2013,15:15,2,2,0
12/11/2013,15:30,8,2,6
12/11/2013,15:45,11,4,7
12/11/2013,16:00,12,8,4
12/11/2013,16:15,12,6,6
12/11/2013,16:30,16,8,8
12/11/2013,16:45,10,8,2
12/11/2013,17:00,22,11,11
12/11/2013,17:15,18,12,6
12/11/2013,17:30,6,4,2
12/11/2013,17:45,15,8,7
12/11/2013,18:00,13,6,7
12/11/2013,18:15,14,9,5
12/11/2013,18:30,19,9,10
12/11/2013,18:45,6,2,4
12/11/2013,19:00,5,3,2
12/11/2013,19:15,8,3,5
12/11/2013,19:30,4,1,3
12/11/2013,19:45,2,0,2
12/11/2013,20:00,3,2,1
12/11/2013,20:15,4,0,4
12/11/2013,20:30,1,1,0
12/11/2013,20:45,0,0,0
12/11/2013,21:00,2,0,2
12/11/2013,21:15,3,1,2
12/11/2013,21:30,1,0,1
12/11/2013,21:45,1,1,0
12/11/2013,22:00,0,0,0
12/11/2013,22:15,0,0,0
12/11/2013,22:30,2,2,0
12/11/2013,22:45,2,2,0
12/11/2013,23:00,1,0,1
12/11/2013,23:15,1,1,0
12/11/2013,23:30,1,1,0
12/11/2013,23:45,0,0,0
13/11/2013,00:00,1,0,1
13/11/2013,00:15,0,0,0
13/11/2013,00:30,0,0,0
13/11/2013,00:45,0,0,0
13/11/2013,01:00,0,0,0
13/11/2013,01:15,0,0,0
13/11/2013,01:30,0,0,0
13/11/2013,01:45,0,0,0
13/11/2013,02:00,0,0,0
13/11/2013,02:15,0,0,0
13/11/2013,02:30,0,0,0
13/11/2013,02:45,0,0,0
13/11/2013,03:00,1,1,0
13/11/2013,03:15,0,0,0
13/11/2013,03:30,0,0,0
13/11/2013,03:45,2,1,1
13/11/2013,04:00,3,2,1
13/11/2013,04:15,0,0,0
13/11/2013,04:30,1,1,0
13/11/2013,04:45,0,0,0
13/11/2013,05:00,1,0,1
13/11/2013,05:15,0,0,0
13/11/2013,05:30,7,6,1
13/11/2013,05:45,11,6,5
13/11/2013,06:00,4,3,1
13/11/2013,06:15,6,3,3
13/11/2013,06:30,9,2,7
13/11/2013,06:45,11,4,7
13/11/2013,07:00,13,6,7
13/11/2013,07:15,19,3,16
13/11/2013,07:30,17,8,9
13/11/2013,07:45,22,10,12
13/11/2013,08:00,24,9,15
13/11/2013,08:15,15,2,13
13/11/2013,08:30,11,6,5
13/11/2013,08:45,15,6,9
13/11/2013,09:00,13,3,10
13/11/2013,09:15,4,2,2
13/11/2013,09:30,8,3,5
13/11/2013,09:45,9,6,3
13/11/2013,10:00,16,11,5
13/11/2013,10:15,10,7,3
13/11/2013,10:30,10,7,3
13/11/2013,10:45,16,14,2
13/11/2013,11:00,10,9,1
13/11/2013,11:15,5,0,5
13/11/2013,11:30,12,7,5
13/11/2013,11:45,10,3,7
13/11/2013,12:00,16,12,4
13/11/2013,12:15,6,4,2
13/11/2013,12:30,9,3,6
13/11/2013,12:45,8,3,5
13/11/2013,13:00,8,3,5
13/11/2013,13:15,4,1,3
13/11/2013,13:30,7,6,1
13/11/2013,13:45,2,1,1
13/11/2013,14:00,3,0,3
13/11/2013,14:15,4,1,3
13/11/2013,14:30,6,2,4
13/11/2013,14:45,11,2,9
13/11/2013,15:00,16,6,10
13/11/2013,15:15,10,5,5
13/11/2013,15:30,5,2,3
13/11/2013,15:45,11,6,5
13/11/2013,16:00,16,9,7
13/11/2013,16:15,13,4,9
13/11/2013,16:30,16,8,8
13/11/2013,16:45,18,12,6
13/11/2013,17:00,16,8,8
13/11/2013,17:15,24,14,10
13/11/2013,17:30,16,7,9
13/11/2013,17:45,19,15,4
13/11/2013,18:00,17,10,7
13/11/2013,18:15,15,10,5
13/11/2013,18:30,14,7,7
13/11/2013,18:45,9,8,1
13/11/2013,19:00,8,2,6
13/11/2013,19:15,8,5,3
13/11/2013,19:30,7,4,3
13/11/2013,19:45,5,3,2
13/11/2013,20:00,5,2,3
13/11/2013,20:15,4,4,0
13/11/2013,20:30,3,2,1
13/11/2013,20:45,2,1,1
13/11/2013,21:00,1,0,1
13/11/2013,21:15,5,2,3
13/11/2013,21:30,0,0,0
13/11/2013,21:45,1,1,0
13/11/2013,22:00,0,0,0
13/11/2013,22:15,3,1,2
13/11/2013,22:30,4,4,0
13/11/2013,22:45,2,2,0
13/11/2013,23:00,0,0,0
13/11/2013,23:15,1,1,0
13/11/2013,23:30,1,1,0
13/11/2013,23:45,0,0,0
14/11/2013,00:00,0,0,0
14/11/2013,00:15,0,0,0
14/11/2013,00:30,1,0,1
14/11/2013,00:45,0,0,0
14/11/2013,01:00,0,0,0
14/11/2013,01:15,1,1,0
14/11/2013,01:30,0,0,0
14/11/2013,01:45,0,0,0
14/11/2013,02:00,0,0,0
14/11/2013,02:15,0,0,0
14/11/2013,02:30,2,2,0
14/11/2013,02:45,0,0,0
14/11/2013,03:00,0,0,0
14/11/2013,03:15,0,0,0
14/11/2013,03:30,0,0,0
14/11/2013,03:45,1,1,0
14/11/2013,04:00,0,0,0
14/11/2013,04:15,0,0,0
14/11/2013,04:30,1,0,1
14/11/2013,04:45,1,1,0
14/11/2013,05:00,1,0,1
14/11/2013,05:15,2,2,0
14/11/2013,05:30,3,2,1
14/11/2013,05:45,7,5,2
14/11/2013,06:00,5,1,4
14/11/2013,06:15,5,3,2
14/11/2013,06:30,7,1,6
14/11/2013,06:45,9,4,5
14/11/2013,07:00,19,6,13
14/11/2013,07:15,15,4,11
14/11/2013,07:30,19,5,14
14/11/2013,07:45,22,6,16
14/11/2013,08:00,18,8,10
14/11/2013,08:15,15,7,8
14/11/2013,08:30,21,9,12
14/11/2013,08:45,18,10,8
14/11/2013,09:00,13,5,8
14/11/2013,09:15,11,7,4
14/11/2013,09:30,6,6,0
14/11/2013,09:45,12,7,5
14/11/2013,10:00,14,8,6
14/11/2013,10:15,5,4,1
14/11/2013,10:30,17,13,4
14/11/2013,10:45,27,25,2
14/11/2013,11:00,28,21,7
14/11/2013,11:15,30,25,5
14/11/2013,11:30,34,31,3
14/11/2013,11:45,28,23,5
14/11/2013,12:00,26,18,8
14/11/2013,12:15,21,14,7
14/11/2013,12:30,15,12,3
14/11/2013,12:45,8,8,0
14/11/2013,13:00,25,21,4
14/11/2013,13:15,9,9,0
14/11/2013,13:30,5,2,3
14/11/2013,13:45,10,6,4
14/11/2013,14:00,10,8,2
14/11/2013,14:15,10,6,4
14/11/2013,14:30,15,6,9
14/11/2013,14:45,16,7,9
14/11/2013,15:00,16,12,4
14/11/2013,15:15,19,8,11
14/11/2013,15:30,15,7,8
14/11/2013,15:45,9,3,6
14/11/2013,16:00,21,11,10
14/11/2013,16:15,19,4,15
14/11/2013,16:30,21,9,12
14/11/2013,16:45,27,15,12
14/11/2013,17:00,32,19,13
14/11/2013,17:15,18,12,6
14/11/2013,17:30,15,10,5
14/11/2013,17:45,16,5,11
14/11/2013,18:00,19,12,7
14/11/2013,18:15,23,12,11
14/11/2013,18:30,21,14,7
14/11/2013,18:45,12,9,3
14/11/2013,19:00,10,3,7
14/11/2013,19:15,7,5,2
14/11/2013,19:30,4,1,3
14/11/2013,19:45,8,3,5
14/11/2013,20:00,7,3,4
14/11/2013,20:15,1,0,1
14/11/2013,20:30,0,0,0
14/11/2013,20:45,2,1,1
14/11/2013,21:00,4,2,2
14/11/2013,21:15,0,0,0
14/11/2013,21:30,2,0,2
14/11/2013,21:45,0,0,0
14/11/2013,22:00,1,1,0
14/11/2013,22:15,0,0,0
14/11/2013,22:30,0,0,0
14/11/2013,22:45,3,3,0
14/11/2013,23:00,1,1,0
14/11/2013,23:15,1,1,0
14/11/2013,23:30,3,3,0
14/11/2013,23:45,0,0,0
15/11/2013,00:00,0,0,0
15/11/2013,00:15,1,0,1
15/11/2013,00:30,1,1,0
15/11/2013,00:45,0,0,0
15/11/2013,01:00,0,0,0
15/11/2013,01:15,0,0,0
15/11/2013,01:30,1,0,1
15/11/2013,01:45,0,0,0
15/11/2013,02:00,0,0,0
15/11/2013,02:15,0,0,0
15/11/2013,02:30,0,0,0
15/11/2013,02:45,0,0,0
15/11/2013,03:00,0,0,0
15/11/2013,03:15,0,0,0
15/11/2013,03:30,0,0,0
15/11/2013,03:45,0,0,0
15/11/2013,04:00,1,1,0
15/11/2013,04:15,1,1,0
15/11/2013,04:30,0,0,0
15/11/2013,04:45,0,0,0
15/11/2013,05:00,1,1,0
15/11/2013,05:15,4,1,3
15/11/2013,05:30,9,7,2
15/11/2013,05:45,5,4,1
15/11/2013,06:00,7,3,4
15/11/2013,06:15,14,9,5
15/11/2013,06:30,13,4,9
15/11/2013,06:45,7,3,4
15/11/2013,07:00,11,5,6
15/11/2013,07:15,16,4,12
15/11/2013,07:30,22,6,16
15/11/2013,07:45,22,8,14
15/11/2013,08:00,15,7,8
15/11/2013,08:15,25,6,19
15/11/2013,08:30,23,12,11
15/11/2013,08:45,10,4,6
15/11/2013,09:00,11,6,5
15/11/2013,09:15,6,3,3
15/11/2013,09:30,6,4,2
15/11/2013,09:45,3,2,1
15/11/2013,10:00,7,4,3
15/11/2013,10:15,7,4,3
15/11/2013,10:30,5,2,3
15/11/2013,10:45,6,1,5
15/11/2013,11:00,13,5,8
15/11/2013,11:15,8,6,2
15/11/2013,11:30,8,6,2
15/11/2013,11:45,5,2,3
15/11/2013,12:00,10,7,3
15/11/2013,12:15,12,9,3
15/11/2013,12:30,7,2,5
15/11/2013,12:45,11,4,7
15/11/2013,13:00,6,3,3
15/11/2013,13:15,10,9,1
15/11/2013,13:30,19,11,8
15/11/2013,13:45,16,13,3
15/11/2013,14:00,13,8,5
15/11/2013,14:15,26,13,13
15/11/2013,14:30,17,6,11
15/11/2013,14:45,16,4,12
15/11/2013,15:00,15,10,5
15/11/2013,15:15,23,7,16
15/11/2013,15:30,11,7,4
15/11/2013,15:45,12,6,6
15/11/2013,16:00,16,6,10
15/11/2013,16:15,17,8,9
15/11/2013,16:30,24,12,12
15/11/2013,16:45,26,19,7
15/11/2013,17:00,29,21,8
15/11/2013,17:15,13,4,9
15/11/2013,17:30,29,13,16
15/11/2013,17:45,15,5,10
15/11/2013,18:00,16,9,7
15/11/2013,18:15,18,8,10
15/11/2013,18:30,17,8,9
15/11/2013,18:45,12,6,6
15/11/2013,19:00,11,8,3
15/11/2013,19:15,4,2,2
15/11/2013,19:30,2,1,1
15/11/2013,19:45,6,3,3
15/11/2013,20:00,4,3,1
15/11/2013,20:15,0,0,0
15/11/2013,20:30,5,2,3
15/11/2013,20:45,3,2,1
15/11/2013,21:00,2,2,0
15/11/2013,21:15,1,0,1
15/11/2013,21:30,1,1,0
15/11/2013,21:45,1,0,1
15/11/2013,22:00,1,1,0
15/11/2013,22:15,1,0,1
15/11/2013,22:30,3,0,3
15/11/2013,22:45,0,0,0
15/11/2013,23:00,2,1,1
15/11/2013,23:15,3,3,0
15/11/2013,23:30,1,0,1
15/11/2013,23:45,1,1,0
16/11/2013,00:00,1,0,1
16/11/2013,00:15,0,0,0
16/11/2013,00:30,0,0,0
16/11/2013,00:45,0,0,0
16/11/2013,01:00,0,0,0
16/11/2013,01:15,0,0,0
16/11/2013,01:30,0,0,0
16/11/2013,01:45,1,1,0
16/11/2013,02:00,1,0,1
16/11/2013,02:15,0,0,0
16/11/2013,02:30,0,0,0
16/11/2013,02:45,0,0,0
16/11/2013,03:00,0,0,0
16/11/2013,03:15,0,0,0
16/11/2013,03:30,0,0,0
16/11/2013,03:45,0,0,0
16/11/2013,04:00,1,1,0
16/11/2013,04:15,1,1,0
16/11/2013,04:30,0,0,0
16/11/2013,04:45,1,0,1
16/11/2013,05:00,0,0,0
16/11/2013,05:15,2,1,1
16/11/2013,05:30,3,3,0
16/11/2013,05:45,2,2,0
16/11/2013,06:00,0,0,0
16/11/2013,06:15,0,0,0
16/11/2013,06:30,4,2,2
16/11/2013,06:45,3,2,1
16/11/2013,07:00,7,5,2
16/11/2013,07:15,4,1,3
16/11/2013,07:30,5,5,0
16/11/2013,07:45,11,6,5
16/11/2013,08:00,8,8,0
16/11/2013,08:15,9,4,5
16/11/2013,08:30,14,10,4
16/11/2013,08:45,10,5,5
16/11/2013,09:00,14,6,8
16/11/2013,09:15,18,10,8
16/11/2013,09:30,15,7,8
16/11/2013,09:45,12,7,5
16/11/2013,10:00,19,11,8
16/11/2013,10:15,20,8,12
16/11/2013,10:30,20,12,8
16/11/2013,10:45,21,6,15
16/11/2013,11:00,26,14,12
16/11/2013,11:15,16,7,9
16/11/2013,11:30,11,5,6
16/11/2013,11:45,26,9,17
16/11/2013,12:00,27,9,18
16/11/2013,12:15,18,7,11
16/11/2013,12:30,30,20,10
16/11/2013,12:45,8,4,4
16/11/2013,13:00,17,9,8
16/11/2013,13:15,16,9,7
16/11/2013,13:30,20,4,16
16/11/2013,13:45,16,7,9
16/11/2013,14:00,31,11,20
16/11/2013,14:15,15,6,9
16/11/2013,14:30,24,7,17
16/11/2013,14:45,30,13,17
16/11/2013,15:00,33,16,17
16/11/2013,15:15,28,11,17
16/11/2013,15:30,25,10,15
16/11/2013,15:45,25,13,12
16/11/2013,16:00,19,10,9
16/11/2013,16:15,17,10,7
16/11/2013,16:30,21,12,9
16/11/2013,16:45,15,4,11
16/11/2013,17:00,10,3,7
16/11/2013,17:15,6,2,4
16/11/2013,17:30,4,2,2
16/11/2013,17:45,2,2,0
16/11/2013,18:00,3,1,2
16/11/2013,18:15,8,1,7
16/11/2013,18:30,3,1,2
16/11/2013,18:45,0,0,0
16/11/2013,19:00,3,2,1
16/11/2013,19:15,5,0,5
16/11/2013,19:30,2,2,0
16/11/2013,19:45,0,0,0
16/11/2013,20:00,1,0,1
16/11/2013,20:15,1,1,0
16/11/2013,20:30,2,0,2
16/11/2013,20:45,1,1,0
16/11/2013,21:00,2,0,2
16/11/2013,21:15,0,0,0
16/11/2013,21:30,3,3,0
16/11/2013,21:45,1,0,1
16/11/2013,22:00,0,0,0
16/11/2013,22:15,1,0,1
16/11/2013,22:30,0,0,0
16/11/2013,22:45,0,0,0
16/11/2013,23:00,3,0,3
16/11/2013,23:15,1,1,0
16/11/2013,23:30,1,1,0
16/11/2013,23:45,0,0,0
17/11/2013,00:00,0,0,0
17/11/2013,00:15,1,0,1
17/11/2013,00:30,1,1,0
17/11/2013,00:45,0,0,0
17/11/2013,01:00,1,0,1
17/11/2013,01:15,2,1,1
17/11/2013,01:30,0,0,0
17/11/2013,01:45,0,0,0
17/11/2013,02:00,2,2,0
17/11/2013,02:15,3,1,2
17/11/2013,02:30,0,0,0
17/11/2013,02:45,0,0,0
17/11/2013,03:00,2,1,1
17/11/2013,03:15,1,0,1
17/11/2013,03:30,0,0,0
17/11/2013,03:45,1,0,1
17/11/2013,04:00,3,2,1
17/11/2013,04:15,1,1,0
17/11/2013,04:30,0,0,0
17/11/2013,04:45,0,0,0
17/11/2013,05:00,0,0,0
17/11/2013,05:15,1,0,1
17/11/2013,05:30,0,0,0
17/11/2013,05:45,3,3,0
17/11/2013,06:00,3,3,0
17/11/2013,06:15,1,1,0
17/11/2013,06:30,0,0,0
17/11/2013,06:45,5,1,4
17/11/2013,07:00,4,2,2
17/11/2013,07:15,3,2,1
17/11/2013,07:30,7,3,4
17/11/2013,07:45,5,5,0
17/11/2013,08:00,4,1,3
17/11/2013,08:15,23,15,8
17/11/2013,08:30,6,4,2
17/11/2013,08:45,13,8,5
17/11/2013,09:00,12,7,5
17/11/2013,09:15,17,7,10
17/11/2013,09:30,19,8,11
17/11/2013,09:45,22,12,10
17/11/2013,10:00,21,9,12
17/11/2013,10:15,15,8,7
17/11/2013,10:30,24,10,14
17/11/2013,10:45,32,17,15
17/11/2013,11:00,32,11,21
17/11/2013,11:15,31,12,19
17/11/2013,11:30,38,13,25
17/11/2013,11:45,42,24,18
17/11/2013,12:00,37,14,23
17/11/2013,12:15,35,21,14
17/11/2013,12:30,43,22,21
17/11/2013,12:45,28,10,18
17/11/2013,13:00,25,10,15
17/11/2013,13:15,38,16,22
17/11/2013,13:30,36,19,17
17/11/2013,13:45,26,9,17
17/11/2013,14:00,38,21,17
17/11/2013,14:15,41,16,25
17/11/2013,14:30,35,18,17
17/11/2013,14:45,37,15,22
17/11/2013,15:00,30,11,19
17/11/2013,15:15,29,20,9
17/11/2013,15:30,36,14,22
17/11/2013,15:45,25,14,11
17/11/2013,16:00,33,16,17
17/11/2013,16:15,19,8,11
17/11/2013,16:30,13,5,8
17/11/2013,16:45,19,5,14
17/11/2013,17:00,18,10,8
17/11/2013,17:15,16,5,11
17/11/2013,17:30,19,10,9
17/11/2013,17:45,8,5,3
17/11/2013,18:00,3,1,2
17/11/2013,18:15,3,2,1
17/11/2013,18:30,2,1,1
17/11/2013,18:45,0,0,0
17/11/2013,19:00,6,3,3
17/11/2013,19:15,4,2,2
17/11/2013,19:30,2,0,2
17/11/2013,19:45,0,0,0
17/11/2013,20:00,1,0,1
17/11/2013,20:15,1,0,1
17/11/2013,20:30,0,0,0
17/11/2013,20:45,7,5,2
17/11/2013,21:00,0,0,0
17/11/2013,21:15,0,0,0
17/11/2013,21:30,2,1,1
17/11/2013,21:45,1,0,1
17/11/2013,22:00,0,0,0
17/11/2013,22:15,2,1,1
17/11/2013,22:30,0,0,0
17/11/2013,22:45,7,5,2
17/11/2013,23:00,1,1,0
17/11/2013,23:15,0,0,0
17/11/2013,23:30,0,0,0
17/11/2013,23:45,1,0,1
18/11/2013,00:00,1,0,1
18/11/2013,00:15,1,1,0
18/11/2013,00:30,0,0,0
18/11/2013,00:45,0,0,0
18/11/2013,01:00,1,1,0
18/11/2013,01:15,1,1,0
18/11/2013,01:30,0,0,0
18/11/2013,01:45,0,0,0
18/11/2013,02:00,0,0,0
18/11/2013,02:15,0,0,0
18/11/2013,02:30,0,0,0
18/11/2013,02:45,0,0,0
18/11/2013,03:00,0,0,0
18/11/2013,03:15,0,0,0
18/11/2013,03:30,0,0,0
18/11/2013,03:45,0,0,0
18/11/2013,04:00,1,0,1
18/11/2013,04:15,1,0,1
18/11/2013,04:30,0,0,0
18/11/2013,04:45,0,0,0
18/11/2013,05:00,3,0,3
18/11/2013,05:15,1,0,1
18/11/2013,05:30,8,5,3
18/11/2013,05:45,8,4,4
18/11/2013,06:00,6,4,2
18/11/2013,06:15,13,5,8
18/11/2013,06:30,11,4,7
18/11/2013,06:45,12,4,8
18/11/2013,07:00,14,6,8
18/11/2013,07:15,21,6,15
18/11/2013,07:30,19,4,15
18/11/2013,07:45,25,8,17
18/11/2013,08:00,27,9,18
18/11/2013,08:15,15,5,10
18/11/2013,08:30,20,11,9
18/11/2013,08:45,21,9,12
18/11/2013,09:00,20,7,13
18/11/2013,09:15,12,7,5
18/11/2013,09:30,9,4,5
18/11/2013,09:45,12,7,5
18/11/2013,10:00,13,7,6
18/11/2013,10:15,13,9,4
18/11/2013,10:30,22,17,5
18/11/2013,10:45,9,6,3
18/11/2013,11:00,18,15,3
18/11/2013,11:15,11,7,4
18/11/2013,11:30,7,3,4
18/11/2013,11:45,21,17,4
18/11/2013,12:00,11,7,4
18/11/2013,12:15,11,5,6
18/11/2013,12:30,13,5,8
18/11/2013,12:45,11,3,8
18/11/2013,13:00,25,11,14
18/11/2013,13:15,22,15,7
18/11/2013,13:30,20,11,9
18/11/2013,13:45,17,6,11
18/11/2013,14:00,13,3,10
18/11/2013,14:15,14,10,4
18/11/2013,14:30,18,9,9
18/11/2013,14:45,21,6,15
18/11/2013,15:00,19,10,9
18/11/2013,15:15,16,7,9
18/11/2013,15:30,19,8,11
18/11/2013,15:45,27,8,19
18/11/2013,16:00,24,11,13
18/11/2013,16:15,22,9,13
18/11/2013,16:30,35,17,18
18/11/2013,16:45,34,23,11
18/11/2013,17:00,37,21,16
18/11/2013,17:15,23,12,11
18/11/2013,17:30,32,17,15
18/11/2013,17:45,20,12,8
18/11/2013,18:00,17,9,8
18/11/2013,18:15,20,10,10
18/11/2013,18:30,16,11,5
18/11/2013,18:45,16,9,7
18/11/2013,19:00,16,11,5
18/11/2013,19:15,11,2,9
18/11/2013,19:30,7,4,3
18/11/2013,19:45,3,2,1
18/11/2013,20:00,4,3,1
18/11/2013,20:15,3,1,2
18/11/2013,20:30,7,3,4
18/11/2013,20:45,2,0,2
18/11/2013,21:00,2,2,0
18/11/2013,21:15,3,1,2
18/11/2013,21:30,1,0,1
18/11/2013,21:45,1,0,1
18/11/2013,22:00,2,2,0
18/11/2013,22:15,3,0,3
18/11/2013,22:30,0,0,0
18/11/2013,22:45,3,3,0
18/11/2013,23:00,0,0,0
18/11/2013,23:15,1,1,0
18/11/2013,23:30,0,0,0
18/11/2013,23:45,1,0,1
19/11/2013,00:00,0,0,0
19/11/2013,00:15,2,0,2
19/11/2013,00:30,3,1,2
19/11/2013,00:45,0,0,0
19/11/2013,01:00,0,0,0
19/11/2013,01:15,0,0,0
19/11/2013,01:30,0,0,0
19/11/2013,01:45,0,0,0
19/11/2013,02:00,0,0,0
19/11/2013,02:15,0,0,0
19/11/2013,02:30,0,0,0
19/11/2013,02:45,0,0,0
19/11/2013,03:00,0,0,0
19/11/2013,03:15,0,0,0
19/11/2013,03:30,0,0,0
19/11/2013,03:45,0,0,0
19/11/2013,04:00,2,2,0
19/11/2013,04:15,0,0,0
19/11/2013,04:30,0,0,0
19/11/2013,04:45,0,0,0
19/11/2013,05:00,3,1,2
19/11/2013,05:15,2,2,0
19/11/2013,05:30,10,5,5
19/11/2013,05:45,11,6,5
19/11/2013,06:00,6,2,4
19/11/2013,06:15,11,4,7
19/11/2013,06:30,18,7,11
19/11/2013,06:45,18,7,11
19/11/2013,07:00,16,4,12
19/11/2013,07:15,18,8,10
19/11/2013,07:30,33,17,16
19/11/2013,07:45,36,7,29
19/11/2013,08:00,13,4,9
19/11/2013,08:15,24,13,11
19/11/2013,08:30,12,5,7
19/11/2013,08:45,8,1,7
19/11/2013,09:00,14,5,9
19/11/2013,09:15,6,2,4
19/11/2013,09:30,8,3,5
19/11/2013,09:45,4,4,0
19/11/2013,10:00,10,5,5
19/11/2013,10:15,9,4,5
19/11/2013,10:30,26,24,2
19/11/2013,10:45,12,8,4
19/11/2013,11:00,18,14,4
19/11/2013,11:15,17,13,4
19/11/2013,11:30,20,13,7
19/11/2013,11:45,20,15,5
19/11/2013,12:00,24,21,3
19/11/2013,12:15,31,26,5
19/11/2013,12:30,26,21,5
19/11/2013,12:45,10,7,3
19/11/2013,13:00,27,23,4
19/11/2013,13:15,14,11,3
19/11/2013,13:30,12,8,4
19/11/2013,13:45,13,11,2
19/11/2013,14:00,11,8,3
19/11/2013,14:15,9,5,4
19/11/2013,14:30,8,0,8
19/11/2013,14:45,9,3,6
19/11/2013,15:00,15,6,9
19/11/2013,15:15,13,4,9
19/11/2013,15:30,18,8,10
19/11/2013,15:45,19,4,15
19/11/2013,16:00,14,5,9
19/11/2013,16:15,15,6,9
19/11/2013,16:30,23,15,8
19/11/2013,16:45,30,22,8
19/11/2013,17:00,20,10,10
19/11/2013,17:15,15,7,8
19/11/2013,17:30,15,7,8
19/11/2013,17:45,19,13,6
19/11/2013,18:00,22,12,10
19/11/2013,18:15,18,9,9
19/11/2013,18:30,17,11,6
19/11/2013,18:45,12,6,6
19/11/2013,19:00,9,6,3
19/11/2013,19:15,3,1,2
19/11/2013,19:30,5,2,3
19/11/2013,19:45,8,6,2
19/11/2013,20:00,3,1,2
19/11/2013,20:15,4,4,0
19/11/2013,20:30,2,1,1
19/11/2013,20:45,2,2,0
19/11/2013,21:00,0,0,0
19/11/2013,21:15,1,1,0
19/11/2013,21:30,0,0,0
19/11/2013,21:45,2,1,1
19/11/2013,22:00,2,0,2
19/11/2013,22:15,1,1,0
19/11/2013,22:30,0,0,0
19/11/2013,22:45,0,0,0
19/11/2013,23:00,1,0,1
19/11/2013,23:15,1,1,0
19/11/2013,23:30,0,0,0
19/11/2013,23:45,4,2,2
20/11/2013,00:00,1,0,1
20/11/2013,00:15,0,0,0
20/11/2013,00:30,1,0,1
20/11/2013,00:45,2,0,2
20/11/2013,01:00,0,0,0
20/11/2013,01:15,0,0,0
20/11/2013,01:30,0,0,0
20/11/2013,01:45,0,0,0
20/11/2013,02:00,0,0,0
20/11/2013,02:15,0,0,0
20/11/2013,02:30,0,0,0
20/11/2013,02:45,0,0,0
20/11/2013,03:00,0,0,0
20/11/2013,03:15,0,0,0
20/11/2013,03:30,0,0,0
20/11/2013,03:45,0,0,0
20/11/2013,04:00,2,2,0
20/11/2013,04:15,1,0,1
20/11/2013,04:30,0,0,0
20/11/2013,04:45,1,0,1
20/11/2013,05:00,1,1,0
20/11/2013,05:15,1,0,1
20/11/2013,05:30,8,5,3
20/11/2013,05:45,9,5,4
20/11/2013,06:00,5,3,2
20/11/2013,06:15,3,2,1
20/11/2013,06:30,4,2,2
20/11/2013,06:45,15,3,12
20/11/2013,07:00,19,9,10
20/11/2013,07:15,11,3,8
20/11/2013,07:30,11,1,10
20/11/2013,07:45,19,9,10
20/11/2013,08:00,15,5,10
20/11/2013,08:15,20,10,10
20/11/2013,08:30,18,7,11
20/11/2013,08:45,16,6,10
20/11/2013,09:00,16,6,10
20/11/2013,09:15,6,2,4
20/11/2013,09:30,9,6,3
20/11/2013,09:45,8,6,2
20/11/2013,10:00,7,7,0
20/11/2013,10:15,26,24,2
20/11/2013,10:30,38,36,2
20/11/2013,10:45,24,20,4
20/11/2013,11:00,59,54,5
20/11/2013,11:15,18,15,3
20/11/2013,11:30,30,27,3
20/11/2013,11:45,15,11,4
20/11/2013,12:00,66,62,4
20/11/2013,12:15,23,18,5
20/11/2013,12:30,35,32,3
20/11/2013,12:45,32,29,3
20/11/2013,13:00,19,18,1
20/11/2013,13:15,22,18,4
20/11/2013,13:30,16,14,2
20/11/2013,13:45,14,9,5
20/11/2013,14:00,15,12,3
20/11/2013,14:15,8,4,4
20/11/2013,14:30,8,4,4
20/11/2013,14:45,9,5,4
20/11/2013,15:00,11,8,3
20/11/2013,15:15,10,9,1
20/11/2013,15:30,10,5,5
20/11/2013,15:45,14,4,10
20/11/2013,16:00,17,8,9
20/11/2013,16:15,16,8,8
20/11/2013,16:30,18,9,9
20/11/2013,16:45,16,8,8
20/11/2013,17:00,18,10,8
20/11/2013,17:15,20,9,11
20/11/2013,17:30,12,5,7
20/11/2013,17:45,14,10,4
20/11/2013,18:00,16,7,9
20/11/2013,18:15,17,12,5
20/11/2013,18:30,15,8,7
20/11/2013,18:45,14,8,6
20/11/2013,19:00,9,4,5
20/11/2013,19:15,16,7,9
20/11/2013,19:30,14,1,13
20/11/2013,19:45,6,2,4
20/11/2013,20:00,6,4,2
20/11/2013,20:15,2,1,1
20/11/2013,20:30,4,3,1
20/11/2013,20:45,3,1,2
20/11/2013,21:00,1,1,0
20/11/2013,21:15,2,1,1
20/11/2013,21:30,6,5,1
20/11/2013,21:45,1,0,1
20/11/2013,22:00,0,0,0
20/11/2013,22:15,2,1,1
20/11/2013,22:30,2,2,0
20/11/2013,22:45,1,1,0
20/11/2013,23:00,0,0,0
20/11/2013,23:15,1,1,0
20/11/2013,23:30,0,0,0
20/11/2013,23:45,0,0,0
21/11/2013,00:00,0,0,0
21/11/2013,00:15,2,1,1
21/11/2013,00:30,2,0,2
21/11/2013,00:45,0,0,0
21/11/2013,01:00,0,0,0
21/11/2013,01:15,0,0,0
21/11/2013,01:30,0,0,0
21/11/2013,01:45,0,0,0
21/11/2013,02:00,0,0,0
21/11/2013,02:15,1,1,0
21/11/2013,02:30,1,1,0
21/11/2013,02:45,1,1,0
21/11/2013,03:00,0,0,0
21/11/2013,03:15,0,0,0
21/11/2013,03:30,0,0,0
21/11/2013,03:45,1,1,0
21/11/2013,04:00,2,2,0
21/11/2013,04:15,2,0,2
21/11/2013,04:30,1,0,1
21/11/2013,04:45,3,1,2
21/11/2013,05:00,1,1,0
21/11/2013,05:15,4,4,0
21/11/2013,05:30,3,1,2
21/11/2013,05:45,14,8,6
21/11/2013,06:00,5,2,3
21/11/2013,06:15,8,4,4
21/11/2013,06:30,19,9,10
21/11/2013,06:45,14,7,7
21/11/2013,07:00,11,2,9
21/11/2013,07:15,17,5,12
21/11/2013,07:30,18,4,14
21/11/2013,07:45,21,10,11
21/11/2013,08:00,20,11,9
21/11/2013,08:15,23,6,17
21/11/2013,08:30,15,6,9
21/11/2013,08:45,16,7,9
21/11/2013,09:00,8,2,6
21/11/2013,09:15,11,6,5
21/11/2013,09:30,4,1,3
21/11/2013,09:45,10,5,5
21/11/2013,10:00,14,5,9
21/11/2013,10:15,23,15,8
21/11/2013,10:30,13,5,8
21/11/2013,10:45,6,1,5
21/11/2013,11:00,6,1,5
21/11/2013,11:15,9,3,6
21/11/2013,11:30,8,3,5
21/11/2013,11:45,4,1,3
21/11/2013,12:00,7,3,4
21/11/2013,12:15,9,2,7
21/11/2013,12:30,6,3,3
21/11/2013,12:45,5,4,1
21/11/2013,13:00,3,0,3
21/11/2013,13:15,5,2,3
21/11/2013,13:30,8,2,6
21/11/2013,13:45,14,8,6
21/11/2013,14:00,5,1,4
21/11/2013,14:15,4,3,1
21/11/2013,14:30,6,3,3
21/11/2013,14:45,9,2,7
21/11/2013,15:00,10,2,8
21/11/2013,15:15,12,2,10
21/11/2013,15:30,6,2,4
21/11/2013,15:45,15,4,11
21/11/2013,16:00,12,7,5
21/11/2013,16:15,20,9,11
21/11/2013,16:30,23,13,10
21/11/2013,16:45,26,12,14
21/11/2013,17:00,25,16,9
21/11/2013,17:15,18,10,8
21/11/2013,17:30,15,7,8
21/11/2013,17:45,21,12,9
21/11/2013,18:00,10,4,6
21/11/2013,18:15,14,11,3
21/11/2013,18:30,12,7,5
21/11/2013,18:45,10,4,6
21/11/2013,19:00,7,5,2
21/11/2013,19:15,9,6,3
21/11/2013,19:30,7,5,2
21/11/2013,19:45,1,0,1
21/11/2013,20:00,4,3,1
21/11/2013,20:15,2,0,2
21/11/2013,20:30,2,0,2
21/11/2013,20:45,1,1,0
21/11/2013,21:00,2,2,0
21/11/2013,21:15,3,2,1
21/11/2013,21:30,0,0,0
21/11/2013,21:45,1,1,0
21/11/2013,22:00,4,2,2
21/11/2013,22:15,3,2,1
21/11/2013,22:30,3,2,1
21/11/2013,22:45,1,1,0
21/11/2013,23:00,1,1,0
21/11/2013,23:15,0,0,0
21/11/2013,23:30,0,0,0
21/11/2013,23:45,0,0,0
22/11/2013,00:00,2,1,1
22/11/2013,00:15,0,0,0
22/11/2013,00:30,0,0,0
22/11/2013,00:45,0,0,0
22/11/2013,01:00,0,0,0
22/11/2013,01:15,0,0,0
22/11/2013,01:30,0,0,0
22/11/2013,01:45,1,1,0
22/11/2013,02:00,0,0,0
22/11/2013,02:15,0,0,0
22/11/2013,02:30,0,0,0
22/11/2013,02:45,0,0,0
22/11/2013,03:00,0,0,0
22/11/2013,03:15,0,0,0
22/11/2013,03:30,0,0,0
22/11/2013,03:45,3,3,0
22/11/2013,04:00,1,1,0
22/11/2013,04:15,0,0,0
22/11/2013,04:30,1,1,0
22/11/2013,04:45,1,0,1
22/11/2013,05:00,2,1,1
22/11/2013,05:15,4,4,0
22/11/2013,05:30,6,4,2
22/11/2013,05:45,12,7,5
22/11/2013,06:00,6,3,3
22/11/2013,06:15,12,6,6
22/11/2013,06:30,15,6,9
22/11/2013,06:45,13,6,7
22/11/2013,07:00,22,4,18
22/11/2013,07:15,24,9,15
22/11/2013,07:30,23,12,11
22/11/2013,07:45,14,6,8
22/11/2013,08:00,13,6,7
22/11/2013,08:15,11,4,7
22/11/2013,08:30,10,4,6
22/11/2013,08:45,17,4,13
22/11/2013,09:00,40,23,17
22/11/2013,09:15,11,4,7
22/11/2013,09:30,13,6,7
22/11/2013,09:45,5,3,2
22/11/2013,10:00,5,0,5
22/11/2013,10:15,6,2,4
22/11/2013,10:30,1,0,1
22/11/2013,10:45,10,5,5
22/11/2013,11:00,7,4,3
22/11/2013,11:15,12,5,7
22/11/2013,11:30,11,7,4
22/11/2013,11:45,10,5,5
22/11/2013,12:00,6,2,4
22/11/2013,12:15,9,4,5
22/11/2013,12:30,12,6,6
22/11/2013,12:45,15,8,7
22/11/2013,13:00,7,5,2
22/11/2013,13:15,12,5,7
22/11/2013,13:30,8,2,6
22/11/2013,13:45,9,6,3
22/11/2013,14:00,18,5,13
22/11/2013,14:15,11,3,8
22/11/2013,14:30,14,6,8
22/11/2013,14:45,8,2,6
22/11/2013,15:00,16,7,9
22/11/2013,15:15,18,10,8
22/11/2013,15:30,22,11,11
22/11/2013,15:45,29,15,14
22/11/2013,16:00,18,7,11
22/11/2013,16:15,24,13,11
22/11/2013,16:30,24,16,8
22/11/2013,16:45,28,13,15
22/11/2013,17:00,16,10,6
22/11/2013,17:15,18,8,10
22/11/2013,17:30,21,9,12
22/11/2013,17:45,9,6,3
22/11/2013,18:00,15,9,6
22/11/2013,18:15,12,6,6
22/11/2013,18:30,9,5,4
22/11/2013,18:45,8,5,3
22/11/2013,19:00,7,4,3
22/11/2013,19:15,2,0,2
22/11/2013,19:30,9,3,6
22/11/2013,19:45,1,0,1
22/11/2013,20:00,4,2,2
22/11/2013,20:15,5,2,3
22/11/2013,20:30,2,1,1
22/11/2013,20:45,1,1,0
22/11/2013,21:00,4,2,2
22/11/2013,21:15,2,0,2
22/11/2013,21:30,1,1,0
22/11/2013,21:45,2,2,0
22/11/2013,22:00,3,2,1
22/11/2013,22:15,5,3,2
22/11/2013,22:30,1,0,1
22/11/2013,22:45,3,0,3
22/11/2013,23:00,2,0,2
22/11/2013,23:15,1,0,1
22/11/2013,23:30,3,3,0
22/11/2013,23:45,0,0,0
23/11/2013,00:00,0,0,0
23/11/2013,00:15,1,0,1
23/11/2013,00:30,0,0,0
23/11/2013,00:45,2,2,0
23/11/2013,01:00,1,0,1
23/11/2013,01:15,1,1,0
23/11/2013,01:30,0,0,0
23/11/2013,01:45,0,0,0
23/11/2013,02:00,0,0,0
23/11/2013,02:15,1,1,0
23/11/2013,02:30,1,1,0
23/11/2013,02:45,0,0,0
23/11/2013,03:00,0,0,0
23/11/2013,03:15,0,0,0
23/11/2013,03:30,0,0,0
23/11/2013,03:45,1,1,0
23/11/2013,04:00,0,0,0
23/11/2013,04:15,0,0,0
23/11/2013,04:30,0,0,0
23/11/2013,04:45,0,0,0
23/11/2013,05:00,0,0,0
23/11/2013,05:15,4,3,1
23/11/2013,05:30,1,1,0
23/11/2013,05:45,3,3,0
23/11/2013,06:00,0,0,0
23/11/2013,06:15,2,1,1
23/11/2013,06:30,3,2,1
23/11/2013,06:45,10,5,5
23/11/2013,07:00,6,4,2
23/11/2013,07:15,6,5,1
23/11/2013,07:30,11,6,5
23/11/2013,07:45,9,6,3
23/11/2013,08:00,12,3,9
23/11/2013,08:15,9,7,2
23/11/2013,08:30,18,11,7
23/11/2013,08:45,22,10,12
23/11/2013,09:00,14,9,5
23/11/2013,09:15,15,6,9
23/11/2013,09:30,13,12,1
23/11/2013,09:45,14,8,6
23/11/2013,10:00,9,2,7
23/11/2013,10:15,18,10,8
23/11/2013,10:30,28,15,13
23/11/2013,10:45,29,17,12
23/11/2013,11:00,22,10,12
23/11/2013,11:15,21,12,9
23/11/2013,11:30,18,9,9
23/11/2013,11:45,27,15,12
23/11/2013,12:00,21,6,15
23/11/2013,12:15,23,10,13
23/11/2013,12:30,30,13,17
23/11/2013,12:45,14,7,7
23/11/2013,13:00,26,7,19
23/11/2013,13:15,28,14,14
23/11/2013,13:30,17,10,7
23/11/2013,13:45,25,12,13
23/11/2013,14:00,31,12,19
23/11/2013,14:15,22,8,14
23/11/2013,14:30,25,12,13
23/11/2013,14:45,21,7,14
23/11/2013,15:00,21,8,13
23/11/2013,15:15,19,11,8
23/11/2013,15:30,21,12,9
23/11/2013,15:45,23,13,10
23/11/2013,16:00,23,12,11
23/11/2013,16:15,20,9,11
23/11/2013,16:30,11,4,7
23/11/2013,16:45,16,7,9
23/11/2013,17:00,6,2,4
23/11/2013,17:15,4,2,2
23/11/2013,17:30,3,2,1
23/11/2013,17:45,3,0,3
23/11/2013,18:00,2,0,2
23/11/2013,18:15,3,0,3
23/11/2013,18:30,0,0,0
23/11/2013,18:45,3,1,2
23/11/2013,19:00,1,1,0
23/11/2013,19:15,1,0,1
23/11/2013,19:30,1,1,0
23/11/2013,19:45,2,2,0
23/11/2013,20:00,0,0,0
23/11/2013,20:15,3,1,2
23/11/2013,20:30,1,0,1
23/11/2013,20:45,0,0,0
23/11/2013,21:00,2,1,1
23/11/2013,21:15,1,0,1
23/11/2013,21:30,1,0,1
23/11/2013,21:45,2,1,1
23/11/2013,22:00,3,2,1
23/11/2013,22:15,0,0,0
23/11/2013,22:30,0,0,0
23/11/2013,22:45,0,0,0
23/11/2013,23:00,0,0,0
23/11/2013,23:15,1,1,0
23/11/2013,23:30,0,0,0
23/11/2013,23:45,0,0,0
24/11/2013,00:00,0,0,0
24/11/2013,00:15,1,1,0
24/11/2013,00:30,1,0,1
24/11/2013,00:45,0,0,0
24/11/2013,01:00,0,0,0
24/11/2013,01:15,0,0,0
24/11/2013,01:30,0,0,0
24/11/2013,01:45,1,0,1
24/11/2013,02:00,0,0,0
24/11/2013,02:15,1,1,0
24/11/2013,02:30,0,0,0
24/11/2013,02:45,0,0,0
24/11/2013,03:00,0,0,0
24/11/2013,03:15,0,0,0
24/11/2013,03:30,0,0,0
24/11/2013,03:45,0,0,0
24/11/2013,04:00,0,0,0
24/11/2013,04:15,1,0,1
24/11/2013,04:30,0,0,0
24/11/2013,04:45,0,0,0
24/11/2013,05:00,0,0,0
24/11/2013,05:15,3,0,3
24/11/2013,05:30,0,0,0
24/11/2013,05:45,5,5,0
24/11/2013,06:00,0,0,0
24/11/2013,06:15,1,1,0
24/11/2013,06:30,5,3,2
24/11/2013,06:45,2,1,1
24/11/2013,07:00,2,1,1
24/11/2013,07:15,2,1,1
24/11/2013,07:30,5,5,0
24/11/2013,07:45,4,2,2
24/11/2013,08:00,5,2,3
24/11/2013,08:15,13,8,5
24/11/2013,08:30,7,2,5
24/11/2013,08:45,6,1,5
24/11/2013,09:00,9,5,4
24/11/2013,09:15,6,2,4
24/11/2013,09:30,5,3,2
24/11/2013,09:45,4,1,3
24/11/2013,10:00,6,2,4
24/11/2013,10:15,7,2,5
24/11/2013,10:30,8,4,4
24/11/2013,10:45,9,5,4
24/11/2013,11:00,5,2,3
24/11/2013,11:15,10,2,8
24/11/2013,11:30,9,5,4
24/11/2013,11:45,5,1,4
24/11/2013,12:00,5,3,2
24/11/2013,12:15,11,4,7
24/11/2013,12:30,9,2,7
24/11/2013,12:45,3,3,0
24/11/2013,13:00,6,6,0
24/11/2013,13:15,7,2,5
24/11/2013,13:30,9,4,5
24/11/2013,13:45,9,4,5
24/11/2013,14:00,13,5,8
24/11/2013,14:15,10,3,7
24/11/2013,14:30,8,4,4
24/11/2013,14:45,9,6,3
24/11/2013,15:00,5,1,4
24/11/2013,15:15,3,1,2
24/11/2013,15:30,14,9,5
24/11/2013,15:45,7,2,5
24/11/2013,16:00,5,2,3
24/11/2013,16:15,9,4,5
24/11/2013,16:30,4,3,1
24/11/2013,16:45,2,1,1
24/11/2013,17:00,3,2,1
24/11/2013,17:15,2,0,2
24/11/2013,17:30,2,1,1
24/11/2013,17:45,2,0,2
24/11/2013,18:00,2,1,1
24/11/2013,18:15,1,1,0
24/11/2013,18:30,0,0,0
24/11/2013,18:45,1,0,1
24/11/2013,19:00,1,0,1
24/11/2013,19:15,1,0,1
24/11/2013,19:30,1,1,0
24/11/2013,19:45,0,0,0
24/11/2013,20:00,2,0,2
24/11/2013,20:15,2,0,2
24/11/2013,20:30,0,0,0
24/11/2013,20:45,1,1,0
24/11/2013,21:00,0,0,0
24/11/2013,21:15,1,0,1
24/11/2013,21:30,1,1,0
24/11/2013,21:45,1,0,1
24/11/2013,22:00,1,0,1
24/11/2013,22:15,1,1,0
24/11/2013,22:30,0,0,0
24/11/2013,22:45,2,1,1
24/11/2013,23:00,0,0,0
24/11/2013,23:15,0,0,0
24/11/2013,23:30,1,1,0
24/11/2013,23:45,0,0,0
25/11/2013,00:00,0,0,0
25/11/2013,00:15,0,0,0
25/11/2013,00:30,1,1,0
25/11/2013,00:45,1,1,0
25/11/2013,01:00,0,0,0
25/11/2013,01:15,0,0,0
25/11/2013,01:30,0,0,0
25/11/2013,01:45,0,0,0
25/11/2013,02:00,0,0,0
25/11/2013,02:15,0,0,0
25/11/2013,02:30,0,0,0
25/11/2013,02:45,0,0,0
25/11/2013,03:00,0,0,0
25/11/2013,03:15,1,0,1
25/11/2013,03:30,0,0,0
25/11/2013,03:45,0,0,0
25/11/2013,04:00,2,1,1
25/11/2013,04:15,0,0,0
25/11/2013,04:30,0,0,0
25/11/2013,04:45,1,0,1
25/11/2013,05:00,5,2,3
25/11/2013,05:15,4,3,1
25/11/2013,05:30,7,4,3
25/11/2013,05:45,7,2,5
25/11/2013,06:00,6,4,2
25/11/2013,06:15,6,4,2
25/11/2013,06:30,6,3,3
25/11/2013,06:45,8,2,6
25/11/2013,07:00,19,4,15
25/11/2013,07:15,18,6,12
25/11/2013,07:30,15,5,10
25/11/2013,07:45,8,2,6
25/11/2013,08:00,13,6,7
25/11/2013,08:15,12,5,7
25/11/2013,08:30,12,7,5
25/11/2013,08:45,9,2,7
25/11/2013,09:00,4,1,3
25/11/2013,09:15,2,1,1
25/11/2013,09:30,8,4,4
25/11/2013,09:45,13,10,3
25/11/2013,10:00,13,6,7
25/11/2013,10:15,6,4,2
25/11/2013,10:30,6,3,3
25/11/2013,10:45,2,1,1
25/11/2013,11:00,1,1,0
25/11/2013,11:15,5,0,5
25/11/2013,11:30,9,7,2
25/11/2013,11:45,12,11,1
25/11/2013,12:00,6,6,0
25/11/2013,12:15,10,9,1
25/11/2013,12:30,7,7,0
25/11/2013,12:45,5,3,2
25/11/2013,13:00,9,4,5
25/11/2013,13:15,12,8,4
25/11/2013,13:30,7,4,3
25/11/2013,13:45,6,2,4
25/11/2013,14:00,5,4,1
25/11/2013,14:15,8,3,5
25/11/2013,14:30,12,1,11
25/11/2013,14:45,6,3,3
25/11/2013,15:00,8,3,5
25/11/2013,15:15,9,4,5
25/11/2013,15:30,11,1,10
25/11/2013,15:45,33,16,17
25/11/2013,16:00,12,7,5
25/11/2013,16:15,17,11,6
25/11/2013,16:30,13,4,9
25/11/2013,16:45,22,13,9
25/11/2013,17:00,11,5,6
25/11/2013,17:15,11,7,4
25/11/2013,17:30,7,1,6
25/11/2013,17:45,11,8,3
25/11/2013,18:00,16,10,6
25/11/2013,18:15,8,6,2
25/11/2013,18:30,11,8,3
25/11/2013,18:45,9,3,6
25/11/2013,19:00,5,1,4
25/11/2013,19:15,5,3,2
25/11/2013,19:30,3,2,1
25/11/2013,19:45,5,1,4
25/11/2013,20:00,1,0,1
25/11/2013,20:15,6,3,3
25/11/2013,20:30,2,2,0
25/11/2013,20:45,1,0,1
25/11/2013,21:00,4,3,1
25/11/2013,21:15,0,0,0
25/11/2013,21:30,1,0,1
25/11/2013,21:45,0,0,0
25/11/2013,22:00,1,1,0
25/11/2013,22:15,2,2,0
25/11/2013,22:30,1,1,0
25/11/2013,22:45,0,0,0
25/11/2013,23:00,2,1,1
25/11/2013,23:15,0,0,0
25/11/2013,23:30,0,0,0
25/11/2013,23:45,0,0,0
26/11/2013,00:00,2,1,1
26/11/2013,00:15,0,0,0
26/11/2013,00:30,0,0,0
26/11/2013,00:45,0,0,0
26/11/2013,01:00,0,0,0
26/11/2013,01:15,0,0,0
26/11/2013,01:30,0,0,0
26/11/2013,01:45,0,0,0
26/11/2013,02:00,0,0,0
26/11/2013,02:15,0,0,0
26/11/2013,02:30,0,0,0
26/11/2013,02:45,0,0,0
26/11/2013,03:00,0,0,0
26/11/2013,03:15,1,1,0
26/11/2013,03:30,1,0,1
26/11/2013,03:45,0,0,0
26/11/2013,04:00,1,1,0
26/11/2013,04:15,0,0,0
26/11/2013,04:30,1,0,1
26/11/2013,04:45,2,0,2
26/11/2013,05:00,2,1,1
26/11/2013,05:15,6,6,0
26/11/2013,05:30,7,3,4
26/11/2013,05:45,4,2,2
26/11/2013,06:00,6,4,2
26/11/2013,06:15,2,1,1
26/11/2013,06:30,2,2,0
26/11/2013,06:45,2,1,1
26/11/2013,07:00,12,5,7
26/11/2013,07:15,7,3,4
26/11/2013,07:30,8,2,6
26/11/2013,07:45,8,4,4
26/11/2013,08:00,14,5,9
26/11/2013,08:15,8,5,3
26/11/2013,08:30,3,3,0
26/11/2013,08:45,2,0,2
26/11/2013,09:00,4,2,2
26/11/2013,09:15,2,2,0
26/11/2013,09:30,1,1,0
26/11/2013,09:45,2,2,0
26/11/2013,10:00,5,3,2
26/11/2013,10:15,3,0,3
26/11/2013,10:30,5,3,2
26/11/2013,10:45,1,0,1
26/11/2013,11:00,3,1,2
26/11/2013,11:15,2,1,1
26/11/2013,11:30,1,1,0
26/11/2013,11:45,1,0,1
26/11/2013,12:00,2,0,2
26/11/2013,12:15,3,1,2
26/11/2013,12:30,2,1,1
26/11/2013,12:45,1,1,0
26/11/2013,13:00,3,0,3
26/11/2013,13:15,6,0,6
26/11/2013,13:30,6,1,5
26/11/2013,13:45,1,0,1
26/11/2013,14:00,3,0,3
26/11/2013,14:15,3,1,2
26/11/2013,14:30,2,1,1
26/11/2013,14:45,2,1,1
26/11/2013,15:00,3,1,2
26/11/2013,15:15,1,0,1
26/11/2013,15:30,7,2,5
26/11/2013,15:45,4,1,3
26/11/2013,16:00,2,2,0
26/11/2013,16:15,4,2,2
26/11/2013,16:30,3,1,2
26/11/2013,16:45,3,0,3
26/11/2013,17:00,6,4,2
26/11/2013,17:15,4,3,1
26/11/2013,17:30,2,2,0
26/11/2013,17:45,3,3,0
26/11/2013,18:00,4,4,0
26/11/2013,18:15,3,3,0
26/11/2013,18:30,1,1,0
26/11/2013,18:45,2,1,1
26/11/2013,19:00,1,1,0
26/11/2013,19:15,1,0,1
26/11/2013,19:30,2,1,1
26/11/2013,19:45,1,0,1
26/11/2013,20:00,3,2,1
26/11/2013,20:15,0,0,0
26/11/2013,20:30,1,1,0
26/11/2013,20:45,0,0,0
26/11/2013,21:00,1,0,1
26/11/2013,21:15,0,0,0
26/11/2013,21:30,0,0,0
26/11/2013,21:45,1,1,0
26/11/2013,22:00,1,0,1
26/11/2013,22:15,0,0,0
26/11/2013,22:30,0,0,0
26/11/2013,22:45,0,0,0
26/11/2013,23:00,0,0,0
26/11/2013,23:15,1,0,1
26/11/2013,23:30,2,2,0
26/11/2013,23:45,1,0,1
27/11/2013,00:00,0,0,0
27/11/2013,00:15,0,0,0
27/11/2013,00:30,0,0,0
27/11/2013,00:45,0,0,0
27/11/2013,01:00,0,0,0
27/11/2013,01:15,0,0,0
27/11/2013,01:30,0,0,0
27/11/2013,01:45,0,0,0
27/11/2013,02:00,0,0,0
27/11/2013,02:15,1,0,1
27/11/2013,02:30,0,0,0
27/11/2013,02:45,0,0,0
27/11/2013,03:00,0,0,0
27/11/2013,03:15,0,0,0
27/11/2013,03:30,0,0,0
27/11/2013,03:45,1,1,0
27/11/2013,04:00,0,0,0
27/11/2013,04:15,1,0,1
27/11/2013,04:30,0,0,0
27/11/2013,04:45,0,0,0
27/11/2013,05:00,1,0,1
27/11/2013,05:15,4,4,0
27/11/2013,05:30,4,3,1
27/11/2013,05:45,2,0,2
27/11/2013,06:00,1,1,0
27/11/2013,06:15,4,3,1
27/11/2013,06:30,3,3,0
27/11/2013,06:45,1,1,0
27/11/2013,07:00,2,0,2
27/11/2013,07:15,6,3,3
27/11/2013,07:30,3,1,2
27/11/2013,07:45,7,4,3
27/11/2013,08:00,10,5,5
27/11/2013,08:15,6,4,2
27/11/2013,08:30,8,3,5
27/11/2013,08:45,4,3,1
27/11/2013,09:00,7,5,2
27/11/2013,09:15,5,3,2
27/11/2013,09:30,2,1,1
27/11/2013,09:45,7,2,5
27/11/2013,10:00,1,0,1
27/11/2013,10:15,3,3,0
27/11/2013,10:30,3,2,1
27/11/2013,10:45,2,2,0
27/11/2013,11:00,7,1,6
27/11/2013,11:15,1,0,1
27/11/2013,11:30,8,3,5
27/11/2013,11:45,6,0,6
27/11/2013,12:00,1,1,0
27/11/2013,12:15,2,1,1
27/11/2013,12:30,0,0,0
27/11/2013,12:45,4,2,2
27/11/2013,13:00,5,0,5
27/11/2013,13:15,4,1,3
27/11/2013,13:30,2,1,1
27/11/2013,13:45,2,1,1
27/11/2013,14:00,7,0,7
27/11/2013,14:15,3,2,1
27/11/2013,14:30,9,3,6
27/11/2013,14:45,2,0,2
27/11/2013,15:00,0,0,0
27/11/2013,15:15,2,1,1
27/11/2013,15:30,6,2,4
27/11/2013,15:45,3,2,1
27/11/2013,16:00,5,1,4
27/11/2013,16:15,6,3,3
27/11/2013,16:30,3,1,2
27/11/2013,16:45,1,1,0
27/11/2013,17:00,2,1,1
27/11/2013,17:15,2,1,1
27/11/2013,17:30,2,2,0
27/11/2013,17:45,3,1,2
27/11/2013,18:00,5,1,4
27/11/2013,18:15,0,0,0
27/11/2013,18:30,1,1,0
27/11/2013,18:45,1,1,0
27/11/2013,19:00,1,0,1
27/11/2013,19:15,1,0,1
27/11/2013,19:30,0,0,0
27/11/2013,19:45,1,1,0
27/11/2013,20:00,0,0,0
27/11/2013,20:15,2,0,2
27/11/2013,20:30,1,0,1
27/11/2013,20:45,1,0,1
27/11/2013,21:00,1,0,1
27/11/2013,21:15,0,0,0
27/11/2013,21:30,1,1,0
27/11/2013,21:45,0,0,0
27/11/2013,22:00,1,0,1
27/11/2013,22:15,1,1,0
27/11/2013,22:30,1,1,0
27/11/2013,22:45,0,0,0
27/11/2013,23:00,1,1,0
27/11/2013,23:15,1,1,0
27/11/2013,23:30,0,0,0
27/11/2013,23:45,0,0,0
28/11/2013,00:00,0,0,0
28/11/2013,00:15,0,0,0
28/11/2013,00:30,0,0,0
28/11/2013,00:45,0,0,0
28/11/2013,01:00,0,0,0
28/11/2013,01:15,0,0,0
28/11/2013,01:30,0,0,0
28/11/2013,01:45,0,0,0
28/11/2013,02:00,1,1,0
28/11/2013,02:15,0,0,0
28/11/2013,02:30,0,0,0
28/11/2013,02:45,0,0,0
28/11/2013,03:00,0,0,0
28/11/2013,03:15,0,0,0
28/11/2013,03:30,0,0,0
28/11/2013,03:45,0,0,0
28/11/2013,04:00,0,0,0
28/11/2013,04:15,0,0,0
28/11/2013,04:30,0,0,0
28/11/2013,04:45,0,0,0
28/11/2013,05:00,0,0,0
28/11/2013,05:15,0,0,0
28/11/2013,05:30,0,0,0
28/11/2013,05:45,0,0,0
28/11/2013,06:00,0,0,0
28/11/2013,06:15,0,0,0
28/11/2013,06:30,2,2,0
28/11/2013,06:45,7,7,0
28/11/2013,07:00,4,3,1
28/11/2013,07:15,3,1,2
28/11/2013,07:30,4,1,3
28/11/2013,07:45,6,2,4
28/11/2013,08:00,9,6,3
28/11/2013,08:15,9,7,2
28/11/2013,08:30,8,5,3
28/11/2013,08:45,7,3,4
28/11/2013,09:00,13,7,6
28/11/2013,09:15,8,5,3
28/11/2013,09:30,17,7,10
28/11/2013,09:45,12,7,5
28/11/2013,10:00,7,5,2
28/11/2013,10:15,16,9,7
28/11/2013,10:30,11,5,6
28/11/2013,10:45,10,5,5
28/11/2013,11:00,9,5,4
28/11/2013,11:15,6,2,4
28/11/2013,11:30,6,3,3
28/11/2013,11:45,18,1,17
28/11/2013,12:00,9,3,6
28/11/2013,12:15,8,3,5
28/11/2013,12:30,8,3,5
28/11/2013,12:45,10,6,4
28/11/2013,13:00,10,6,4
28/11/2013,13:15,6,3,3
28/11/2013,13:30,8,6,2
28/11/2013,13:45,5,4,1
28/11/2013,14:00,9,3,6
28/11/2013,14:15,6,0,6
28/11/2013,14:30,7,3,4
28/11/2013,14:45,8,3,5
28/11/2013,15:00,6,2,4
28/11/2013,15:15,7,1,6
28/11/2013,15:30,7,1,6
28/11/2013,15:45,8,2,6
28/11/2013,16:00,4,1,3
28/11/2013,16:15,2,2,0
28/11/2013,16:30,5,2,3
28/11/2013,16:45,2,0,2
28/11/2013,17:00,6,2,4
28/11/2013,17:15,0,0,0
28/11/2013,17:30,3,2,1
28/11/2013,17:45,1,1,0
28/11/2013,18:00,2,2,0
28/11/2013,18:15,3,2,1
28/11/2013,18:30,2,0,2
28/11/2013,18:45,1,1,0
28/11/2013,19:00,1,1,0
28/11/2013,19:15,0,0,0
28/11/2013,19:30,1,0,1
28/11/2013,19:45,0,0,0
28/11/2013,20:00,0,0,0
28/11/2013,20:15,4,2,2
28/11/2013,20:30,4,1,3
28/11/2013,20:45,0,0,0
28/11/2013,21:00,3,2,1
28/11/2013,21:15,1,0,1
28/11/2013,21:30,0,0,0
28/11/2013,21:45,0,0,0
28/11/2013,22:00,0,0,0
28/11/2013,22:15,2,0,2
28/11/2013,22:30,0,0,0
28/11/2013,22:45,0,0,0
28/11/2013,23:00,0,0,0
28/11/2013,23:15,0,0,0
28/11/2013,23:30,0,0,0
28/11/2013,23:45,0,0,0
29/11/2013,00:00,4,2,2
29/11/2013,00:15,0,0,0
29/11/2013,00:30,0,0,0
29/11/2013,00:45,0,0,0
29/11/2013,01:00,0,0,0
29/11/2013,01:15,0,0,0
29/11/2013,01:30,0,0,0
29/11/2013,01:45,0,0,0
29/11/2013,02:00,1,1,0
29/11/2013,02:15,0,0,0
29/11/2013,02:30,0,0,0
29/11/2013,02:45,0,0,0
29/11/2013,03:00,0,0,0
29/11/2013,03:15,0,0,0
29/11/2013,03:30,0,0,0
29/11/2013,03:45,1,1,0
29/11/2013,04:00,0,0,0
29/11/2013,04:15,1,0,1
29/11/2013,04:30,0,0,0
29/11/2013,04:45,1,0,1
29/11/2013,05:00,1,1,0
29/11/2013,05:15,4,3,1
29/11/2013,05:30,1,1,0
29/11/2013,05:45,3,1,2
29/11/2013,06:00,4,2,2
29/11/2013,06:15,1,1,0
29/11/2013,06:30,1,0,1
29/11/2013,06:45,4,2,2
29/11/2013,07:00,3,2,1
29/11/2013,07:15,4,2,2
29/11/2013,07:30,3,2,1
29/11/2013,07:45,8,4,4
29/11/2013,08:00,8,5,3
29/11/2013,08:15,8,3,5
29/11/2013,08:30,6,3,3
29/11/2013,08:45,9,6,3
29/11/2013,09:00,8,3,5
29/11/2013,09:15,8,5,3
29/11/2013,09:30,15,6,9
29/11/2013,09:45,5,2,3
29/11/2013,10:00,11,5,6
29/11/2013,10:15,3,1,2
29/11/2013,10:30,7,5,2
29/11/2013,10:45,7,6,1
29/11/2013,11:00,5,4,1
29/11/2013,11:15,22,12,10
29/11/2013,11:30,6,3,3
29/11/2013,11:45,9,5,4
29/11/2013,12:00,16,10,6
29/11/2013,12:15,18,16,2
29/11/2013,12:30,19,9,10
29/11/2013,12:45,8,6,2
29/11/2013,13:00,8,4,4
29/11/2013,13:15,13,3,10
29/11/2013,13:30,14,8,6
29/11/2013,13:45,12,6,6
29/11/2013,14:00,5,4,1
29/11/2013,14:15,12,4,8
29/11/2013,14:30,14,6,8
29/11/2013,14:45,24,7,17
29/11/2013,15:00,14,10,4
29/11/2013,15:15,17,7,10
29/11/2013,15:30,15,9,6
29/11/2013,15:45,11,8,3
29/11/2013,16:00,12,4,8
29/11/2013,16:15,7,2,5
29/11/2013,16:30,18,13,5
29/11/2013,16:45,9,4,5
29/11/2013,17:00,9,2,7
29/11/2013,17:15,6,3,3
29/11/2013,17:30,3,2,1
29/11/2013,17:45,2,2,0
29/11/2013,18:00,5,2,3
29/11/2013,18:15,1,0,1
29/11/2013,18:30,4,4,0
29/11/2013,18:45,0,0,0
29/11/2013,19:00,0,0,0
29/11/2013,19:15,4,3,1
29/11/2013,19:30,1,1,0
29/11/2013,19:45,1,0,1
29/11/2013,20:00,2,1,1
29/11/2013,20:15,0,0,0
29/11/2013,20:30,0,0,0
29/11/2013,20:45,1,0,1
29/11/2013,21:00,2,1,1
29/11/2013,21:15,1,0,1
29/11/2013,21:30,1,0,1
29/11/2013,21:45,0,0,0
29/11/2013,22:00,2,1,1
29/11/2013,22:15,2,0,2
29/11/2013,22:30,0,0,0
29/11/2013,22:45,0,0,0
29/11/2013,23:00,1,1,0
29/11/2013,23:15,1,1,0
29/11/2013,23:30,1,0,1
29/11/2013,23:45,0,0,0
30/11/2013,00:00,0,0,0
30/11/2013,00:15,0,0,0
30/11/2013,00:30,1,0,1
30/11/2013,00:45,0,0,0
30/11/2013,01:00,0,0,0
30/11/2013,01:15,0,0,0
30/11/2013,01:30,0,0,0
30/11/2013,01:45,0,0,0
30/11/2013,02:00,1,1,0
30/11/2013,02:15,0,0,0
30/11/2013,02:30,0,0,0
30/11/2013,02:45,0,0,0
30/11/2013,03:00,0,0,0
30/11/2013,03:15,0,0,0
30/11/2013,03:30,0,0,0
30/11/2013,03:45,0,0,0
30/11/2013,04:00,0,0,0
30/11/2013,04:15,0,0,0
30/11/2013,04:30,0,0,0
30/11/2013,04:45,0,0,0
30/11/2013,05:00,1,0,1
30/11/2013,05:15,3,2,1
30/11/2013,05:30,1,1,0
30/11/2013,05:45,3,3,0
30/11/2013,06:00,0,0,0
30/11/2013,06:15,2,2,0
30/11/2013,06:30,4,2,2
30/11/2013,06:45,1,1,0
30/11/2013,07:00,4,2,2
30/11/2013,07:15,2,1,1
30/11/2013,07:30,13,5,8
30/11/2013,07:45,3,1,2
30/11/2013,08:00,9,6,3
30/11/2013,08:15,8,8,0
30/11/2013,08:30,13,6,7
30/11/2013,08:45,13,9,4
30/11/2013,09:00,7,4,3
30/11/2013,09:15,11,6,5
30/11/2013,09:30,4,3,1
30/11/2013,09:45,5,4,1
30/11/2013,10:00,2,1,1
30/11/2013,10:15,8,4,4
30/11/2013,10:30,12,9,3
30/11/2013,10:45,9,2,7
30/11/2013,11:00,13,5,8
30/11/2013,11:15,17,6,11
30/11/2013,11:30,6,2,4
30/11/2013,11:45,20,8,12
30/11/2013,12:00,10,5,5
30/11/2013,12:15,4,2,2
30/11/2013,12:30,13,6,7
30/11/2013,12:45,14,3,11
30/11/2013,13:00,14,3,11
30/11/2013,13:15,15,6,9
30/11/2013,13:30,14,2,12
30/11/2013,13:45,10,5,5
30/11/2013,14:00,12,1,11
30/11/2013,14:15,15,5,10
30/11/2013,14:30,18,7,11
30/11/2013,14:45,15,7,8
30/11/2013,15:00,25,12,13
30/11/2013,15:15,15,8,7
30/11/2013,15:30,19,12,7
30/11/2013,15:45,12,8,4
30/11/2013,16:00,7,3,4
30/11/2013,16:15,4,3,1
30/11/2013,16:30,10,6,4
30/11/2013,16:45,12,4,8
30/11/2013,17:00,8,3,5
30/11/2013,17:15,3,0,3
30/11/2013,17:30,2,0,2
30/11/2013,17:45,1,0,1
30/11/2013,18:00,2,1,1
30/11/2013,18:15,2,1,1
30/11/2013,18:30,1,0,1
30/11/2013,18:45,2,0,2
30/11/2013,19:00,2,1,1
30/11/2013,19:15,0,0,0
30/11/2013,19:30,0,0,0
30/11/2013,19:45,2,1,1
30/11/2013,20:00,3,2,1
30/11/2013,20:15,1,0,1
30/11/2013,20:30,0,0,0
30/11/2013,20:45,0,0,0
30/11/2013,21:00,2,0,2
30/11/2013,21:15,0,0,0
30/11/2013,21:30,0,0,0
30/11/2013,21:45,0,0,0
30/11/2013,22:00,2,0,2
30/11/2013,22:15,0,0,0
30/11/2013,22:30,0,0,0
30/11/2013,22:45,1,1,0
30/11/2013,23:00,2,2,0
30/11/2013,23:15,1,0,1
30/11/2013,23:30,0,0,0
30/11/2013,23:45,0,0,0
01/12/2013,00:00,0,0,0
01/12/2013,00:15,0,0,0
01/12/2013,00:30,0,0,0
01/12/2013,00:45,1,1,0
01/12/2013,01:00,0,0,0
01/12/2013,01:15,0,0,0
01/12/2013,01:30,0,0,0
01/12/2013,01:45,1,1,0
01/12/2013,02:00,1,0,1
01/12/2013,02:15,1,1,0
01/12/2013,02:30,0,0,0
01/12/2013,02:45,1,0,1
01/12/2013,03:00,0,0,0
01/12/2013,03:15,0,0,0
01/12/2013,03:30,0,0,0
01/12/2013,03:45,0,0,0
01/12/2013,04:00,0,0,0
01/12/2013,04:15,0,0,0
01/12/2013,04:30,0,0,0
01/12/2013,04:45,0,0,0
01/12/2013,05:00,1,0,1
01/12/2013,05:15,1,0,1
01/12/2013,05:30,2,1,1
01/12/2013,05:45,1,1,0
01/12/2013,06:00,1,0,1
01/12/2013,06:15,1,0,1
01/12/2013,06:30,3,3,0
01/12/2013,06:45,2,1,1
01/12/2013,07:00,2,1,1
01/12/2013,07:15,3,2,1
01/12/2013,07:30,3,3,0
01/12/2013,07:45,2,2,0
01/12/2013,08:00,6,4,2
01/12/2013,08:15,7,4,3
01/12/2013,08:30,7,2,5
01/12/2013,08:45,9,6,3
01/12/2013,09:00,6,3,3
01/12/2013,09:15,7,6,1
01/12/2013,09:30,8,5,3
01/12/2013,09:45,8,4,4
01/12/2013,10:00,15,7,8
01/12/2013,10:15,15,6,9
01/12/2013,10:30,7,4,3
01/12/2013,10:45,15,8,7
01/12/2013,11:00,25,17,8
01/12/2013,11:15,16,10,6
01/12/2013,11:30,15,9,6
01/12/2013,11:45,25,18,7
01/12/2013,12:00,30,9,21
01/12/2013,12:15,16,4,12
01/12/2013,12:30,21,13,8
01/12/2013,12:45,27,18,9
01/12/2013,13:00,29,17,12
01/12/2013,13:15,25,14,11
01/12/2013,13:30,18,10,8
01/12/2013,13:45,15,5,10
01/12/2013,14:00,28,17,11
01/12/2013,14:15,27,12,15
01/12/2013,14:30,42,11,31
01/12/2013,14:45,25,13,12
01/12/2013,15:00,24,13,11
01/12/2013,15:15,27,13,14
01/12/2013,15:30,21,11,10
01/12/2013,15:45,29,22,7
01/12/2013,16:00,18,13,5
01/12/2013,16:15,19,11,8
01/12/2013,16:30,19,8,11
01/12/2013,16:45,11,5,6
01/12/2013,17:00,6,2,4
01/12/2013,17:15,3,1,2
01/12/2013,17:30,6,1,5
01/12/2013,17:45,4,1,3
01/12/2013,18:00,0,0,0
01/12/2013,18:15,0,0,0
01/12/2013,18:30,1,1,0
01/12/2013,18:45,1,1,0
01/12/2013,19:00,0,0,0
01/12/2013,19:15,4,2,2
01/12/2013,19:30,0,0,0
01/12/2013,19:45,0,0,0
01/12/2013,20:00,1,0,1
01/12/2013,20:15,0,0,0
01/12/2013,20:30,0,0,0
01/12/2013,20:45,1,0,1
01/12/2013,21:00,0,0,0
01/12/2013,21:15,0,0,0
01/12/2013,21:30,0,0,0
01/12/2013,21:45,1,1,0
01/12/2013,22:00,1,1,0
01/12/2013,22:15,0,0,0
01/12/2013,22:30,2,2,0
01/12/2013,22:45,1,1,0
01/12/2013,23:00,0,0,0
01/12/2013,23:15,0,0,0
01/12/2013,23:30,0,0,0
01/12/2013,23:45,0,0,0
02/12/2013,00:00,0,0,0
02/12/2013,00:15,0,0,0
02/12/2013,00:30,0,0,0
02/12/2013,00:45,0,0,0
02/12/2013,01:00,0,0,0
02/12/2013,01:15,0,0,0
02/12/2013,01:30,0,0,0
02/12/2013,01:45,0,0,0
02/12/2013,02:00,0,0,0
02/12/2013,02:15,0,0,0
02/12/2013,02:30,1,1,0
02/12/2013,02:45,0,0,0
02/12/2013,03:00,0,0,0
02/12/2013,03:15,1,0,1
02/12/2013,03:30,0,0,0
02/12/2013,03:45,1,1,0
02/12/2013,04:00,1,1,0
02/12/2013,04:15,2,1,1
02/12/2013,04:30,0,0,0
02/12/2013,04:45,2,0,2
02/12/2013,05:00,4,3,1
02/12/2013,05:15,5,3,2
02/12/2013,05:30,12,9,3
02/12/2013,05:45,3,1,2
02/12/2013,06:00,14,7,7
02/12/2013,06:15,6,1,5
02/12/2013,06:30,13,4,9
02/12/2013,06:45,20,9,11
02/12/2013,07:00,24,5,19
02/12/2013,07:15,23,5,18
02/12/2013,07:30,23,13,10
02/12/2013,07:45,24,9,15
02/12/2013,08:00,8,3,5
02/12/2013,08:15,21,5,16
02/12/2013,08:30,10,4,6
02/12/2013,08:45,10,3,7
02/12/2013,09:00,14,9,5
02/12/2013,09:15,9,4,5
02/12/2013,09:30,13,6,7
02/12/2013,09:45,9,5,4
02/12/2013,10:00,6,3,3
02/12/2013,10:15,10,3,7
02/12/2013,10:30,3,0,3
02/12/2013,10:45,4,1,3
02/12/2013,11:00,5,1,4
02/12/2013,11:15,6,5,1
02/12/2013,11:30,4,2,2
02/12/2013,11:45,9,3,6
02/12/2013,12:00,9,3,6
02/12/2013,12:15,7,6,1
02/12/2013,12:30,2,2,0
02/12/2013,12:45,8,3,5
02/12/2013,13:00,6,4,2
02/12/2013,13:15,7,2,5
02/12/2013,13:30,8,1,7
02/12/2013,13:45,9,8,1
02/12/2013,14:00,4,1,3
02/12/2013,14:15,7,3,4
02/12/2013,14:30,16,7,9
02/12/2013,14:45,9,4,5
02/12/2013,15:00,5,2,3
02/12/2013,15:15,6,6,0
02/12/2013,15:30,9,3,6
02/12/2013,15:45,5,2,3
02/12/2013,16:00,20,9,11
02/12/2013,16:15,22,8,14
02/12/2013,16:30,19,12,7
02/12/2013,16:45,19,11,8
02/12/2013,17:00,19,10,9
02/12/2013,17:15,24,15,9
02/12/2013,17:30,16,10,6
02/12/2013,17:45,24,19,5
02/12/2013,18:00,16,10,6
02/12/2013,18:15,19,11,8
02/12/2013,18:30,18,8,10
02/12/2013,18:45,16,11,5
02/12/2013,19:00,6,3,3
02/12/2013,19:15,5,1,4
02/12/2013,19:30,4,4,0
02/12/2013,19:45,3,1,2
02/12/2013,20:00,6,4,2
02/12/2013,20:15,2,2,0
02/12/2013,20:30,0,0,0
02/12/2013,20:45,3,3,0
02/12/2013,21:00,1,0,1
02/12/2013,21:15,2,0,2
02/12/2013,21:30,5,5,0
02/12/2013,21:45,4,2,2
02/12/2013,22:00,3,3,0
02/12/2013,22:15,0,0,0
02/12/2013,22:30,2,2,0
02/12/2013,22:45,0,0,0
02/12/2013,23:00,0,0,0
02/12/2013,23:15,0,0,0
02/12/2013,23:30,1,1,0
02/12/2013,23:45,0,0,0
03/12/2013,00:00,1,0,1
03/12/2013,00:15,1,0,1
03/12/2013,00:30,3,2,1
03/12/2013,00:45,0,0,0
03/12/2013,01:00,0,0,0
03/12/2013,01:15,0,0,0
03/12/2013,01:30,0,0,0
03/12/2013,01:45,0,0,0
03/12/2013,02:00,0,0,0
03/12/2013,02:15,0,0,0
03/12/2013,02:30,0,0,0
03/12/2013,02:45,1,0,1
03/12/2013,03:00,0,0,0
03/12/2013,03:15,0,0,0
03/12/2013,03:30,0,0,0
03/12/2013,03:45,1,0,1
03/12/2013,04:00,2,2,0
03/12/2013,04:15,1,1,0
03/12/2013,04:30,1,1,0
03/12/2013,04:45,2,0,2
03/12/2013,05:00,3,0,3
03/12/2013,05:15,9,5,4
03/12/2013,05:30,8,3,5
03/12/2013,05:45,11,7,4
03/12/2013,06:00,12,6,6
03/12/2013,06:15,4,2,2
03/12/2013,06:30,10,1,9
03/12/2013,06:45,12,4,8
03/12/2013,07:00,20,3,17
03/12/2013,07:15,15,4,11
03/12/2013,07:30,23,8,15
03/12/2013,07:45,16,5,11
03/12/2013,08:00,14,3,11
03/12/2013,08:15,11,5,6
03/12/2013,08:30,12,4,8
03/12/2013,08:45,17,7,10
03/12/2013,09:00,8,5,3
03/12/2013,09:15,5,1,4
03/12/2013,09:30,5,0,5
03/12/2013,09:45,7,5,2
03/12/2013,10:00,8,5,3
03/12/2013,10:15,4,2,2
03/12/2013,10:30,8,5,3
03/12/2013,10:45,8,4,4
03/12/2013,11:00,7,3,4
03/12/2013,11:15,11,9,2
03/12/2013,11:30,12,8,4
03/12/2013,11:45,7,6,1
03/12/2013,12:00,8,4,4
03/12/2013,12:15,16,10,6
03/12/2013,12:30,13,8,5
03/12/2013,12:45,6,3,3
03/12/2013,13:00,9,4,5
03/12/2013,13:15,18,11,7
03/12/2013,13:30,17,6,11
03/12/2013,13:45,26,11,15
03/12/2013,14:00,13,6,7
03/12/2013,14:15,14,5,9
03/12/2013,14:30,14,6,8
03/12/2013,14:45,15,7,8
03/12/2013,15:00,13,8,5
03/12/2013,15:15,28,12,16
03/12/2013,15:30,12,6,6
03/12/2013,15:45,21,8,13
03/12/2013,16:00,33,13,20
03/12/2013,16:15,22,13,9
03/12/2013,16:30,30,14,16
03/12/2013,16:45,27,17,10
03/12/2013,17:00,23,15,8
03/12/2013,17:15,18,11,7
03/12/2013,17:30,22,9,13
03/12/2013,17:45,19,10,9
03/12/2013,18:00,21,15,6
03/12/2013,18:15,20,15,5
03/12/2013,18:30,10,7,3
03/12/2013,18:45,15,8,7
03/12/2013,19:00,15,11,4
03/12/2013,19:15,3,0,3
03/12/2013,19:30,13,6,7
03/12/2013,19:45,5,3,2
03/12/2013,20:00,3,2,1
03/12/2013,20:15,4,2,2
03/12/2013,20:30,2,1,1
03/12/2013,20:45,2,0,2
03/12/2013,21:00,4,2,2
03/12/2013,21:15,0,0,0
03/12/2013,21:30,8,1,7
03/12/2013,21:45,2,2,0
03/12/2013,22:00,0,0,0
03/12/2013,22:15,5,5,0
03/12/2013,22:30,3,0,3
03/12/2013,22:45,2,1,1
03/12/2013,23:00,2,1,1
03/12/2013,23:15,0,0,0
03/12/2013,23:30,1,0,1
03/12/2013,23:45,1,1,0
04/12/2013,00:00,1,0,1
04/12/2013,00:15,0,0,0
04/12/2013,00:30,1,1,0
04/12/2013,00:45,2,1,1
04/12/2013,01:00,0,0,0
04/12/2013,01:15,0,0,0
04/12/2013,01:30,1,1,0
04/12/2013,01:45,0,0,0
04/12/2013,02:00,0,0,0
04/12/2013,02:15,0,0,0
04/12/2013,02:30,1,0,1
04/12/2013,02:45,0,0,0
04/12/2013,03:00,1,1,0
04/12/2013,03:15,1,0,1
04/12/2013,03:30,0,0,0
04/12/2013,03:45,1,0,1
04/12/2013,04:00,1,1,0
04/12/2013,04:15,0,0,0
04/12/2013,04:30,1,0,1
04/12/2013,04:45,0,0,0
04/12/2013,05:00,3,1,2
04/12/2013,05:15,8,6,2
04/12/2013,05:30,9,1,8
04/12/2013,05:45,8,2,6
04/12/2013,06:00,12,7,5
04/12/2013,06:15,3,1,2
04/12/2013,06:30,20,10,10
04/12/2013,06:45,15,7,8
04/12/2013,07:00,25,6,19
04/12/2013,07:15,14,4,10
04/12/2013,07:30,24,8,16
04/12/2013,07:45,20,7,13
04/12/2013,08:00,13,5,8
04/12/2013,08:15,18,6,12
04/12/2013,08:30,14,3,11
04/12/2013,08:45,18,9,9
04/12/2013,09:00,4,2,2
04/12/2013,09:15,10,6,4
04/12/2013,09:30,12,8,4
04/12/2013,09:45,3,2,1
04/12/2013,10:00,5,3,2
04/12/2013,10:15,5,3,2
04/12/2013,10:30,7,4,3
04/12/2013,10:45,8,4,4
04/12/2013,11:00,4,1,3
04/12/2013,11:15,4,1,3
04/12/2013,11:30,7,1,6
04/12/2013,11:45,5,3,2
04/12/2013,12:00,7,2,5
04/12/2013,12:15,5,4,1
04/12/2013,12:30,12,3,9
04/12/2013,12:45,8,5,3
04/12/2013,13:00,9,5,4
04/12/2013,13:15,8,2,6
04/12/2013,13:30,8,5,3
04/12/2013,13:45,13,10,3
04/12/2013,14:00,13,6,7
04/12/2013,14:15,10,5,5
04/12/2013,14:30,17,8,9
04/12/2013,14:45,16,12,4
04/12/2013,15:00,15,6,9
04/12/2013,15:15,10,2,8
04/12/2013,15:30,12,7,5
04/12/2013,15:45,18,5,13
04/12/2013,16:00,12,6,6
04/12/2013,16:15,22,9,13
04/12/2013,16:30,17,14,3
04/12/2013,16:45,23,11,12
04/12/2013,17:00,26,16,10
04/12/2013,17:15,18,13,5
04/12/2013,17:30,23,13,10
04/12/2013,17:45,19,14,5
04/12/2013,18:00,12,6,6
04/12/2013,18:15,16,10,6
04/12/2013,18:30,9,5,4
04/12/2013,18:45,14,8,6
04/12/2013,19:00,12,5,7
04/12/2013,19:15,11,6,5
04/12/2013,19:30,5,3,2
04/12/2013,19:45,4,4,0
04/12/2013,20:00,5,3,2
04/12/2013,20:15,1,1,0
04/12/2013,20:30,2,1,1
04/12/2013,20:45,2,1,1
04/12/2013,21:00,3,0,3
04/12/2013,21:15,0,0,0
04/12/2013,21:30,2,1,1
04/12/2013,21:45,2,0,2
04/12/2013,22:00,1,1,0
04/12/2013,22:15,1,1,0
04/12/2013,22:30,1,1,0
04/12/2013,22:45,0,0,0
04/12/2013,23:00,1,1,0
04/12/2013,23:15,0,0,0
04/12/2013,23:30,0,0,0
04/12/2013,23:45,0,0,0
05/12/2013,00:00,1,0,1
05/12/2013,00:15,0,0,0
05/12/2013,00:30,0,0,0
05/12/2013,00:45,0,0,0
05/12/2013,01:00,0,0,0
05/12/2013,01:15,0,0,0
05/12/2013,01:30,0,0,0
05/12/2013,01:45,0,0,0
05/12/2013,02:00,1,1,0
05/12/2013,02:15,0,0,0
05/12/2013,02:30,,,
05/12/2013,02:45,,,
05/12/2013,03:00,,,
05/12/2013,03:15,,,
05/12/2013,03:30,,,
05/12/2013,03:45,,,
05/12/2013,04:00,,,
05/12/2013,04:15,,,
05/12/2013,04:30,,,
05/12/2013,04:45,0,0,0
05/12/2013,05:00,0,0,0
05/12/2013,05:15,0,0,0
05/12/2013,05:30,0,0,0
05/12/2013,05:45,0,0,0
05/12/2013,06:00,0,0,0
05/12/2013,06:15,1,1,0
05/12/2013,06:30,0,0,0
05/12/2013,06:45,0,0,0
05/12/2013,07:00,1,1,0
05/12/2013,07:15,0,0,0
05/12/2013,07:30,2,2,0
05/12/2013,07:45,1,1,0
05/12/2013,08:00,1,1,0
05/12/2013,08:15,4,2,2
05/12/2013,08:30,7,4,3
05/12/2013,08:45,4,3,1
05/12/2013,09:00,8,3,5
05/12/2013,09:15,14,7,7
05/12/2013,09:30,8,2,6
05/12/2013,09:45,11,4,7
05/12/2013,10:00,16,8,8
05/12/2013,10:15,22,4,18
05/12/2013,10:30,20,5,15
05/12/2013,10:45,22,5,17
05/12/2013,11:00,18,4,14
05/12/2013,11:15,19,11,8
05/12/2013,11:30,19,7,12
05/12/2013,11:45,19,9,10
05/12/2013,12:00,11,5,6
05/12/2013,12:15,13,3,10
05/12/2013,12:30,4,2,2
05/12/2013,12:45,10,4,6
05/12/2013,13:00,4,3,1
05/12/2013,13:15,8,4,4
05/12/2013,13:30,6,4,2
05/12/2013,13:45,14,4,10
05/12/2013,14:00,8,3,5
05/12/2013,14:15,8,3,5
05/12/2013,14:30,6,1,5
05/12/2013,14:45,9,3,6
05/12/2013,15:00,193,89,104
05/12/2013,15:15,12,5,7
05/12/2013,15:30,24,12,12
05/12/2013,15:45,30,14,16
05/12/2013,16:00,36,18,18
05/12/2013,16:15,22,10,12
05/12/2013,16:30,34,15,19
05/12/2013,16:45,23,10,13
05/12/2013,17:00,37,22,15
05/12/2013,17:15,37,18,19
05/12/2013,17:30,16,8,8
05/12/2013,17:45,21,14,7
05/12/2013,18:00,15,5,10
05/12/2013,18:15,21,11,10
05/12/2013,18:30,23,15,8
05/12/2013,18:45,11,6,5
05/12/2013,19:00,10,5,5
05/12/2013,19:15,13,9,4
05/12/2013,19:30,10,6,4
05/12/2013,19:45,5,4,1
05/12/2013,20:00,4,1,3
05/12/2013,20:15,5,2,3
05/12/2013,20:30,2,1,1
05/12/2013,20:45,7,6,1
05/12/2013,21:00,1,0,1
05/12/2013,21:15,3,2,1
05/12/2013,21:30,1,1,0
05/12/2013,21:45,1,1,0
05/12/2013,22:00,0,0,0
05/12/2013,22:15,2,1,1
05/12/2013,22:30,3,2,1
05/12/2013,22:45,2,0,2
05/12/2013,23:00,1,1,0
05/12/2013,23:15,1,1,0
05/12/2013,23:30,2,2,0
05/12/2013,23:45,0,0,0
06/12/2013,00:00,,,
06/12/2013,00:15,,,
06/12/2013,00:30,,,
06/12/2013,00:45,,,
06/12/2013,01:00,,,
06/12/2013,01:15,,,
06/12/2013,01:30,,,
06/12/2013,01:45,,,
06/12/2013,02:00,,,
06/12/2013,02:15,,,
06/12/2013,02:30,,,
06/12/2013,02:45,,,
06/12/2013,03:00,,,
06/12/2013,03:15,,,
06/12/2013,03:30,,,
06/12/2013,03:45,,,
06/12/2013,04:00,,,
06/12/2013,04:15,,,
06/12/2013,04:30,,,
06/12/2013,04:45,,,
06/12/2013,05:00,,,
06/12/2013,05:15,,,
06/12/2013,05:30,,,
06/12/2013,05:45,,,
06/12/2013,06:00,,,
06/12/2013,06:15,,,
06/12/2013,06:30,,,
06/12/2013,06:45,,,
06/12/2013,07:00,,,
06/12/2013,07:15,,,
06/12/2013,07:30,,,
06/12/2013,07:45,,,
06/12/2013,08:00,,,
06/12/2013,08:15,,,
06/12/2013,08:30,,,
06/12/2013,08:45,,,
06/12/2013,09:00,,,
06/12/2013,09:15,,,
06/12/2013,09:30,,,
06/12/2013,09:45,,,
06/12/2013,10:00,,,
06/12/2013,10:15,,,
06/12/2013,10:30,,,
06/12/2013,10:45,,,
06/12/2013,11:00,,,
06/12/2013,11:15,,,
06/12/2013,11:30,,,
06/12/2013,11:45,,,
06/12/2013,12:00,,,
06/12/2013,12:15,,,
06/12/2013,12:30,,,
06/12/2013,12:45,,,
06/12/2013,13:00,,,
06/12/2013,13:15,,,
06/12/2013,13:30,,,
06/12/2013,13:45,,,
06/12/2013,14:00,,,
06/12/2013,14:15,,,
06/12/2013,14:30,,,
06/12/2013,14:45,,,
06/12/2013,15:00,,,
06/12/2013,15:15,,,
06/12/2013,15:30,,,
06/12/2013,15:45,,,
06/12/2013,16:00,,,
06/12/2013,16:15,,,
06/12/2013,16:30,,,
06/12/2013,16:45,,,
06/12/2013,17:00,,,
06/12/2013,17:15,,,
06/12/2013,17:30,,,
06/12/2013,17:45,,,
06/12/2013,18:00,,,
06/12/2013,18:15,,,
06/12/2013,18:30,,,
06/12/2013,18:45,,,
06/12/2013,19:00,,,
06/12/2013,19:15,,,
06/12/2013,19:30,,,
06/12/2013,19:45,,,
06/12/2013,20:00,,,
06/12/2013,20:15,,,
06/12/2013,20:30,,,
06/12/2013,20:45,,,
06/12/2013,21:00,,,
06/12/2013,21:15,,,
06/12/2013,21:30,,,
06/12/2013,21:45,,,
06/12/2013,22:00,,,
06/12/2013,22:15,,,
06/12/2013,22:30,,,
06/12/2013,22:45,,,
06/12/2013,23:00,,,
06/12/2013,23:15,,,
06/12/2013,23:30,,,
06/12/2013,23:45,,,
07/12/2013,00:00,,,
07/12/2013,00:15,,,
07/12/2013,00:30,,,
07/12/2013,00:45,,,
07/12/2013,01:00,,,
07/12/2013,01:15,,,
07/12/2013,01:30,0,0,0
07/12/2013,01:45,0,0,0
07/12/2013,02:00,0,0,0
07/12/2013,02:15,0,0,0
07/12/2013,02:30,2,2,0
07/12/2013,02:45,1,1,0
07/12/2013,03:00,0,0,0
07/12/2013,03:15,0,0,0
07/12/2013,03:30,0,0,0
07/12/2013,03:45,0,0,0
07/12/2013,04:00,0,0,0
07/12/2013,04:15,1,0,1
07/12/2013,04:30,0,0,0
07/12/2013,04:45,2,1,1
07/12/2013,05:00,1,0,1
07/12/2013,05:15,2,2,0
07/12/2013,05:30,2,2,0
07/12/2013,05:45,2,2,0
07/12/2013,06:00,0,0,0
07/12/2013,06:15,2,2,0
07/12/2013,06:30,1,1,0
07/12/2013,06:45,4,3,1
07/12/2013,07:00,6,4,2
07/12/2013,07:15,6,1,5
07/12/2013,07:30,6,2,4
07/12/2013,07:45,6,5,1
07/12/2013,08:00,12,8,4
07/12/2013,08:15,10,8,2
07/12/2013,08:30,13,6,7
07/12/2013,08:45,12,6,6
07/12/2013,09:00,11,5,6
07/12/2013,09:15,12,7,5
07/12/2013,09:30,17,6,11
07/12/2013,09:45,16,9,7
07/12/2013,10:00,19,15,4
07/12/2013,10:15,13,4,9
07/12/2013,10:30,10,3,7
07/12/2013,10:45,19,6,13
07/12/2013,11:00,15,5,10
07/12/2013,11:15,13,7,6
07/12/2013,11:30,18,9,9
07/12/2013,11:45,11,3,8
07/12/2013,12:00,12,5,7
07/12/2013,12:15,11,6,5
07/12/2013,12:30,8,3,5
07/12/2013,12:45,20,12,8
07/12/2013,13:00,17,9,8
07/12/2013,13:15,19,8,11
07/12/2013,13:30,22,10,12
07/12/2013,13:45,12,8,4
07/12/2013,14:00,27,15,12
07/12/2013,14:15,17,6,11
07/12/2013,14:30,15,5,10
07/12/2013,14:45,22,9,13
07/12/2013,15:00,12,4,8
07/12/2013,15:15,19,6,13
07/12/2013,15:30,19,7,12
07/12/2013,15:45,19,12,7
07/12/2013,16:00,13,3,10
07/12/2013,16:15,16,10,6
07/12/2013,16:30,14,10,4
07/12/2013,16:45,16,6,10
07/12/2013,17:00,4,1,3
07/12/2013,17:15,8,3,5
07/12/2013,17:30,5,2,3
07/12/2013,17:45,2,0,2
07/12/2013,18:00,4,2,2
07/12/2013,18:15,1,1,0
07/12/2013,18:30,4,3,1
07/12/2013,18:45,8,3,5
07/12/2013,19:00,2,0,2
07/12/2013,19:15,4,2,2
07/12/2013,19:30,1,0,1
07/12/2013,19:45,2,0,2
07/12/2013,20:00,1,0,1
07/12/2013,20:15,1,0,1
07/12/2013,20:30,0,0,0
07/12/2013,20:45,2,1,1
07/12/2013,21:00,2,0,2
07/12/2013,21:15,0,0,0
07/12/2013,21:30,0,0,0
07/12/2013,21:45,0,0,0
07/12/2013,22:00,0,0,0
07/12/2013,22:15,2,1,1
07/12/2013,22:30,3,1,2
07/12/2013,22:45,0,0,0
07/12/2013,23:00,0,0,0
07/12/2013,23:15,3,3,0
07/12/2013,23:30,0,0,0
07/12/2013,23:45,0,0,0
08/12/2013,00:00,2,1,1
08/12/2013,00:15,1,1,0
08/12/2013,00:30,0,0,0
08/12/2013,00:45,0,0,0
08/12/2013,01:00,0,0,0
08/12/2013,01:15,0,0,0
08/12/2013,01:30,0,0,0
08/12/2013,01:45,0,0,0
08/12/2013,02:00,0,0,0
08/12/2013,02:15,0,0,0
08/12/2013,02:30,0,0,0
08/12/2013,02:45,0,0,0
08/12/2013,03:00,1,1,0
08/12/2013,03:15,0,0,0
08/12/2013,03:30,0,0,0
08/12/2013,03:45,1,1,0
08/12/2013,04:00,0,0,0
08/12/2013,04:15,0,0,0
08/12/2013,04:30,0,0,0
08/12/2013,04:45,1,0,1
08/12/2013,05:00,1,1,0
08/12/2013,05:15,0,0,0
08/12/2013,05:30,0,0,0
08/12/2013,05:45,2,1,1
08/12/2013,06:00,1,1,0
08/12/2013,06:15,1,1,0
08/12/2013,06:30,5,3,2
08/12/2013,06:45,2,1,1
08/12/2013,07:00,5,4,1
08/12/2013,07:15,2,2,0
08/12/2013,07:30,4,1,3
08/12/2013,07:45,3,2,1
08/12/2013,08:00,5,3,2
08/12/2013,08:15,5,4,1
08/12/2013,08:30,6,1,5
08/12/2013,08:45,4,2,2
08/12/2013,09:00,7,5,2
08/12/2013,09:15,5,3,2
08/12/2013,09:30,5,3,2
08/12/2013,09:45,2,2,0
08/12/2013,10:00,4,3,1
08/12/2013,10:15,7,3,4
08/12/2013,10:30,7,3,4
08/12/2013,10:45,4,2,2
08/12/2013,11:00,3,0,3
08/12/2013,11:15,6,1,5
08/12/2013,11:30,2,1,1
08/12/2013,11:45,2,2,0
08/12/2013,12:00,3,0,3
08/12/2013,12:15,4,1,3
08/12/2013,12:30,9,3,6
08/12/2013,12:45,4,2,2
08/12/2013,13:00,1,0,1
08/12/2013,13:15,1,1,0
08/12/2013,13:30,2,2,0
08/12/2013,13:45,0,0,0
08/12/2013,14:00,3,0,3
08/12/2013,14:15,3,1,2
08/12/2013,14:30,6,2,4
08/12/2013,14:45,1,1,0
08/12/2013,15:00,5,2,3
08/12/2013,15:15,3,1,2
08/12/2013,15:30,1,1,0
08/12/2013,15:45,2,1,1
08/12/2013,16:00,3,1,2
08/12/2013,16:15,3,1,2
08/12/2013,16:30,1,1,0
08/12/2013,16:45,0,0,0
08/12/2013,17:00,0,0,0
08/12/2013,17:15,2,1,1
08/12/2013,17:30,0,0,0
08/12/2013,17:45,3,1,2
08/12/2013,18:00,1,0,1
08/12/2013,18:15,1,0,1
08/12/2013,18:30,0,0,0
08/12/2013,18:45,1,0,1
08/12/2013,19:00,0,0,0
08/12/2013,19:15,0,0,0
08/12/2013,19:30,1,0,1
08/12/2013,19:45,0,0,0
08/12/2013,20:00,0,0,0
08/12/2013,20:15,1,0,1
08/12/2013,20:30,1,1,0
08/12/2013,20:45,0,0,0
08/12/2013,21:00,0,0,0
08/12/2013,21:15,0,0,0
08/12/2013,21:30,0,0,0
08/12/2013,21:45,0,0,0
08/12/2013,22:00,1,1,0
08/12/2013,22:15,0,0,0
08/12/2013,22:30,0,0,0
08/12/2013,22:45,0,0,0
08/12/2013,23:00,0,0,0
08/12/2013,23:15,0,0,0
08/12/2013,23:30,1,0,1
08/12/2013,23:45,0,0,0
09/12/2013,00:00,1,1,0
09/12/2013,00:15,0,0,0
09/12/2013,00:30,0,0,0
09/12/2013,00:45,0,0,0
09/12/2013,01:00,0,0,0
09/12/2013,01:15,0,0,0
09/12/2013,01:30,0,0,0
09/12/2013,01:45,0,0,0
09/12/2013,02:00,0,0,0
09/12/2013,02:15,0,0,0
09/12/2013,02:30,0,0,0
09/12/2013,02:45,0,0,0
09/12/2013,03:00,2,2,0
09/12/2013,03:15,0,0,0
09/12/2013,03:30,0,0,0
09/12/2013,03:45,0,0,0
09/12/2013,04:00,1,1,0
09/12/2013,04:15,1,0,1
09/12/2013,04:30,1,0,1
09/12/2013,04:45,1,0,1
09/12/2013,05:00,2,1,1
09/12/2013,05:15,1,1,0
09/12/2013,05:30,1,0,1
09/12/2013,05:45,1,1,0
09/12/2013,06:00,1,0,1
09/12/2013,06:15,4,3,1
09/12/2013,06:30,3,1,2
09/12/2013,06:45,2,2,0
09/12/2013,07:00,0,0,0
09/12/2013,07:15,2,2,0
09/12/2013,07:30,1,0,1
09/12/2013,07:45,1,1,0
09/12/2013,08:00,3,1,2
09/12/2013,08:15,5,4,1
09/12/2013,08:30,9,5,4
09/12/2013,08:45,3,3,0
09/12/2013,09:00,4,4,0
09/12/2013,09:15,2,1,1
09/12/2013,09:30,3,1,2
09/12/2013,09:45,9,3,6
09/12/2013,10:00,3,2,1
09/12/2013,10:15,6,1,5
09/12/2013,10:30,4,1,3
09/12/2013,10:45,2,2,0
09/12/2013,11:00,2,0,2
09/12/2013,11:15,1,1,0
09/12/2013,11:30,0,0,0
09/12/2013,11:45,3,1,2
09/12/2013,12:00,2,0,2
09/12/2013,12:15,1,1,0
09/12/2013,12:30,3,2,1
09/12/2013,12:45,0,0,0
09/12/2013,13:00,7,3,4
09/12/2013,13:15,3,0,3
09/12/2013,13:30,5,1,4
09/12/2013,13:45,7,2,5
09/12/2013,14:00,4,1,3
09/12/2013,14:15,4,3,1
09/12/2013,14:30,6,1,5
09/12/2013,14:45,7,2,5
09/12/2013,15:00,2,1,1
09/12/2013,15:15,3,1,2
09/12/2013,15:30,4,4,0
09/12/2013,15:45,6,3,3
09/12/2013,16:00,7,3,4
09/12/2013,16:15,6,2,4
09/12/2013,16:30,7,2,5
09/12/2013,16:45,5,2,3
09/12/2013,17:00,6,2,4
09/12/2013,17:15,3,0,3
09/12/2013,17:30,6,3,3
09/12/2013,17:45,4,2,2
09/12/2013,18:00,4,2,2
09/12/2013,18:15,0,0,0
09/12/2013,18:30,5,3,2
09/12/2013,18:45,6,2,4
09/12/2013,19:00,3,0,3
09/12/2013,19:15,3,2,1
09/12/2013,19:30,5,3,2
09/12/2013,19:45,3,3,0
09/12/2013,20:00,1,0,1
09/12/2013,20:15,2,1,1
09/12/2013,20:30,0,0,0
09/12/2013,20:45,1,0,1
09/12/2013,21:00,1,0,1
09/12/2013,21:15,1,0,1
09/12/2013,21:30,2,0,2
09/12/2013,21:45,0,0,0
09/12/2013,22:00,1,0,1
09/12/2013,22:15,0,0,0
09/12/2013,22:30,1,1,0
09/12/2013,22:45,1,1,0
09/12/2013,23:00,0,0,0
09/12/2013,23:15,0,0,0
09/12/2013,23:30,0,0,0
09/12/2013,23:45,2,0,2
10/12/2013,00:00,0,0,0
10/12/2013,00:15,0,0,0
10/12/2013,00:30,0,0,0
10/12/2013,00:45,0,0,0
10/12/2013,01:00,0,0,0
10/12/2013,01:15,0,0,0
10/12/2013,01:30,0,0,0
10/12/2013,01:45,0,0,0
10/12/2013,02:00,0,0,0
10/12/2013,02:15,0,0,0
10/12/2013,02:30,0,0,0
10/12/2013,02:45,1,1,0
10/12/2013,03:00,0,0,0
10/12/2013,03:15,0,0,0
10/12/2013,03:30,0,0,0
10/12/2013,03:45,1,1,0
10/12/2013,04:00,1,1,0
10/12/2013,04:15,2,0,2
10/12/2013,04:30,0,0,0
10/12/2013,04:45,2,1,1
10/12/2013,05:00,0,0,0
10/12/2013,05:15,2,2,0
10/12/2013,05:30,5,3,2
10/12/2013,05:45,3,2,1
10/12/2013,06:00,5,4,1
10/12/2013,06:15,2,2,0
10/12/2013,06:30,2,2,0
10/12/2013,06:45,1,0,1
10/12/2013,07:00,2,1,1
10/12/2013,07:15,2,2,0
10/12/2013,07:30,3,1,2
10/12/2013,07:45,5,1,4
10/12/2013,08:00,2,2,0
10/12/2013,08:15,2,1,1
10/12/2013,08:30,4,2,2
10/12/2013,08:45,5,4,1
10/12/2013,09:00,2,1,1
10/12/2013,09:15,4,4,0
10/12/2013,09:30,2,1,1
10/12/2013,09:45,8,3,5
10/12/2013,10:00,2,0,2
10/12/2013,10:15,0,0,0
10/12/2013,10:30,2,0,2
10/12/2013,10:45,3,0,3
10/12/2013,11:00,2,2,0
10/12/2013,11:15,1,0,1
10/12/2013,11:30,1,0,1
10/12/2013,11:45,0,0,0
10/12/2013,12:00,3,2,1
10/12/2013,12:15,1,0,1
10/12/2013,12:30,5,2,3
10/12/2013,12:45,3,0,3
10/12/2013,13:00,1,0,1
10/12/2013,13:15,1,0,1
10/12/2013,13:30,1,0,1
10/12/2013,13:45,2,2,0
10/12/2013,14:00,4,3,1
10/12/2013,14:15,5,2,3
10/12/2013,14:30,4,1,3
10/12/2013,14:45,3,0,3
10/12/2013,15:00,4,2,2
10/12/2013,15:15,9,4,5
10/12/2013,15:30,4,0,4
10/12/2013,15:45,13,4,9
10/12/2013,16:00,6,1,5
10/12/2013,16:15,6,2,4
10/12/2013,16:30,6,2,4
10/12/2013,16:45,8,3,5
10/12/2013,17:00,3,1,2
10/12/2013,17:15,6,5,1
10/12/2013,17:30,4,1,3
10/12/2013,17:45,4,2,2
10/12/2013,18:00,1,1,0
10/12/2013,18:15,4,2,2
10/12/2013,18:30,6,2,4
10/12/2013,18:45,3,2,1
10/12/2013,19:00,0,0,0
10/12/2013,19:15,1,1,0
10/12/2013,19:30,0,0,0
10/12/2013,19:45,0,0,0
10/12/2013,20:00,0,0,0
10/12/2013,20:15,1,1,0
10/12/2013,20:30,1,1,0
10/12/2013,20:45,1,1,0
10/12/2013,21:00,3,1,2
10/12/2013,21:15,0,0,0
10/12/2013,21:30,1,0,1
10/12/2013,21:45,0,0,0
10/12/2013,22:00,0,0,0
10/12/2013,22:15,0,0,0
10/12/2013,22:30,1,1,0
10/12/2013,22:45,0,0,0
10/12/2013,23:00,3,1,2
10/12/2013,23:15,0,0,0
10/12/2013,23:30,2,2,0
10/12/2013,23:45,0,0,0
11/12/2013,00:00,0,0,0
11/12/2013,00:15,0,0,0
11/12/2013,00:30,0,0,0
11/12/2013,00:45,1,0,1
11/12/2013,01:00,0,0,0
11/12/2013,01:15,0,0,0
11/12/2013,01:30,0,0,0
11/12/2013,01:45,0,0,0
11/12/2013,02:00,0,0,0
11/12/2013,02:15,0,0,0
11/12/2013,02:30,0,0,0
11/12/2013,02:45,0,0,0
11/12/2013,03:00,0,0,0
11/12/2013,03:15,0,0,0
11/12/2013,03:30,0,0,0
11/12/2013,03:45,1,1,0
11/12/2013,04:00,1,0,1
11/12/2013,04:15,2,1,1
11/12/2013,04:30,0,0,0
11/12/2013,04:45,1,0,1
11/12/2013,05:00,1,1,0
11/12/2013,05:15,3,2,1
11/12/2013,05:30,4,2,2
11/12/2013,05:45,5,5,0
11/12/2013,06:00,7,5,2
11/12/2013,06:15,3,1,2
11/12/2013,06:30,3,2,1
11/12/2013,06:45,5,3,2
11/12/2013,07:00,4,2,2
11/12/2013,07:15,10,8,2
11/12/2013,07:30,5,4,1
11/12/2013,07:45,11,3,8
11/12/2013,08:00,7,5,2
11/12/2013,08:15,5,3,2
11/12/2013,08:30,9,7,2
11/12/2013,08:45,8,5,3
11/12/2013,09:00,4,2,2
11/12/2013,09:15,4,3,1
11/12/2013,09:30,2,0,2
11/12/2013,09:45,2,0,2
11/12/2013,10:00,5,3,2
11/12/2013,10:15,8,4,4
11/12/2013,10:30,3,0,3
11/12/2013,10:45,4,1,3
11/12/2013,11:00,5,2,3
11/12/2013,11:15,5,1,4
11/12/2013,11:30,1,0,1
11/12/2013,11:45,6,3,3
11/12/2013,12:00,1,0,1
11/12/2013,12:15,9,7,2
11/12/2013,12:30,3,1,2
11/12/2013,12:45,2,1,1
11/12/2013,13:00,4,1,3
11/12/2013,13:15,10,7,3
11/12/2013,13:30,2,0,2
11/12/2013,13:45,7,3,4
11/12/2013,14:00,11,3,8
11/12/2013,14:15,8,3,5
11/12/2013,14:30,8,3,5
11/12/2013,14:45,3,1,2
11/12/2013,15:00,6,1,5
11/12/2013,15:15,6,2,4
11/12/2013,15:30,7,1,6
11/12/2013,15:45,8,4,4
11/12/2013,16:00,11,5,6
11/12/2013,16:15,9,4,5
11/12/2013,16:30,12,3,9
11/12/2013,16:45,14,8,6
11/12/2013,17:00,10,6,4
11/12/2013,17:15,5,4,1
11/12/2013,17:30,5,4,1
11/12/2013,17:45,7,2,5
11/12/2013,18:00,10,7,3
11/12/2013,18:15,3,1,2
11/12/2013,18:30,6,3,3
11/12/2013,18:45,7,2,5
11/12/2013,19:00,5,2,3
11/12/2013,19:15,1,0,1
11/12/2013,19:30,4,1,3
11/12/2013,19:45,2,1,1
11/12/2013,20:00,2,2,0
11/12/2013,20:15,1,0,1
11/12/2013,20:30,3,1,2
11/12/2013,20:45,2,1,1
11/12/2013,21:00,2,0,2
11/12/2013,21:15,0,0,0
11/12/2013,21:30,1,0,1
11/12/2013,21:45,1,1,0
11/12/2013,22:00,0,0,0
11/12/2013,22:15,1,0,1
11/12/2013,22:30,0,0,0
11/12/2013,22:45,0,0,0
11/12/2013,23:00,0,0,0
11/12/2013,23:15,1,1,0
11/12/2013,23:30,1,1,0
11/12/2013,23:45,1,0,1
12/12/2013,00:00,1,0,1
12/12/2013,00:15,1,0,1
12/12/2013,00:30,0,0,0
12/12/2013,00:45,1,1,0
12/12/2013,01:00,0,0,0
12/12/2013,01:15,0,0,0
12/12/2013,01:30,0,0,0
12/12/2013,01:45,0,0,0
12/12/2013,02:00,1,1,0
12/12/2013,02:15,0,0,0
12/12/2013,02:30,0,0,0
12/12/2013,02:45,0,0,0
12/12/2013,03:00,0,0,0
12/12/2013,03:15,0,0,0
12/12/2013,03:30,0,0,0
12/12/2013,03:45,1,1,0
12/12/2013,04:00,1,1,0
12/12/2013,04:15,1,0,1
12/12/2013,04:30,0,0,0
12/12/2013,04:45,0,0,0
12/12/2013,05:00,2,1,1
12/12/2013,05:15,1,1,0
12/12/2013,05:30,3,1,2
12/12/2013,05:45,1,0,1
12/12/2013,06:00,5,3,2
12/12/2013,06:15,6,5,1
12/12/2013,06:30,8,3,5
12/12/2013,06:45,12,6,6
12/12/2013,07:00,6,2,4
12/12/2013,07:15,9,1,8
12/12/2013,07:30,7,4,3
12/12/2013,07:45,11,4,7
12/12/2013,08:00,13,6,7
12/12/2013,08:15,10,3,7
12/12/2013,08:30,4,3,1
12/12/2013,08:45,6,6,0
12/12/2013,09:00,5,5,0
12/12/2013,09:15,5,2,3
12/12/2013,09:30,2,1,1
12/12/2013,09:45,3,1,2
12/12/2013,10:00,3,0,3
12/12/2013,10:15,3,1,2
12/12/2013,10:30,4,0,4
12/12/2013,10:45,1,0,1
12/12/2013,11:00,3,1,2
12/12/2013,11:15,2,0,2
12/12/2013,11:30,0,0,0
12/12/2013,11:45,4,2,2
12/12/2013,12:00,5,4,1
12/12/2013,12:15,2,0,2
12/12/2013,12:30,2,2,0
12/12/2013,12:45,5,3,2
12/12/2013,13:00,8,1,7
12/12/2013,13:15,7,3,4
12/12/2013,13:30,6,3,3
12/12/2013,13:45,5,0,5
12/12/2013,14:00,8,3,5
12/12/2013,14:15,5,2,3
12/12/2013,14:30,4,3,1
12/12/2013,14:45,4,1,3
12/12/2013,15:00,6,1,5
12/12/2013,15:15,5,3,2
12/12/2013,15:30,6,0,6
12/12/2013,15:45,8,1,7
12/12/2013,16:00,12,8,4
12/12/2013,16:15,6,3,3
12/12/2013,16:30,11,4,7
12/12/2013,16:45,10,6,4
12/12/2013,17:00,7,3,4
12/12/2013,17:15,10,6,4
12/12/2013,17:30,9,6,3
12/12/2013,17:45,5,2,3
12/12/2013,18:00,9,4,5
12/12/2013,18:15,5,2,3
12/12/2013,18:30,6,3,3
12/12/2013,18:45,6,3,3
12/12/2013,19:00,5,1,4
12/12/2013,19:15,2,1,1
12/12/2013,19:30,3,1,2
12/12/2013,19:45,3,1,2
12/12/2013,20:00,4,4,0
12/12/2013,20:15,0,0,0
12/12/2013,20:30,2,2,0
12/12/2013,20:45,1,1,0
12/12/2013,21:00,2,0,2
12/12/2013,21:15,0,0,0
12/12/2013,21:30,0,0,0
12/12/2013,21:45,1,1,0
12/12/2013,22:00,0,0,0
12/12/2013,22:15,3,2,1
12/12/2013,22:30,0,0,0
12/12/2013,22:45,1,0,1
12/12/2013,23:00,3,2,1
12/12/2013,23:15,0,0,0
12/12/2013,23:30,0,0,0
12/12/2013,23:45,0,0,0
13/12/2013,00:00,0,0,0
13/12/2013,00:15,0,0,0
13/12/2013,00:30,0,0,0
13/12/2013,00:45,0,0,0
13/12/2013,01:00,0,0,0
13/12/2013,01:15,0,0,0
13/12/2013,01:30,0,0,0
13/12/2013,01:45,0,0,0
13/12/2013,02:00,0,0,0
13/12/2013,02:15,0,0,0
13/12/2013,02:30,0,0,0
13/12/2013,02:45,0,0,0
13/12/2013,03:00,0,0,0
13/12/2013,03:15,1,0,1
13/12/2013,03:30,0,0,0
13/12/2013,03:45,3,3,0
13/12/2013,04:00,1,0,1
13/12/2013,04:15,1,1,0
13/12/2013,04:30,0,0,0
13/12/2013,04:45,0,0,0
13/12/2013,05:00,1,0,1
13/12/2013,05:15,4,4,0
13/12/2013,05:30,3,2,1
13/12/2013,05:45,6,3,3
13/12/2013,06:00,0,0,0
13/12/2013,06:15,6,5,1
13/12/2013,06:30,7,4,3
13/12/2013,06:45,5,2,3
13/12/2013,07:00,4,1,3
13/12/2013,07:15,11,1,10
13/12/2013,07:30,6,3,3
13/12/2013,07:45,13,4,9
13/12/2013,08:00,6,3,3
13/12/2013,08:15,18,12,6
13/12/2013,08:30,9,4,5
13/12/2013,08:45,11,6,5
13/12/2013,09:00,10,7,3
13/12/2013,09:15,2,1,1
13/12/2013,09:30,7,4,3
13/12/2013,09:45,6,5,1
13/12/2013,10:00,4,1,3
13/12/2013,10:15,3,1,2
13/12/2013,10:30,3,0,3
13/12/2013,10:45,6,2,4
13/12/2013,11:00,3,0,3
13/12/2013,11:15,4,3,1
13/12/2013,11:30,7,4,3
13/12/2013,11:45,5,4,1
13/12/2013,12:00,9,2,7
13/12/2013,12:15,8,4,4
13/12/2013,12:30,9,5,4
13/12/2013,12:45,9,7,2
13/12/2013,13:00,4,0,4
13/12/2013,13:15,8,2,6
13/12/2013,13:30,5,3,2
13/12/2013,13:45,3,1,2
13/12/2013,14:00,10,4,6
13/12/2013,14:15,6,3,3
13/12/2013,14:30,10,4,6
13/12/2013,14:45,3,2,1
13/12/2013,15:00,12,5,7
13/12/2013,15:15,11,2,9
13/12/2013,15:30,10,3,7
13/12/2013,15:45,13,2,11
13/12/2013,16:00,16,8,8
13/12/2013,16:15,6,4,2
13/12/2013,16:30,14,10,4
13/12/2013,16:45,15,5,10
13/12/2013,17:00,9,3,6
13/12/2013,17:15,5,2,3
13/12/2013,17:30,10,5,5
13/12/2013,17:45,6,4,2
13/12/2013,18:00,6,4,2
13/12/2013,18:15,8,6,2
13/12/2013,18:30,2,1,1
13/12/2013,18:45,5,3,2
13/12/2013,19:00,8,3,5
13/12/2013,19:15,3,1,2
13/12/2013,19:30,2,0,2
13/12/2013,19:45,2,0,2
13/12/2013,20:00,2,2,0
13/12/2013,20:15,2,0,2
13/12/2013,20:30,1,0,1
13/12/2013,20:45,0,0,0
13/12/2013,21:00,1,1,0
13/12/2013,21:15,0,0,0
13/12/2013,21:30,3,3,0
13/12/2013,21:45,1,0,1
13/12/2013,22:00,0,0,0
13/12/2013,22:15,0,0,0
13/12/2013,22:30,0,0,0
13/12/2013,22:45,0,0,0
13/12/2013,23:00,0,0,0
13/12/2013,23:15,0,0,0
13/12/2013,23:30,1,1,0
13/12/2013,23:45,0,0,0
14/12/2013,00:00,0,0,0
14/12/2013,00:15,0,0,0
14/12/2013,00:30,0,0,0
14/12/2013,00:45,0,0,0
14/12/2013,01:00,0,0,0
14/12/2013,01:15,0,0,0
14/12/2013,01:30,0,0,0
14/12/2013,01:45,0,0,0
14/12/2013,02:00,0,0,0
14/12/2013,02:15,0,0,0
14/12/2013,02:30,0,0,0
14/12/2013,02:45,0,0,0
14/12/2013,03:00,0,0,0
14/12/2013,03:15,0,0,0
14/12/2013,03:30,0,0,0
14/12/2013,03:45,2,2,0
14/12/2013,04:00,0,0,0
14/12/2013,04:15,1,1,0
14/12/2013,04:30,0,0,0
14/12/2013,04:45,2,0,2
14/12/2013,05:00,2,1,1
14/12/2013,05:15,2,2,0
14/12/2013,05:30,2,2,0
14/12/2013,05:45,1,1,0
14/12/2013,06:00,3,2,1
14/12/2013,06:15,0,0,0
14/12/2013,06:30,1,1,0
14/12/2013,06:45,4,3,1
14/12/2013,07:00,3,2,1
14/12/2013,07:15,6,5,1
14/12/2013,07:30,6,2,4
14/12/2013,07:45,8,7,1
14/12/2013,08:00,6,4,2
14/12/2013,08:15,7,4,3
14/12/2013,08:30,14,6,8
14/12/2013,08:45,15,9,6
14/12/2013,09:00,9,8,1
14/12/2013,09:15,8,6,2
14/12/2013,09:30,12,6,6
14/12/2013,09:45,20,14,6
14/12/2013,10:00,8,7,1
14/12/2013,10:15,6,3,3
14/12/2013,10:30,13,3,10
14/12/2013,10:45,12,8,4
14/12/2013,11:00,9,1,8
14/12/2013,11:15,8,2,6
14/12/2013,11:30,10,5,5
14/12/2013,11:45,2,1,1
14/12/2013,12:00,9,3,6
14/12/2013,12:15,8,2,6
14/12/2013,12:30,5,4,1
14/12/2013,12:45,8,1,7
14/12/2013,13:00,6,3,3
14/12/2013,13:15,2,0,2
14/12/2013,13:30,4,4,0
14/12/2013,13:45,6,2,4
14/12/2013,14:00,12,11,1
14/12/2013,14:15,6,1,5
14/12/2013,14:30,5,3,2
14/12/2013,14:45,8,2,6
14/12/2013,15:00,6,2,4
14/12/2013,15:15,3,0,3
14/12/2013,15:30,5,2,3
14/12/2013,15:45,2,1,1
14/12/2013,16:00,6,2,4
14/12/2013,16:15,4,2,2
14/12/2013,16:30,4,1,3
14/12/2013,16:45,3,2,1
14/12/2013,17:00,2,1,1
14/12/2013,17:15,3,1,2
14/12/2013,17:30,0,0,0
14/12/2013,17:45,3,0,3
14/12/2013,18:00,2,1,1
14/12/2013,18:15,0,0,0
14/12/2013,18:30,0,0,0
14/12/2013,18:45,1,0,1
14/12/2013,19:00,0,0,0
14/12/2013,19:15,0,0,0
14/12/2013,19:30,2,2,0
14/12/2013,19:45,1,0,1
14/12/2013,20:00,0,0,0
14/12/2013,20:15,0,0,0
14/12/2013,20:30,0,0,0
14/12/2013,20:45,0,0,0
14/12/2013,21:00,0,0,0
14/12/2013,21:15,0,0,0
14/12/2013,21:30,0,0,0
14/12/2013,21:45,0,0,0
14/12/2013,22:00,1,0,1
14/12/2013,22:15,0,0,0
14/12/2013,22:30,0,0,0
14/12/2013,22:45,1,1,0
14/12/2013,23:00,0,0,0
14/12/2013,23:15,1,1,0
14/12/2013,23:30,0,0,0
14/12/2013,23:45,1,1,0
15/12/2013,00:00,1,1,0
15/12/2013,00:15,0,0,0
15/12/2013,00:30,0,0,0
15/12/2013,00:45,0,0,0
15/12/2013,01:00,0,0,0
15/12/2013,01:15,0,0,0
15/12/2013,01:30,0,0,0
15/12/2013,01:45,0,0,0
15/12/2013,02:00,2,1,1
15/12/2013,02:15,1,0,1
15/12/2013,02:30,0,0,0
15/12/2013,02:45,0,0,0
15/12/2013,03:00,0,0,0
15/12/2013,03:15,0,0,0
15/12/2013,03:30,1,0,1
15/12/2013,03:45,1,1,0
15/12/2013,04:00,0,0,0
15/12/2013,04:15,1,0,1
15/12/2013,04:30,0,0,0
15/12/2013,04:45,1,1,0
15/12/2013,05:00,0,0,0
15/12/2013,05:15,3,0,3
15/12/2013,05:30,0,0,0
15/12/2013,05:45,2,2,0
15/12/2013,06:00,3,2,1
15/12/2013,06:15,2,2,0
15/12/2013,06:30,2,0,2
15/12/2013,06:45,3,3,0
15/12/2013,07:00,2,1,1
15/12/2013,07:15,1,0,1
15/12/2013,07:30,4,2,2
15/12/2013,07:45,7,3,4
15/12/2013,08:00,6,5,1
15/12/2013,08:15,4,2,2
15/12/2013,08:30,6,3,3
15/12/2013,08:45,11,4,7
15/12/2013,09:00,7,3,4
15/12/2013,09:15,8,4,4
15/12/2013,09:30,10,8,2
15/12/2013,09:45,14,8,6
15/12/2013,10:00,8,3,5
15/12/2013,10:15,19,6,13
15/12/2013,10:30,23,12,11
15/12/2013,10:45,13,7,6
15/12/2013,11:00,14,2,12
15/12/2013,11:15,11,8,3
15/12/2013,11:30,27,11,16
15/12/2013,11:45,16,10,6
15/12/2013,12:00,19,8,11
15/12/2013,12:15,22,8,14
15/12/2013,12:30,16,5,11
15/12/2013,12:45,19,12,7
15/12/2013,13:00,18,11,7
15/12/2013,13:15,14,5,9
15/12/2013,13:30,15,7,8
15/12/2013,13:45,18,8,10
15/12/2013,14:00,19,8,11
15/12/2013,14:15,14,7,7
15/12/2013,14:30,18,6,12
15/12/2013,14:45,13,6,7
15/12/2013,15:00,19,6,13
15/12/2013,15:15,13,4,9
15/12/2013,15:30,28,10,18
15/12/2013,15:45,13,4,9
15/12/2013,16:00,20,8,12
15/12/2013,16:15,6,4,2
15/12/2013,16:30,16,7,9
15/12/2013,16:45,5,4,1
15/12/2013,17:00,10,3,7
15/12/2013,17:15,5,1,4
15/12/2013,17:30,0,0,0
15/12/2013,17:45,0,0,0
15/12/2013,18:00,1,1,0
15/12/2013,18:15,3,3,0
15/12/2013,18:30,3,1,2
15/12/2013,18:45,1,1,0
15/12/2013,19:00,0,0,0
15/12/2013,19:15,2,1,1
15/12/2013,19:30,1,1,0
15/12/2013,19:45,1,0,1
15/12/2013,20:00,2,1,1
15/12/2013,20:15,1,0,1
15/12/2013,20:30,0,0,0
15/12/2013,20:45,1,0,1
15/12/2013,21:00,1,1,0
15/12/2013,21:15,0,0,0
15/12/2013,21:30,0,0,0
15/12/2013,21:45,0,0,0
15/12/2013,22:00,1,1,0
15/12/2013,22:15,0,0,0
15/12/2013,22:30,0,0,0
15/12/2013,22:45,0,0,0
15/12/2013,23:00,0,0,0
15/12/2013,23:15,0,0,0
15/12/2013,23:30,1,0,1
15/12/2013,23:45,0,0,0
16/12/2013,00:00,0,0,0
16/12/2013,00:15,0,0,0
16/12/2013,00:30,0,0,0
16/12/2013,00:45,1,0,1
16/12/2013,01:00,0,0,0
16/12/2013,01:15,0,0,0
16/12/2013,01:30,0,0,0
16/12/2013,01:45,1,0,1
16/12/2013,02:00,0,0,0
16/12/2013,02:15,0,0,0
16/12/2013,02:30,0,0,0
16/12/2013,02:45,0,0,0
16/12/2013,03:00,1,1,0
16/12/2013,03:15,0,0,0
16/12/2013,03:30,1,1,0
16/12/2013,03:45,1,1,0
16/12/2013,04:00,0,0,0
16/12/2013,04:15,0,0,0
16/12/2013,04:30,0,0,0
16/12/2013,04:45,3,1,2
16/12/2013,05:00,1,0,1
16/12/2013,05:15,6,5,1
16/12/2013,05:30,7,4,3
16/12/2013,05:45,8,7,1
16/12/2013,06:00,9,5,4
16/12/2013,06:15,5,2,3
16/12/2013,06:30,4,0,4
16/12/2013,06:45,11,4,7
16/12/2013,07:00,15,5,10
16/12/2013,07:15,15,4,11
16/12/2013,07:30,11,4,7
16/12/2013,07:45,18,8,10
16/12/2013,08:00,8,1,7
16/12/2013,08:15,10,5,5
16/12/2013,08:30,11,6,5
16/12/2013,08:45,10,4,6
16/12/2013,09:00,6,3,3
16/12/2013,09:15,3,0,3
16/12/2013,09:30,8,5,3
16/12/2013,09:45,2,2,0
16/12/2013,10:00,6,0,6
16/12/2013,10:15,7,2,5
16/12/2013,10:30,3,1,2
16/12/2013,10:45,4,2,2
16/12/2013,11:00,2,0,2
16/12/2013,11:15,0,0,0
16/12/2013,11:30,8,1,7
16/12/2013,11:45,2,0,2
16/12/2013,12:00,7,4,3
16/12/2013,12:15,5,4,1
16/12/2013,12:30,5,4,1
16/12/2013,12:45,6,4,2
16/12/2013,13:00,4,2,2
16/12/2013,13:15,1,1,0
16/12/2013,13:30,0,0,0
16/12/2013,13:45,2,1,1
16/12/2013,14:00,4,3,1
16/12/2013,14:15,6,0,6
16/12/2013,14:30,11,4,7
16/12/2013,14:45,4,1,3
16/12/2013,15:00,6,2,4
16/12/2013,15:15,3,0,3
16/12/2013,15:30,12,4,8
16/12/2013,15:45,9,5,4
16/12/2013,16:00,15,6,9
16/12/2013,16:15,16,10,6
16/12/2013,16:30,13,9,4
16/12/2013,16:45,20,8,12
16/12/2013,17:00,13,6,7
16/12/2013,17:15,14,10,4
16/12/2013,17:30,16,11,5
16/12/2013,17:45,9,5,4
16/12/2013,18:00,7,5,2
16/12/2013,18:15,12,8,4
16/12/2013,18:30,4,1,3
16/12/2013,18:45,7,5,2
16/12/2013,19:00,9,5,4
16/12/2013,19:15,7,3,4
16/12/2013,19:30,2,1,1
16/12/2013,19:45,1,1,0
16/12/2013,20:00,2,0,2
16/12/2013,20:15,0,0,0
16/12/2013,20:30,4,3,1
16/12/2013,20:45,0,0,0
16/12/2013,21:00,1,0,1
16/12/2013,21:15,1,0,1
16/12/2013,21:30,0,0,0
16/12/2013,21:45,3,3,0
16/12/2013,22:00,0,0,0
16/12/2013,22:15,1,0,1
16/12/2013,22:30,2,1,1
16/12/2013,22:45,1,1,0
16/12/2013,23:00,0,0,0
16/12/2013,23:15,0,0,0
16/12/2013,23:30,0,0,0
16/12/2013,23:45,0,0,0
17/12/2013,00:00,1,0,1
17/12/2013,00:15,0,0,0
17/12/2013,00:30,1,0,1
17/12/2013,00:45,0,0,0
17/12/2013,01:00,0,0,0
17/12/2013,01:15,0,0,0
17/12/2013,01:30,0,0,0
17/12/2013,01:45,1,0,1
17/12/2013,02:00,0,0,0
17/12/2013,02:15,1,1,0
17/12/2013,02:30,1,1,0
17/12/2013,02:45,0,0,0
17/12/2013,03:00,0,0,0
17/12/2013,03:15,1,1,0
17/12/2013,03:30,0,0,0
17/12/2013,03:45,1,0,1
17/12/2013,04:00,2,0,2
17/12/2013,04:15,1,1,0
17/12/2013,04:30,2,2,0
17/12/2013,04:45,2,0,2
17/12/2013,05:00,3,2,1
17/12/2013,05:15,3,2,1
17/12/2013,05:30,6,2,4
17/12/2013,05:45,4,2,2
17/12/2013,06:00,10,5,5
17/12/2013,06:15,4,0,4
17/12/2013,06:30,10,3,7
17/12/2013,06:45,6,3,3
17/12/2013,07:00,10,1,9
17/12/2013,07:15,15,3,12
17/12/2013,07:30,17,5,12
17/12/2013,07:45,10,4,6
17/12/2013,08:00,7,3,4
17/12/2013,08:15,9,6,3
17/12/2013,08:30,8,4,4
17/12/2013,08:45,11,5,6
17/12/2013,09:00,1,1,0
17/12/2013,09:15,9,4,5
17/12/2013,09:30,4,2,2
17/12/2013,09:45,3,2,1
17/12/2013,10:00,2,0,2
17/12/2013,10:15,5,1,4
17/12/2013,10:30,3,1,2
17/12/2013,10:45,6,3,3
17/12/2013,11:00,3,0,3
17/12/2013,11:15,4,1,3
17/12/2013,11:30,8,1,7
17/12/2013,11:45,5,1,4
17/12/2013,12:00,13,9,4
17/12/2013,12:15,7,5,2
17/12/2013,12:30,3,1,2
17/12/2013,12:45,2,1,1
17/12/2013,13:00,2,1,1
17/12/2013,13:15,7,4,3
17/12/2013,13:30,10,7,3
17/12/2013,13:45,8,2,6
17/12/2013,14:00,8,4,4
17/12/2013,14:15,7,3,4
17/12/2013,14:30,9,4,5
17/12/2013,14:45,12,0,12
17/12/2013,15:00,7,5,2
17/12/2013,15:15,4,2,2
17/12/2013,15:30,10,3,7
17/12/2013,15:45,7,3,4
17/12/2013,16:00,8,5,3
17/12/2013,16:15,9,4,5
17/12/2013,16:30,11,9,2
17/12/2013,16:45,12,7,5
17/12/2013,17:00,10,5,5
17/12/2013,17:15,14,8,6
17/12/2013,17:30,12,9,3
17/12/2013,17:45,3,2,1
17/12/2013,18:00,8,4,4
17/12/2013,18:15,8,5,3
17/12/2013,18:30,7,5,2
17/12/2013,18:45,3,2,1
17/12/2013,19:00,4,3,1
17/12/2013,19:15,2,0,2
17/12/2013,19:30,3,1,2
17/12/2013,19:45,1,1,0
17/12/2013,20:00,3,2,1
17/12/2013,20:15,1,1,0
17/12/2013,20:30,2,0,2
17/12/2013,20:45,1,1,0
17/12/2013,21:00,1,1,0
17/12/2013,21:15,1,0,1
17/12/2013,21:30,2,1,1
17/12/2013,21:45,1,1,0
17/12/2013,22:00,1,1,0
17/12/2013,22:15,1,1,0
17/12/2013,22:30,0,0,0
17/12/2013,22:45,0,0,0
17/12/2013,23:00,2,2,0
17/12/2013,23:15,1,1,0
17/12/2013,23:30,0,0,0
17/12/2013,23:45,0,0,0
18/12/2013,00:00,1,0,1
18/12/2013,00:15,0,0,0
18/12/2013,00:30,0,0,0
18/12/2013,00:45,0,0,0
18/12/2013,01:00,0,0,0
18/12/2013,01:15,0,0,0
18/12/2013,01:30,0,0,0
18/12/2013,01:45,0,0,0
18/12/2013,02:00,1,1,0
18/12/2013,02:15,0,0,0
18/12/2013,02:30,0,0,0
18/12/2013,02:45,0,0,0
18/12/2013,03:00,0,0,0
18/12/2013,03:15,0,0,0
18/12/2013,03:30,1,0,1
18/12/2013,03:45,1,1,0
18/12/2013,04:00,2,1,1
18/12/2013,04:15,0,0,0
18/12/2013,04:30,1,1,0
18/12/2013,04:45,1,0,1
18/12/2013,05:00,1,0,1
18/12/2013,05:15,6,3,3
18/12/2013,05:30,6,2,4
18/12/2013,05:45,6,1,5
18/12/2013,06:00,11,7,4
18/12/2013,06:15,3,2,1
18/12/2013,06:30,8,2,6
18/12/2013,06:45,9,4,5
18/12/2013,07:00,11,1,10
18/12/2013,07:15,5,0,5
18/12/2013,07:30,19,8,11
18/12/2013,07:45,13,2,11
18/12/2013,08:00,5,1,4
18/12/2013,08:15,11,7,4
18/12/2013,08:30,13,5,8
18/12/2013,08:45,5,3,2
18/12/2013,09:00,4,2,2
18/12/2013,09:15,2,1,1
18/12/2013,09:30,10,6,4
18/12/2013,09:45,2,2,0
18/12/2013,10:00,4,3,1
18/12/2013,10:15,4,1,3
18/12/2013,10:30,3,2,1
18/12/2013,10:45,6,3,3
18/12/2013,11:00,9,3,6
18/12/2013,11:15,3,2,1
18/12/2013,11:30,4,1,3
18/12/2013,11:45,10,4,6
18/12/2013,12:00,7,1,6
18/12/2013,12:15,6,1,5
18/12/2013,12:30,9,3,6
18/12/2013,12:45,5,3,2
18/12/2013,13:00,6,1,5
18/12/2013,13:15,4,2,2
18/12/2013,13:30,8,5,3
18/12/2013,13:45,5,3,2
18/12/2013,14:00,10,3,7
18/12/2013,14:15,3,2,1
18/12/2013,14:30,9,2,7
18/12/2013,14:45,6,3,3
18/12/2013,15:00,8,1,7
18/12/2013,15:15,2,2,0
18/12/2013,15:30,8,4,4
18/12/2013,15:45,11,2,9
18/12/2013,16:00,11,6,5
18/12/2013,16:15,14,2,12
18/12/2013,16:30,12,6,6
18/12/2013,16:45,16,14,2
18/12/2013,17:00,13,10,3
18/12/2013,17:15,15,7,8
18/12/2013,17:30,11,7,4
18/12/2013,17:45,11,6,5
18/12/2013,18:00,8,4,4
18/12/2013,18:15,4,4,0
18/12/2013,18:30,5,3,2
18/12/2013,18:45,7,4,3
18/12/2013,19:00,3,2,1
18/12/2013,19:15,11,4,7
18/12/2013,19:30,3,0,3
18/12/2013,19:45,2,1,1
18/12/2013,20:00,3,2,1
18/12/2013,20:15,3,3,0
18/12/2013,20:30,1,0,1
18/12/2013,20:45,1,1,0
18/12/2013,21:00,3,2,1
18/12/2013,21:15,1,0,1
18/12/2013,21:30,2,1,1
18/12/2013,21:45,2,0,2
18/12/2013,22:00,0,0,0
18/12/2013,22:15,0,0,0
18/12/2013,22:30,5,3,2
18/12/2013,22:45,2,1,1
18/12/2013,23:00,0,0,0
18/12/2013,23:15,2,2,0
18/12/2013,23:30,0,0,0
18/12/2013,23:45,0,0,0
19/12/2013,00:00,0,0,0
19/12/2013,00:15,0,0,0
19/12/2013,00:30,1,0,1
19/12/2013,00:45,1,0,1
19/12/2013,01:00,0,0,0
19/12/2013,01:15,0,0,0
19/12/2013,01:30,0,0,0
19/12/2013,01:45,0,0,0
19/12/2013,02:00,0,0,0
19/12/2013,02:15,2,1,1
19/12/2013,02:30,0,0,0
19/12/2013,02:45,0,0,0
19/12/2013,03:00,0,0,0
19/12/2013,03:15,0,0,0
19/12/2013,03:30,2,1,1
19/12/2013,03:45,0,0,0
19/12/2013,04:00,0,0,0
19/12/2013,04:15,0,0,0
19/12/2013,04:30,1,0,1
19/12/2013,04:45,0,0,0
19/12/2013,05:00,2,2,0
19/12/2013,05:15,5,3,2
19/12/2013,05:30,5,2,3
19/12/2013,05:45,4,2,2
19/12/2013,06:00,9,5,4
19/12/2013,06:15,3,1,2
19/12/2013,06:30,10,2,8
19/12/2013,06:45,10,4,6
19/12/2013,07:00,8,2,6
19/12/2013,07:15,10,1,9
19/12/2013,07:30,15,7,8
19/12/2013,07:45,16,6,10
19/12/2013,08:00,16,11,5
19/12/2013,08:15,9,3,6
19/12/2013,08:30,16,10,6
19/12/2013,08:45,11,4,7
19/12/2013,09:00,8,6,2
19/12/2013,09:15,7,1,6
19/12/2013,09:30,4,2,2
19/12/2013,09:45,3,1,2
19/12/2013,10:00,2,0,2
19/12/2013,10:15,8,2,6
19/12/2013,10:30,4,2,2
19/12/2013,10:45,3,2,1
19/12/2013,11:00,5,3,2
19/12/2013,11:15,6,1,5
19/12/2013,11:30,5,0,5
19/12/2013,11:45,6,2,4
19/12/2013,12:00,8,6,2
19/12/2013,12:15,7,3,4
19/12/2013,12:30,5,2,3
19/12/2013,12:45,6,3,3
19/12/2013,13:00,4,3,1
19/12/2013,13:15,16,7,9
19/12/2013,13:30,8,4,4
19/12/2013,13:45,15,8,7
19/12/2013,14:00,8,3,5
19/12/2013,14:15,10,6,4
19/12/2013,14:30,15,6,9
19/12/2013,14:45,15,5,10
19/12/2013,15:00,8,4,4
19/12/2013,15:15,21,5,16
19/12/2013,15:30,10,4,6
19/12/2013,15:45,12,5,7
19/12/2013,16:00,20,9,11
19/12/2013,16:15,16,8,8
19/12/2013,16:30,21,13,8
19/12/2013,16:45,23,13,10
19/12/2013,17:00,14,9,5
19/12/2013,17:15,15,8,7
19/12/2013,17:30,15,6,9
19/12/2013,17:45,11,6,5
19/12/2013,18:00,16,9,7
19/12/2013,18:15,10,7,3
19/12/2013,18:30,8,2,6
19/12/2013,18:45,8,7,1
19/12/2013,19:00,9,7,2
19/12/2013,19:15,9,3,6
19/12/2013,19:30,9,3,6
19/12/2013,19:45,6,3,3
19/12/2013,20:00,1,1,0
19/12/2013,20:15,6,4,2
19/12/2013,20:30,2,2,0
19/12/2013,20:45,4,1,3
19/12/2013,21:00,2,1,1
19/12/2013,21:15,2,2,0
19/12/2013,21:30,0,0,0
19/12/2013,21:45,1,1,0
19/12/2013,22:00,1,1,0
19/12/2013,22:15,1,1,0
19/12/2013,22:30,0,0,0
19/12/2013,22:45,2,2,0
19/12/2013,23:00,0,0,0
19/12/2013,23:15,1,0,1
19/12/2013,23:30,0,0,0
19/12/2013,23:45,1,1,0
20/12/2013,00:00,1,0,1
20/12/2013,00:15,0,0,0
20/12/2013,00:30,0,0,0
20/12/2013,00:45,1,0,1
20/12/2013,01:00,0,0,0
20/12/2013,01:15,0,0,0
20/12/2013,01:30,1,0,1
20/12/2013,01:45,0,0,0
20/12/2013,02:00,0,0,0
20/12/2013,02:15,0,0,0
20/12/2013,02:30,0,0,0
20/12/2013,02:45,0,0,0
20/12/2013,03:00,0,0,0
20/12/2013,03:15,0,0,0
20/12/2013,03:30,0,0,0
20/12/2013,03:45,0,0,0
20/12/2013,04:00,1,0,1
20/12/2013,04:15,0,0,0
20/12/2013,04:30,1,0,1
20/12/2013,04:45,0,0,0
20/12/2013,05:00,1,1,0
20/12/2013,05:15,3,3,0
20/12/2013,05:30,7,2,5
20/12/2013,05:45,10,7,3
20/12/2013,06:00,5,3,2
20/12/2013,06:15,8,3,5
20/12/2013,06:30,11,3,8
20/12/2013,06:45,11,7,4
20/12/2013,07:00,10,3,7
20/12/2013,07:15,16,8,8
20/12/2013,07:30,14,9,5
20/12/2013,07:45,16,5,11
20/12/2013,08:00,18,8,10
20/12/2013,08:15,21,9,12
20/12/2013,08:30,13,8,5
20/12/2013,08:45,12,7,5
20/12/2013,09:00,14,9,5
20/12/2013,09:15,12,5,7
20/12/2013,09:30,6,4,2
20/12/2013,09:45,9,4,5
20/12/2013,10:00,12,5,7
20/12/2013,10:15,8,4,4
20/12/2013,10:30,6,2,4
20/12/2013,10:45,11,2,9
20/12/2013,11:00,12,6,6
20/12/2013,11:15,10,6,4
20/12/2013,11:30,10,6,4
20/12/2013,11:45,5,1,4
20/12/2013,12:00,5,1,4
20/12/2013,12:15,6,3,3
20/12/2013,12:30,13,5,8
20/12/2013,12:45,6,3,3
20/12/2013,13:00,9,2,7
20/12/2013,13:15,20,9,11
20/12/2013,13:30,16,3,13
20/12/2013,13:45,14,5,9
20/12/2013,14:00,11,3,8
20/12/2013,14:15,7,4,3
20/12/2013,14:30,8,2,6
20/12/2013,14:45,8,3,5
20/12/2013,15:00,12,4,8
20/12/2013,15:15,13,2,11
20/12/2013,15:30,18,8,10
20/12/2013,15:45,13,5,8
20/12/2013,16:00,17,10,7
20/12/2013,16:15,29,17,12
20/12/2013,16:30,24,16,8
20/12/2013,16:45,26,15,11
20/12/2013,17:00,22,7,15
20/12/2013,17:15,13,7,6
20/12/2013,17:30,11,8,3
20/12/2013,17:45,14,9,5
20/12/2013,18:00,10,7,3
20/12/2013,18:15,10,5,5
20/12/2013,18:30,9,3,6
20/12/2013,18:45,6,5,1
20/12/2013,19:00,7,2,5
20/12/2013,19:15,2,1,1
20/12/2013,19:30,7,2,5
20/12/2013,19:45,1,1,0
20/12/2013,20:00,0,0,0
20/12/2013,20:15,0,0,0
20/12/2013,20:30,1,0,1
20/12/2013,20:45,2,0,2
20/12/2013,21:00,1,0,1
20/12/2013,21:15,1,0,1
20/12/2013,21:30,7,0,7
20/12/2013,21:45,0,0,0
20/12/2013,22:00,0,0,0
20/12/2013,22:15,1,1,0
20/12/2013,22:30,3,0,3
20/12/2013,22:45,0,0,0
20/12/2013,23:00,0,0,0
20/12/2013,23:15,5,2,3
20/12/2013,23:30,1,1,0
20/12/2013,23:45,0,0,0
21/12/2013,00:00,1,0,1
21/12/2013,00:15,0,0,0
21/12/2013,00:30,0,0,0
21/12/2013,00:45,0,0,0
21/12/2013,01:00,0,0,0
21/12/2013,01:15,1,0,1
21/12/2013,01:30,0,0,0
21/12/2013,01:45,2,2,0
21/12/2013,02:00,0,0,0
21/12/2013,02:15,0,0,0
21/12/2013,02:30,0,0,0
21/12/2013,02:45,0,0,0
21/12/2013,03:00,0,0,0
21/12/2013,03:15,1,0,1
21/12/2013,03:30,0,0,0
21/12/2013,03:45,0,0,0
21/12/2013,04:00,0,0,0
21/12/2013,04:15,0,0,0
21/12/2013,04:30,0,0,0
21/12/2013,04:45,0,0,0
21/12/2013,05:00,0,0,0
21/12/2013,05:15,2,2,0
21/12/2013,05:30,2,1,1
21/12/2013,05:45,4,4,0
21/12/2013,06:00,1,1,0
21/12/2013,06:15,0,0,0
21/12/2013,06:30,1,1,0
21/12/2013,06:45,3,2,1
21/12/2013,07:00,4,2,2
21/12/2013,07:15,9,3,6
21/12/2013,07:30,8,4,4
21/12/2013,07:45,8,5,3
21/12/2013,08:00,22,11,11
21/12/2013,08:15,8,4,4
21/12/2013,08:30,14,8,6
21/12/2013,08:45,19,11,8
21/12/2013,09:00,22,10,12
21/12/2013,09:15,17,8,9
21/12/2013,09:30,29,12,17
21/12/2013,09:45,19,12,7
21/12/2013,10:00,23,7,16
21/12/2013,10:15,25,11,14
21/12/2013,10:30,34,17,17
21/12/2013,10:45,23,13,10
21/12/2013,11:00,41,15,26
21/12/2013,11:15,28,11,17
21/12/2013,11:30,18,9,9
21/12/2013,11:45,50,23,27
21/12/2013,12:00,34,20,14
21/12/2013,12:15,46,24,22
21/12/2013,12:30,51,24,27
21/12/2013,12:45,38,16,22
21/12/2013,13:00,56,23,33
21/12/2013,13:15,47,21,26
21/12/2013,13:30,40,15,25
21/12/2013,13:45,46,18,28
21/12/2013,14:00,51,23,28
21/12/2013,14:15,43,16,27
21/12/2013,14:30,43,17,26
21/12/2013,14:45,57,19,38
21/12/2013,15:00,59,30,29
21/12/2013,15:15,58,25,33
21/12/2013,15:30,49,25,24
21/12/2013,15:45,47,25,22
21/12/2013,16:00,30,17,13
21/12/2013,16:15,34,14,20
21/12/2013,16:30,33,18,15
21/12/2013,16:45,24,7,17
21/12/2013,17:00,16,5,11
21/12/2013,17:15,14,10,4
21/12/2013,17:30,8,3,5
21/12/2013,17:45,7,2,5
21/12/2013,18:00,4,2,2
21/12/2013,18:15,7,2,5
21/12/2013,18:30,3,3,0
21/12/2013,18:45,2,2,0
21/12/2013,19:00,3,2,1
21/12/2013,19:15,5,3,2
21/12/2013,19:30,4,3,1
21/12/2013,19:45,0,0,0
21/12/2013,20:00,1,1,0
21/12/2013,20:15,2,2,0
21/12/2013,20:30,0,0,0
21/12/2013,20:45,0,0,0
21/12/2013,21:00,1,0,1
21/12/2013,21:15,2,1,1
21/12/2013,21:30,1,1,0
21/12/2013,21:45,0,0,0
21/12/2013,22:00,2,0,2
21/12/2013,22:15,0,0,0
21/12/2013,22:30,1,0,1
21/12/2013,22:45,0,0,0
21/12/2013,23:00,1,1,0
21/12/2013,23:15,0,0,0
21/12/2013,23:30,4,3,1
21/12/2013,23:45,1,0,1
22/12/2013,00:00,0,0,0
22/12/2013,00:15,5,1,4
22/12/2013,00:30,1,1,0
22/12/2013,00:45,0,0,0
22/12/2013,01:00,0,0,0
22/12/2013,01:15,1,0,1
22/12/2013,01:30,0,0,0
22/12/2013,01:45,1,1,0
22/12/2013,02:00,1,0,1
22/12/2013,02:15,0,0,0
22/12/2013,02:30,0,0,0
22/12/2013,02:45,0,0,0
22/12/2013,03:00,0,0,0
22/12/2013,03:15,0,0,0
22/12/2013,03:30,0,0,0
22/12/2013,03:45,0,0,0
22/12/2013,04:00,1,0,1
22/12/2013,04:15,0,0,0
22/12/2013,04:30,1,0,1
22/12/2013,04:45,1,0,1
22/12/2013,05:00,2,2,0
22/12/2013,05:15,0,0,0
22/12/2013,05:30,1,0,1
22/12/2013,05:45,1,0,1
22/12/2013,06:00,1,1,0
22/12/2013,06:15,0,0,0
22/12/2013,06:30,2,2,0
22/12/2013,06:45,1,1,0
22/12/2013,07:00,3,3,0
22/12/2013,07:15,3,2,1
22/12/2013,07:30,7,4,3
22/12/2013,07:45,10,7,3
22/12/2013,08:00,12,10,2
22/12/2013,08:15,11,5,6
22/12/2013,08:30,11,2,9
22/12/2013,08:45,15,11,4
22/12/2013,09:00,17,5,12
22/12/2013,09:15,21,9,12
22/12/2013,09:30,10,4,6
22/12/2013,09:45,3,3,0
22/12/2013,10:00,7,2,5
22/12/2013,10:15,5,0,5
22/12/2013,10:30,6,4,2
22/12/2013,10:45,10,3,7
22/12/2013,11:00,9,3,6
22/12/2013,11:15,11,5,6
22/12/2013,11:30,6,4,2
22/12/2013,11:45,8,4,4
22/12/2013,12:00,9,5,4
22/12/2013,12:15,5,1,4
22/12/2013,12:30,10,4,6
22/12/2013,12:45,12,4,8
22/12/2013,13:00,12,6,6
22/12/2013,13:15,8,2,6
22/12/2013,13:30,6,3,3
22/12/2013,13:45,8,3,5
22/12/2013,14:00,8,2,6
22/12/2013,14:15,7,5,2
22/12/2013,14:30,5,1,4
22/12/2013,14:45,14,5,9
22/12/2013,15:00,19,6,13
22/12/2013,15:15,12,4,8
22/12/2013,15:30,15,7,8
22/12/2013,15:45,12,3,9
22/12/2013,16:00,11,7,4
22/12/2013,16:15,14,4,10
22/12/2013,16:30,7,6,1
22/12/2013,16:45,8,1,7
22/12/2013,17:00,4,3,1
22/12/2013,17:15,5,3,2
22/12/2013,17:30,2,2,0
22/12/2013,17:45,3,0,3
22/12/2013,18:00,3,3,0
22/12/2013,18:15,1,1,0
22/12/2013,18:30,1,0,1
22/12/2013,18:45,0,0,0
22/12/2013,19:00,0,0,0
22/12/2013,19:15,0,0,0
22/12/2013,19:30,1,0,1
22/12/2013,19:45,0,0,0
22/12/2013,20:00,0,0,0
22/12/2013,20:15,2,1,1
22/12/2013,20:30,0,0,0
22/12/2013,20:45,1,1,0
22/12/2013,21:00,0,0,0
22/12/2013,21:15,0,0,0
22/12/2013,21:30,1,0,1
22/12/2013,21:45,0,0,0
22/12/2013,22:00,0,0,0
22/12/2013,22:15,0,0,0
22/12/2013,22:30,0,0,0
22/12/2013,22:45,1,1,0
22/12/2013,23:00,0,0,0
22/12/2013,23:15,0,0,0
22/12/2013,23:30,1,0,1
22/12/2013,23:45,0,0,0
23/12/2013,00:00,0,0,0
23/12/2013,00:15,0,0,0
23/12/2013,00:30,0,0,0
23/12/2013,00:45,1,0,1
23/12/2013,01:00,2,0,2
23/12/2013,01:15,0,0,0
23/12/2013,01:30,1,0,1
23/12/2013,01:45,0,0,0
23/12/2013,02:00,1,1,0
23/12/2013,02:15,0,0,0
23/12/2013,02:30,0,0,0
23/12/2013,02:45,0,0,0
23/12/2013,03:00,1,1,0
23/12/2013,03:15,1,0,1
23/12/2013,03:30,0,0,0
23/12/2013,03:45,1,1,0
23/12/2013,04:00,0,0,0
23/12/2013,04:15,0,0,0
23/12/2013,04:30,1,0,1
23/12/2013,04:45,0,0,0
23/12/2013,05:00,0,0,0
23/12/2013,05:15,2,2,0
23/12/2013,05:30,1,0,1
23/12/2013,05:45,3,1,2
23/12/2013,06:00,2,2,0
23/12/2013,06:15,3,3,0
23/12/2013,06:30,2,1,1
23/12/2013,06:45,1,0,1
23/12/2013,07:00,3,2,1
23/12/2013,07:15,7,6,1
23/12/2013,07:30,7,4,3
23/12/2013,07:45,10,9,1
23/12/2013,08:00,10,6,4
23/12/2013,08:15,5,4,1
23/12/2013,08:30,6,4,2
23/12/2013,08:45,9,4,5
23/12/2013,09:00,3,0,3
23/12/2013,09:15,5,3,2
23/12/2013,09:30,2,1,1
23/12/2013,09:45,3,1,2
23/12/2013,10:00,3,1,2
23/12/2013,10:15,0,0,0
23/12/2013,10:30,6,2,4
23/12/2013,10:45,3,2,1
23/12/2013,11:00,3,2,1
23/12/2013,11:15,4,0,4
23/12/2013,11:30,3,1,2
23/12/2013,11:45,4,0,4
23/12/2013,12:00,2,0,2
23/12/2013,12:15,3,2,1
23/12/2013,12:30,4,0,4
23/12/2013,12:45,0,0,0
23/12/2013,13:00,0,0,0
23/12/2013,13:15,6,1,5
23/12/2013,13:30,7,4,3
23/12/2013,13:45,1,1,0
23/12/2013,14:00,5,2,3
23/12/2013,14:15,9,2,7
23/12/2013,14:30,1,1,0
23/12/2013,14:45,4,2,2
23/12/2013,15:00,2,0,2
23/12/2013,15:15,6,2,4
23/12/2013,15:30,4,2,2
23/12/2013,15:45,11,6,5
23/12/2013,16:00,4,1,3
23/12/2013,16:15,5,1,4
23/12/2013,16:30,5,4,1
23/12/2013,16:45,4,1,3
23/12/2013,17:00,12,6,6
23/12/2013,17:15,4,2,2
23/12/2013,17:30,4,2,2
23/12/2013,17:45,4,1,3
23/12/2013,18:00,3,1,2
23/12/2013,18:15,5,3,2
23/12/2013,18:30,4,3,1
23/12/2013,18:45,2,1,1
23/12/2013,19:00,1,0,1
23/12/2013,19:15,3,1,2
23/12/2013,19:30,2,1,1
23/12/2013,19:45,1,1,0
23/12/2013,20:00,2,1,1
23/12/2013,20:15,0,0,0
23/12/2013,20:30,0,0,0
23/12/2013,20:45,1,0,1
23/12/2013,21:00,2,1,1
23/12/2013,21:15,2,0,2
23/12/2013,21:30,0,0,0
23/12/2013,21:45,1,1,0
23/12/2013,22:00,2,1,1
23/12/2013,22:15,0,0,0
23/12/2013,22:30,0,0,0
23/12/2013,22:45,0,0,0
23/12/2013,23:00,0,0,0
23/12/2013,23:15,0,0,0
23/12/2013,23:30,1,1,0
23/12/2013,23:45,0,0,0
24/12/2013,00:00,2,0,2
24/12/2013,00:15,0,0,0
24/12/2013,00:30,0,0,0
24/12/2013,00:45,0,0,0
24/12/2013,01:00,0,0,0
24/12/2013,01:15,0,0,0
24/12/2013,01:30,2,0,2
24/12/2013,01:45,0,0,0
24/12/2013,02:00,0,0,0
24/12/2013,02:15,1,0,1
24/12/2013,02:30,0,0,0
24/12/2013,02:45,0,0,0
24/12/2013,03:00,0,0,0
24/12/2013,03:15,0,0,0
24/12/2013,03:30,0,0,0
24/12/2013,03:45,0,0,0
24/12/2013,04:00,0,0,0
24/12/2013,04:15,1,0,1
24/12/2013,04:30,1,0,1
24/12/2013,04:45,0,0,0
24/12/2013,05:00,0,0,0
24/12/2013,05:15,2,2,0
24/12/2013,05:30,5,2,3
24/12/2013,05:45,0,0,0
24/12/2013,06:00,4,3,1
24/12/2013,06:15,5,2,3
24/12/2013,06:30,7,2,5
24/12/2013,06:45,6,3,3
24/12/2013,07:00,8,3,5
24/12/2013,07:15,10,6,4
24/12/2013,07:30,5,1,4
24/12/2013,07:45,8,6,2
24/12/2013,08:00,7,3,4
24/12/2013,08:15,8,6,2
24/12/2013,08:30,14,8,6
24/12/2013,08:45,10,4,6
24/12/2013,09:00,17,9,8
24/12/2013,09:15,8,4,4
24/12/2013,09:30,10,6,4
24/12/2013,09:45,7,3,4
24/12/2013,10:00,10,5,5
24/12/2013,10:15,6,1,5
24/12/2013,10:30,7,4,3
24/12/2013,10:45,4,4,0
24/12/2013,11:00,8,5,3
24/12/2013,11:15,10,5,5
24/12/2013,11:30,8,3,5
24/12/2013,11:45,8,5,3
24/12/2013,12:00,10,3,7
24/12/2013,12:15,10,1,9
24/12/2013,12:30,9,5,4
24/12/2013,12:45,8,2,6
24/12/2013,13:00,10,3,7
24/12/2013,13:15,18,6,12
24/12/2013,13:30,11,3,8
24/12/2013,13:45,14,11,3
24/12/2013,14:00,15,6,9
24/12/2013,14:15,11,2,9
24/12/2013,14:30,13,9,4
24/12/2013,14:45,8,5,3
24/12/2013,15:00,16,7,9
24/12/2013,15:15,7,1,6
24/12/2013,15:30,15,5,10
24/12/2013,15:45,6,2,4
24/12/2013,16:00,10,4,6
24/12/2013,16:15,14,7,7
24/12/2013,16:30,8,6,2
24/12/2013,16:45,6,2,4
24/12/2013,17:00,7,2,5
24/12/2013,17:15,5,3,2
24/12/2013,17:30,4,3,1
24/12/2013,17:45,4,2,2
24/12/2013,18:00,0,0,0
24/12/2013,18:15,3,1,2
24/12/2013,18:30,1,1,0
24/12/2013,18:45,4,3,1
24/12/2013,19:00,1,0,1
24/12/2013,19:15,1,0,1
24/12/2013,19:30,0,0,0
24/12/2013,19:45,4,1,3
24/12/2013,20:00,3,0,3
24/12/2013,20:15,0,0,0
24/12/2013,20:30,0,0,0
24/12/2013,20:45,1,1,0
24/12/2013,21:00,0,0,0
24/12/2013,21:15,0,0,0
24/12/2013,21:30,0,0,0
24/12/2013,21:45,0,0,0
24/12/2013,22:00,0,0,0
24/12/2013,22:15,0,0,0
24/12/2013,22:30,0,0,0
24/12/2013,22:45,2,1,1
24/12/2013,23:00,0,0,0
24/12/2013,23:15,3,2,1
24/12/2013,23:30,0,0,0
24/12/2013,23:45,0,0,0
25/12/2013,00:00,0,0,0
25/12/2013,00:15,0,0,0
25/12/2013,00:30,1,0,1
25/12/2013,00:45,0,0,0
25/12/2013,01:00,1,1,0
25/12/2013,01:15,0,0,0
25/12/2013,01:30,0,0,0
25/12/2013,01:45,0,0,0
25/12/2013,02:00,0,0,0
25/12/2013,02:15,0,0,0
25/12/2013,02:30,0,0,0
25/12/2013,02:45,0,0,0
25/12/2013,03:00,0,0,0
25/12/2013,03:15,0,0,0
25/12/2013,03:30,0,0,0
25/12/2013,03:45,1,0,1
25/12/2013,04:00,0,0,0
25/12/2013,04:15,0,0,0
25/12/2013,04:30,1,0,1
25/12/2013,04:45,0,0,0
25/12/2013,05:00,0,0,0
25/12/2013,05:15,0,0,0
25/12/2013,05:30,0,0,0
25/12/2013,05:45,0,0,0
25/12/2013,06:00,2,1,1
25/12/2013,06:15,0,0,0
25/12/2013,06:30,1,1,0
25/12/2013,06:45,1,0,1
25/12/2013,07:00,0,0,0
25/12/2013,07:15,0,0,0
25/12/2013,07:30,1,1,0
25/12/2013,07:45,4,3,1
25/12/2013,08:00,2,0,2
25/12/2013,08:15,6,5,1
25/12/2013,08:30,1,1,0
25/12/2013,08:45,3,2,1
25/12/2013,09:00,1,1,0
25/12/2013,09:15,3,1,2
25/12/2013,09:30,6,4,2
25/12/2013,09:45,8,4,4
25/12/2013,10:00,4,2,2
25/12/2013,10:15,1,0,1
25/12/2013,10:30,5,2,3
25/12/2013,10:45,5,0,5
25/12/2013,11:00,5,3,2
25/12/2013,11:15,11,5,6
25/12/2013,11:30,2,0,2
25/12/2013,11:45,12,10,2
25/12/2013,12:00,7,0,7
25/12/2013,12:15,10,6,4
25/12/2013,12:30,7,3,4
25/12/2013,12:45,21,19,2
25/12/2013,13:00,16,12,4
25/12/2013,13:15,15,6,9
25/12/2013,13:30,13,5,8
25/12/2013,13:45,4,3,1
25/12/2013,14:00,8,4,4
25/12/2013,14:15,2,2,0
25/12/2013,14:30,9,3,6
25/12/2013,14:45,6,3,3
25/12/2013,15:00,9,6,3
25/12/2013,15:15,1,1,0
25/12/2013,15:30,11,7,4
25/12/2013,15:45,10,4,6
25/12/2013,16:00,13,4,9
25/12/2013,16:15,3,2,1
25/12/2013,16:30,6,3,3
25/12/2013,16:45,6,1,5
25/12/2013,17:00,3,2,1
25/12/2013,17:15,0,0,0
25/12/2013,17:30,1,1,0
25/12/2013,17:45,1,1,0
25/12/2013,18:00,1,0,1
25/12/2013,18:15,1,1,0
25/12/2013,18:30,1,0,1
25/12/2013,18:45,0,0,0
25/12/2013,19:00,0,0,0
25/12/2013,19:15,0,0,0
25/12/2013,19:30,1,1,0
25/12/2013,19:45,0,0,0
25/12/2013,20:00,0,0,0
25/12/2013,20:15,0,0,0
25/12/2013,20:30,0,0,0
25/12/2013,20:45,0,0,0
25/12/2013,21:00,1,1,0
25/12/2013,21:15,0,0,0
25/12/2013,21:30,0,0,0
25/12/2013,21:45,1,0,1
25/12/2013,22:00,0,0,0
25/12/2013,22:15,1,0,1
25/12/2013,22:30,0,0,0
25/12/2013,22:45,1,1,0
25/12/2013,23:00,1,1,0
25/12/2013,23:15,0,0,0
25/12/2013,23:30,0,0,0
25/12/2013,23:45,1,0,1
26/12/2013,00:00,0,0,0
26/12/2013,00:15,0,0,0
26/12/2013,00:30,0,0,0
26/12/2013,00:45,0,0,0
26/12/2013,01:00,0,0,0
26/12/2013,01:15,0,0,0
26/12/2013,01:30,0,0,0
26/12/2013,01:45,1,1,0
26/12/2013,02:00,0,0,0
26/12/2013,02:15,0,0,0
26/12/2013,02:30,0,0,0
26/12/2013,02:45,0,0,0
26/12/2013,03:00,0,0,0
26/12/2013,03:15,0,0,0
26/12/2013,03:30,0,0,0
26/12/2013,03:45,1,1,0
26/12/2013,04:00,0,0,0
26/12/2013,04:15,0,0,0
26/12/2013,04:30,1,1,0
26/12/2013,04:45,3,3,0
26/12/2013,05:00,0,0,0
26/12/2013,05:15,4,3,1
26/12/2013,05:30,1,0,1
26/12/2013,05:45,4,3,1
26/12/2013,06:00,5,3,2
26/12/2013,06:15,3,2,1
26/12/2013,06:30,4,3,1
26/12/2013,06:45,1,0,1
26/12/2013,07:00,6,5,1
26/12/2013,07:15,1,0,1
26/12/2013,07:30,5,2,3
26/12/2013,07:45,6,4,2
26/12/2013,08:00,7,5,2
26/12/2013,08:15,7,5,2
26/12/2013,08:30,8,4,4
26/12/2013,08:45,10,4,6
26/12/2013,09:00,12,5,7
26/12/2013,09:15,10,2,8
26/12/2013,09:30,10,3,7
26/12/2013,09:45,4,3,1
26/12/2013,10:00,3,3,0
26/12/2013,10:15,5,3,2
26/12/2013,10:30,7,4,3
26/12/2013,10:45,5,2,3
26/12/2013,11:00,5,2,3
26/12/2013,11:15,9,4,5
26/12/2013,11:30,4,0,4
26/12/2013,11:45,7,6,1
26/12/2013,12:00,7,4,3
26/12/2013,12:15,10,7,3
26/12/2013,12:30,5,2,3
26/12/2013,12:45,6,2,4
26/12/2013,13:00,9,4,5
26/12/2013,13:15,6,5,1
26/12/2013,13:30,8,2,6
26/12/2013,13:45,7,3,4
26/12/2013,14:00,11,1,10
26/12/2013,14:15,13,4,9
26/12/2013,14:30,13,6,7
26/12/2013,14:45,13,4,9
26/12/2013,15:00,13,7,6
26/12/2013,15:15,19,7,12
26/12/2013,15:30,11,4,7
26/12/2013,15:45,19,8,11
26/12/2013,16:00,8,4,4
26/12/2013,16:15,15,4,11
26/12/2013,16:30,12,3,9
26/12/2013,16:45,14,9,5
26/12/2013,17:00,9,6,3
26/12/2013,17:15,13,4,9
26/12/2013,17:30,5,3,2
26/12/2013,17:45,6,3,3
26/12/2013,18:00,6,3,3
26/12/2013,18:15,3,2,1
26/12/2013,18:30,1,1,0
26/12/2013,18:45,1,0,1
26/12/2013,19:00,2,2,0
26/12/2013,19:15,3,2,1
26/12/2013,19:30,2,2,0
26/12/2013,19:45,2,0,2
26/12/2013,20:00,1,1,0
26/12/2013,20:15,1,0,1
26/12/2013,20:30,1,0,1
26/12/2013,20:45,2,1,1
26/12/2013,21:00,4,3,1
26/12/2013,21:15,3,2,1
26/12/2013,21:30,0,0,0
26/12/2013,21:45,0,0,0
26/12/2013,22:00,0,0,0
26/12/2013,22:15,1,1,0
26/12/2013,22:30,0,0,0
26/12/2013,22:45,1,1,0
26/12/2013,23:00,0,0,0
26/12/2013,23:15,1,1,0
26/12/2013,23:30,0,0,0
26/12/2013,23:45,0,0,0
27/12/2013,00:00,1,1,0
27/12/2013,00:15,0,0,0
27/12/2013,00:30,0,0,0
27/12/2013,00:45,0,0,0
27/12/2013,01:00,0,0,0
27/12/2013,01:15,0,0,0
27/12/2013,01:30,2,0,2
27/12/2013,01:45,0,0,0
27/12/2013,02:00,1,0,1
27/12/2013,02:15,0,0,0
27/12/2013,02:30,0,0,0
27/12/2013,02:45,0,0,0
27/12/2013,03:00,0,0,0
27/12/2013,03:15,0,0,0
27/12/2013,03:30,0,0,0
27/12/2013,03:45,2,2,0
27/12/2013,04:00,0,0,0
27/12/2013,04:15,1,1,0
27/12/2013,04:30,1,1,0
27/12/2013,04:45,1,0,1
27/12/2013,05:00,2,1,1
27/12/2013,05:15,3,2,1
27/12/2013,05:30,2,0,2
27/12/2013,05:45,3,2,1
27/12/2013,06:00,3,3,0
27/12/2013,06:15,2,1,1
27/12/2013,06:30,2,0,2
27/12/2013,06:45,8,4,4
27/12/2013,07:00,6,2,4
27/12/2013,07:15,7,3,4
27/12/2013,07:30,12,8,4
27/12/2013,07:45,4,2,2
27/12/2013,08:00,7,2,5
27/12/2013,08:15,7,3,4
27/12/2013,08:30,7,3,4
27/12/2013,08:45,15,12,3
27/12/2013,09:00,7,6,1
27/12/2013,09:15,8,3,5
27/12/2013,09:30,9,3,6
27/12/2013,09:45,11,7,4
27/12/2013,10:00,7,4,3
27/12/2013,10:15,7,4,3
27/12/2013,10:30,7,3,4
27/12/2013,10:45,5,3,2
27/12/2013,11:00,11,4,7
27/12/2013,11:15,10,4,6
27/12/2013,11:30,8,3,5
27/12/2013,11:45,9,6,3
27/12/2013,12:00,9,4,5
27/12/2013,12:15,10,4,6
27/12/2013,12:30,13,7,6
27/12/2013,12:45,14,9,5
27/12/2013,13:00,7,2,5
27/12/2013,13:15,9,4,5
27/12/2013,13:30,12,4,8
27/12/2013,13:45,15,7,8
27/12/2013,14:00,10,4,6
27/12/2013,14:15,17,7,10
27/12/2013,14:30,11,4,7
27/12/2013,14:45,12,5,7
27/12/2013,15:00,11,4,7
27/12/2013,15:15,15,5,10
27/12/2013,15:30,25,14,11
27/12/2013,15:45,19,7,12
27/12/2013,16:00,19,12,7
27/12/2013,16:15,31,13,18
27/12/2013,16:30,14,4,10
27/12/2013,16:45,8,3,5
27/12/2013,17:00,8,3,5
27/12/2013,17:15,12,3,9
27/12/2013,17:30,4,3,1
27/12/2013,17:45,4,1,3
27/12/2013,18:00,8,3,5
27/12/2013,18:15,9,6,3
27/12/2013,18:30,3,1,2
27/12/2013,18:45,7,5,2
27/12/2013,19:00,2,2,0
27/12/2013,19:15,1,1,0
27/12/2013,19:30,1,0,1
27/12/2013,19:45,3,2,1
27/12/2013,20:00,1,0,1
27/12/2013,20:15,0,0,0
27/12/2013,20:30,1,0,1
27/12/2013,20:45,2,0,2
27/12/2013,21:00,1,0,1
27/12/2013,21:15,0,0,0
27/12/2013,21:30,0,0,0
27/12/2013,21:45,0,0,0
27/12/2013,22:00,1,1,0
27/12/2013,22:15,1,1,0
27/12/2013,22:30,0,0,0
27/12/2013,22:45,0,0,0
27/12/2013,23:00,0,0,0
27/12/2013,23:15,1,1,0
27/12/2013,23:30,0,0,0
27/12/2013,23:45,0,0,0
28/12/2013,00:00,0,0,0
28/12/2013,00:15,1,1,0
28/12/2013,00:30,0,0,0
28/12/2013,00:45,0,0,0
28/12/2013,01:00,0,0,0
28/12/2013,01:15,0,0,0
28/12/2013,01:30,0,0,0
28/12/2013,01:45,0,0,0
28/12/2013,02:00,0,0,0
28/12/2013,02:15,3,1,2
28/12/2013,02:30,0,0,0
28/12/2013,02:45,0,0,0
28/12/2013,03:00,1,1,0
28/12/2013,03:15,1,0,1
28/12/2013,03:30,1,0,1
28/12/2013,03:45,0,0,0
28/12/2013,04:00,0,0,0
28/12/2013,04:15,0,0,0
28/12/2013,04:30,0,0,0
28/12/2013,04:45,0,0,0
28/12/2013,05:00,0,0,0
28/12/2013,05:15,0,0,0
28/12/2013,05:30,2,2,0
28/12/2013,05:45,3,3,0
28/12/2013,06:00,0,0,0
28/12/2013,06:15,2,2,0
28/12/2013,06:30,1,1,0
28/12/2013,06:45,3,3,0
28/12/2013,07:00,2,1,1
28/12/2013,07:15,8,5,3
28/12/2013,07:30,9,5,4
28/12/2013,07:45,5,3,2
28/12/2013,08:00,13,10,3
28/12/2013,08:15,9,7,2
28/12/2013,08:30,16,7,9
28/12/2013,08:45,19,14,5
28/12/2013,09:00,10,5,5
28/12/2013,09:15,6,2,4
28/12/2013,09:30,17,8,9
28/12/2013,09:45,12,7,5
28/12/2013,10:00,27,8,19
28/12/2013,10:15,6,2,4
28/12/2013,10:30,21,8,13
28/12/2013,10:45,17,10,7
28/12/2013,11:00,12,5,7
28/12/2013,11:15,18,11,7
28/12/2013,11:30,9,2,7
28/12/2013,11:45,26,13,13
28/12/2013,12:00,25,13,12
28/12/2013,12:15,24,8,16
28/12/2013,12:30,42,23,19
28/12/2013,12:45,22,7,15
28/12/2013,13:00,30,19,11
28/12/2013,13:15,32,15,17
28/12/2013,13:30,52,21,31
28/12/2013,13:45,41,19,22
28/12/2013,14:00,28,16,12
28/12/2013,14:15,24,11,13
28/12/2013,14:30,39,19,20
28/12/2013,14:45,51,23,28
28/12/2013,15:00,42,23,19
28/12/2013,15:15,48,26,22
28/12/2013,15:30,44,13,31
28/12/2013,15:45,38,12,26
28/12/2013,16:00,31,14,17
28/12/2013,16:15,30,17,13
28/12/2013,16:30,19,14,5
28/12/2013,16:45,18,9,9
28/12/2013,17:00,23,10,13
28/12/2013,17:15,3,2,1
28/12/2013,17:30,5,3,2
28/12/2013,17:45,5,1,4
28/12/2013,18:00,2,0,2
28/12/2013,18:15,5,2,3
28/12/2013,18:30,2,2,0
28/12/2013,18:45,3,1,2
28/12/2013,19:00,0,0,0
28/12/2013,19:15,2,1,1
28/12/2013,19:30,1,1,0
28/12/2013,19:45,2,2,0
28/12/2013,20:00,2,1,1
28/12/2013,20:15,1,1,0
28/12/2013,20:30,0,0,0
28/12/2013,20:45,1,1,0
28/12/2013,21:00,1,0,1
28/12/2013,21:15,3,2,1
28/12/2013,21:30,0,0,0
28/12/2013,21:45,1,0,1
28/12/2013,22:00,0,0,0
28/12/2013,22:15,0,0,0
28/12/2013,22:30,1,0,1
28/12/2013,22:45,0,0,0
28/12/2013,23:00,0,0,0
28/12/2013,23:15,0,0,0
28/12/2013,23:30,2,2,0
28/12/2013,23:45,1,1,0
29/12/2013,00:00,0,0,0
29/12/2013,00:15,0,0,0
29/12/2013,00:30,0,0,0
29/12/2013,00:45,0,0,0
29/12/2013,01:00,0,0,0
29/12/2013,01:15,0,0,0
29/12/2013,01:30,0,0,0
29/12/2013,01:45,2,1,1
29/12/2013,02:00,0,0,0
29/12/2013,02:15,5,2,3
29/12/2013,02:30,0,0,0
29/12/2013,02:45,0,0,0
29/12/2013,03:00,2,1,1
29/12/2013,03:15,0,0,0
29/12/2013,03:30,0,0,0
29/12/2013,03:45,0,0,0
29/12/2013,04:00,0,0,0
29/12/2013,04:15,0,0,0
29/12/2013,04:30,0,0,0
29/12/2013,04:45,0,0,0
29/12/2013,05:00,0,0,0
29/12/2013,05:15,0,0,0
29/12/2013,05:30,0,0,0
29/12/2013,05:45,1,0,1
29/12/2013,06:00,3,2,1
29/12/2013,06:15,1,1,0
29/12/2013,06:30,1,0,1
29/12/2013,06:45,1,1,0
29/12/2013,07:00,1,0,1
29/12/2013,07:15,0,0,0
29/12/2013,07:30,2,2,0
29/12/2013,07:45,1,0,1
29/12/2013,08:00,5,2,3
29/12/2013,08:15,0,0,0
29/12/2013,08:30,3,1,2
29/12/2013,08:45,2,1,1
29/12/2013,09:00,2,1,1
29/12/2013,09:15,4,4,0
29/12/2013,09:30,0,0,0
29/12/2013,09:45,2,2,0
29/12/2013,10:00,2,2,0
29/12/2013,10:15,2,1,1
29/12/2013,10:30,5,3,2
29/12/2013,10:45,2,0,2
29/12/2013,11:00,1,0,1
29/12/2013,11:15,0,0,0
29/12/2013,11:30,1,1,0
29/12/2013,11:45,1,0,1
29/12/2013,12:00,2,0,2
29/12/2013,12:15,5,2,3
29/12/2013,12:30,2,1,1
29/12/2013,12:45,1,1,0
29/12/2013,13:00,0,0,0
29/12/2013,13:15,1,0,1
29/12/2013,13:30,2,1,1
29/12/2013,13:45,1,1,0
29/12/2013,14:00,1,0,1
29/12/2013,14:15,2,1,1
29/12/2013,14:30,4,2,2
29/12/2013,14:45,2,1,1
29/12/2013,15:00,2,2,0
29/12/2013,15:15,4,2,2
29/12/2013,15:30,7,2,5
29/12/2013,15:45,12,8,4
29/12/2013,16:00,8,2,6
29/12/2013,16:15,6,2,4
29/12/2013,16:30,10,5,5
29/12/2013,16:45,7,3,4
29/12/2013,17:00,3,1,2
29/12/2013,17:15,5,3,2
29/12/2013,17:30,3,2,1
29/12/2013,17:45,0,0,0
29/12/2013,18:00,3,1,2
29/12/2013,18:15,0,0,0
29/12/2013,18:30,4,3,1
29/12/2013,18:45,0,0,0
29/12/2013,19:00,0,0,0
29/12/2013,19:15,2,1,1
29/12/2013,19:30,1,0,1
29/12/2013,19:45,0,0,0
29/12/2013,20:00,0,0,0
29/12/2013,20:15,0,0,0
29/12/2013,20:30,1,1,0
29/12/2013,20:45,2,0,2
29/12/2013,21:00,1,0,1
29/12/2013,21:15,0,0,0
29/12/2013,21:30,0,0,0
29/12/2013,21:45,1,1,0
29/12/2013,22:00,2,1,1
29/12/2013,22:15,2,2,0
29/12/2013,22:30,1,1,0
29/12/2013,22:45,2,1,1
29/12/2013,23:00,0,0,0
29/12/2013,23:15,0,0,0
29/12/2013,23:30,0,0,0
29/12/2013,23:45,0,0,0
30/12/2013,00:00,0,0,0
30/12/2013,00:15,0,0,0
30/12/2013,00:30,0,0,0
30/12/2013,00:45,0,0,0
30/12/2013,01:00,0,0,0
30/12/2013,01:15,0,0,0
30/12/2013,01:30,0,0,0
30/12/2013,01:45,0,0,0
30/12/2013,02:00,0,0,0
30/12/2013,02:15,0,0,0
30/12/2013,02:30,0,0,0
30/12/2013,02:45,0,0,0
30/12/2013,03:00,0,0,0
30/12/2013,03:15,1,0,1
30/12/2013,03:30,0,0,0
30/12/2013,03:45,0,0,0
30/12/2013,04:00,1,1,0
30/12/2013,04:15,0,0,0
30/12/2013,04:30,3,2,1
30/12/2013,04:45,1,0,1
30/12/2013,05:00,2,2,0
30/12/2013,05:15,2,1,1
30/12/2013,05:30,5,1,4
30/12/2013,05:45,4,4,0
30/12/2013,06:00,4,1,3
30/12/2013,06:15,2,1,1
30/12/2013,06:30,9,2,7
30/12/2013,06:45,7,2,5
30/12/2013,07:00,3,1,2
30/12/2013,07:15,10,1,9
30/12/2013,07:30,17,7,10
30/12/2013,07:45,9,5,4
30/12/2013,08:00,10,6,4
30/12/2013,08:15,12,3,9
30/12/2013,08:30,7,5,2
30/12/2013,08:45,13,8,5
30/12/2013,09:00,10,6,4
30/12/2013,09:15,10,5,5
30/12/2013,09:30,10,5,5
30/12/2013,09:45,7,5,2
30/12/2013,10:00,12,4,8
30/12/2013,10:15,8,3,5
30/12/2013,10:30,16,4,12
30/12/2013,10:45,17,5,12
30/12/2013,11:00,7,3,4
30/12/2013,11:15,8,5,3
30/12/2013,11:30,9,3,6
30/12/2013,11:45,12,8,4
30/12/2013,12:00,2,0,2
30/12/2013,12:15,4,2,2
30/12/2013,12:30,12,5,7
30/12/2013,12:45,12,7,5
30/12/2013,13:00,12,8,4
30/12/2013,13:15,14,5,9
30/12/2013,13:30,10,3,7
30/12/2013,13:45,12,5,7
30/12/2013,14:00,17,5,12
30/12/2013,14:15,14,9,5
30/12/2013,14:30,8,3,5
30/12/2013,14:45,11,5,6
30/12/2013,15:00,10,5,5
30/12/2013,15:15,11,3,8
30/12/2013,15:30,8,2,6
30/12/2013,15:45,10,5,5
30/12/2013,16:00,9,3,6
30/12/2013,16:15,16,7,9
30/12/2013,16:30,16,7,9
30/12/2013,16:45,14,10,4
30/12/2013,17:00,10,1,9
30/12/2013,17:15,8,6,2
30/12/2013,17:30,8,2,6
30/12/2013,17:45,5,4,1
30/12/2013,18:00,8,3,5
30/12/2013,18:15,8,5,3
30/12/2013,18:30,5,3,2
30/12/2013,18:45,3,2,1
30/12/2013,19:00,3,3,0
30/12/2013,19:15,5,2,3
30/12/2013,19:30,3,1,2
30/12/2013,19:45,1,1,0
30/12/2013,20:00,2,1,1
30/12/2013,20:15,2,1,1
30/12/2013,20:30,1,1,0
30/12/2013,20:45,4,2,2
30/12/2013,21:00,2,1,1
30/12/2013,21:15,1,0,1
30/12/2013,21:30,2,2,0
30/12/2013,21:45,1,0,1
30/12/2013,22:00,2,2,0
30/12/2013,22:15,6,3,3
30/12/2013,22:30,7,0,7
30/12/2013,22:45,0,0,0
30/12/2013,23:00,0,0,0
30/12/2013,23:15,0,0,0
30/12/2013,23:30,0,0,0
30/12/2013,23:45,5,0,5
31/12/2013,00:00,1,0,1
31/12/2013,00:15,0,0,0
31/12/2013,00:30,0,0,0
31/12/2013,00:45,0,0,0
31/12/2013,01:00,0,0,0
31/12/2013,01:15,0,0,0
31/12/2013,01:30,0,0,0
31/12/2013,01:45,0,0,0
31/12/2013,02:00,1,0,1
31/12/2013,02:15,0,0,0
31/12/2013,02:30,0,0,0
31/12/2013,02:45,1,0,1
31/12/2013,03:00,1,0,1
31/12/2013,03:15,0,0,0
31/12/2013,03:30,1,1,0
31/12/2013,03:45,1,1,0
31/12/2013,04:00,1,1,0
31/12/2013,04:15,0,0,0
31/12/2013,04:30,1,0,1
31/12/2013,04:45,1,0,1
31/12/2013,05:00,0,0,0
31/12/2013,05:15,0,0,0
31/12/2013,05:30,4,2,2
31/12/2013,05:45,5,2,3
31/12/2013,06:00,5,2,3
31/12/2013,06:15,5,1,4
31/12/2013,06:30,4,1,3
31/12/2013,06:45,5,2,3
31/12/2013,07:00,5,1,4
31/12/2013,07:15,6,1,5
31/12/2013,07:30,15,5,10
31/12/2013,07:45,13,6,7
31/12/2013,08:00,12,5,7
31/12/2013,08:15,11,7,4
31/12/2013,08:30,12,6,6
31/12/2013,08:45,14,6,8
31/12/2013,09:00,10,6,4
31/12/2013,09:15,7,2,5
31/12/2013,09:30,9,3,6
31/12/2013,09:45,13,6,7
31/12/2013,10:00,7,5,2
31/12/2013,10:15,7,3,4
31/12/2013,10:30,7,2,5
31/12/2013,10:45,4,1,3
31/12/2013,11:00,7,5,2
31/12/2013,11:15,5,2,3
31/12/2013,11:30,8,5,3
31/12/2013,11:45,13,7,6
31/12/2013,12:00,7,4,3
31/12/2013,12:15,12,3,9
31/12/2013,12:30,23,7,16
31/12/2013,12:45,14,5,9
31/12/2013,13:00,15,5,10
31/12/2013,13:15,11,5,6
31/12/2013,13:30,12,5,7
31/12/2013,13:45,23,8,15
31/12/2013,14:00,11,8,3
31/12/2013,14:15,24,13,11
31/12/2013,14:30,20,8,12
31/12/2013,14:45,13,5,8
31/12/2013,15:00,17,6,11
31/12/2013,15:15,10,5,5
31/12/2013,15:30,17,5,12
31/12/2013,15:45,11,3,8
31/12/2013,16:00,28,10,18
31/12/2013,16:15,17,7,10
31/12/2013,16:30,9,3,6
31/12/2013,16:45,10,2,8
31/12/2013,17:00,8,4,4
31/12/2013,17:15,14,4,10
31/12/2013,17:30,5,2,3
31/12/2013,17:45,5,2,3
31/12/2013,18:00,8,3,5
31/12/2013,18:15,2,1,1
31/12/2013,18:30,2,1,1
31/12/2013,18:45,2,0,2
31/12/2013,19:00,2,2,0
31/12/2013,19:15,5,4,1
31/12/2013,19:30,2,1,1
31/12/2013,19:45,0,0,0
31/12/2013,20:00,0,0,0
31/12/2013,20:15,4,2,2
31/12/2013,20:30,0,0,0
31/12/2013,20:45,0,0,0
31/12/2013,21:00,1,0,1
31/12/2013,21:15,1,0,1
31/12/2013,21:30,0,0,0
31/12/2013,21:45,0,0,0
31/12/2013,22:00,1,0,1
31/12/2013,22:15,3,1,2
31/12/2013,22:30,2,0,2
31/12/2013,22:45,0,0,0
31/12/2013,23:00,0,0,0
31/12/2013,23:15,0,0,0
31/12/2013,23:30,0,0,0
31/12/2013,23:45,1,0,1
